@relation unknow
@attribute sp11 integer [0, 255]
@attribute sp12 integer [0, 255]
@attribute sp13 integer [0, 255]
@attribute sp14 integer [0, 255]
@attribute sp15 integer [0, 255]
@attribute sp16 integer [0, 255]
@attribute sp17 integer [0, 255]
@attribute sp18 integer [0, 255]
@attribute sp19 integer [0, 255]
@attribute sp21 integer [0, 255]
@attribute sp22 integer [0, 255]
@attribute sp23 integer [0, 255]
@attribute sp24 integer [0, 255]
@attribute sp25 integer [0, 255]
@attribute sp26 integer [0, 255]
@attribute sp27 integer [0, 255]
@attribute sp28 integer [0, 255]
@attribute sp29 integer [0, 255]
@attribute sp31 integer [0, 255]
@attribute sp32 integer [0, 255]
@attribute sp33 integer [0, 255]
@attribute sp34 integer [0, 255]
@attribute sp35 integer [0, 255]
@attribute sp36 integer [0, 255]
@attribute sp37 integer [0, 255]
@attribute sp38 integer [0, 255]
@attribute sp39 integer [0, 255]
@attribute sp41 integer [0, 255]
@attribute sp42 integer [0, 255]
@attribute sp43 integer [0, 255]
@attribute sp44 integer [0, 255]
@attribute sp45 integer [0, 255]
@attribute sp46 integer [0, 255]
@attribute sp47 integer [0, 255]
@attribute sp48 integer [0, 255]
@attribute sp49 integer [0, 255]
@attribute class {1, 2, 3, 4, 5, 6, 7}
@inputs sp11, sp12, sp13, sp14, sp15, sp16, sp17, sp18, sp19, sp21, sp22, sp23, sp24, sp25, sp26, sp27, sp28, sp29, sp31, sp32, sp33, sp34, sp35, sp36, sp37, sp38, sp39, sp41, sp42, sp43, sp44, sp45, sp46, sp47, sp48, sp49
@outputs class
@data
76, 89, 98, 76, 76, 94, 98, 76, 76, 98, 102, 72, 80, 95, 104, 74, 76, 91, 104, 74, 76, 95, 100, 78, 75, 91, 96, 75, 75, 91, 96, 71, 79, 87, 93, 71, 4
72, 89, 94, 76, 72, 89, 98, 76, 76, 94, 98, 76, 76, 87, 91, 67, 71, 87, 87, 70, 71, 83, 87, 67, 75, 87, 93, 67, 71, 87, 89, 67, 71, 79, 81, 62, 4
76, 94, 98, 76, 72, 85, 90, 72, 68, 85, 94, 72, 71, 83, 87, 67, 68, 83, 87, 67, 68, 83, 87, 67, 71, 79, 81, 62, 71, 79, 85, 62, 67, 75, 85, 62, 4
68, 85, 86, 68, 68, 89, 86, 72, 68, 85, 90, 76, 71, 83, 87, 67, 68, 83, 87, 67, 68, 83, 87, 67, 71, 79, 85, 62, 71, 75, 81, 67, 71, 75, 81, 62, 4
84, 102, 111, 87, 84, 106, 111, 87, 88, 111, 115, 91, 92, 112, 118, 92, 92, 112, 118, 92, 92, 107, 113, 92, 93, 107, 109, 87, 88, 107, 109, 92, 88, 107, 109, 87, 3
88, 98, 106, 83, 84, 102, 106, 83, 88, 111, 111, 87, 84, 103, 108, 81, 88, 99, 104, 85, 84, 103, 108, 85, 84, 99, 104, 87, 79, 99, 100, 79, 88, 95, 100, 79, 3
84, 102, 106, 83, 88, 111, 111, 87, 88, 111, 106, 87, 88, 99, 104, 85, 84, 103, 108, 85, 88, 95, 104, 81, 79, 99, 100, 79, 88, 95, 100, 79, 88, 95, 100, 83, 3
57, 55, 78, 72, 53, 49, 71, 65, 57, 49, 74, 65, 53, 54, 75, 70, 53, 54, 71, 63, 56, 54, 71, 63, 55, 54, 85, 67, 55, 51, 74, 67, 55, 48, 70, 62, 5
88, 107, 118, 88, 88, 107, 118, 88, 88, 103, 108, 85, 88, 107, 109, 87, 88, 103, 109, 87, 93, 103, 109, 87, 90, 109, 108, 89, 86, 104, 112, 85, 86, 104, 104, 81, 3
88, 103, 108, 85, 88, 103, 113, 92, 88, 107, 113, 88, 93, 103, 109, 87, 88, 107, 109, 87, 88, 111, 113, 92, 86, 104, 104, 81, 86, 96, 104, 81, 86, 104, 108, 85, 3
71, 79, 87, 70, 71, 79, 79, 67, 71, 79, 83, 67, 71, 75, 85, 67, 71, 79, 77, 67, 71, 75, 81, 67, 78, 83, 84, 70, 74, 75, 88, 66, 70, 79, 88, 66, 7
79, 103, 104, 79, 79, 95, 100, 79, 79, 95, 96, 75, 82, 100, 108, 85, 78, 96, 96, 78, 78, 91, 92, 70, 79, 95, 101, 79, 83, 95, 93, 75, 83, 91, 97, 72, 4
75, 95, 100, 79, 75, 91, 96, 75, 75, 91, 96, 71, 78, 91, 96, 74, 74, 87, 92, 70, 74, 87, 88, 70, 79, 91, 93, 72, 79, 91, 90, 68, 79, 88, 93, 68, 4
93, 111, 113, 92, 93, 116, 118, 92, 88, 111, 118, 92, 90, 109, 112, 89, 90, 109, 112, 89, 90, 104, 117, 92, 92, 108, 110, 90, 87, 108, 110, 90, 92, 108, 110, 86, 3
88, 107, 113, 87, 88, 107, 113, 87, 88, 107, 109, 83, 90, 109, 112, 92, 86, 109, 108, 89, 86, 109, 112, 89, 92, 108, 110, 90, 92, 108, 110, 90, 87, 108, 110, 86, 3
88, 103, 113, 83, 84, 103, 104, 83, 84, 99, 109, 83, 82, 100, 104, 81, 82, 100, 104, 81, 86, 100, 104, 81, 79, 95, 105, 79, 83, 99, 105, 83, 87, 99, 105, 83, 3
84, 99, 104, 83, 84, 99, 104, 83, 79, 95, 100, 75, 82, 100, 104, 85, 86, 100, 108, 85, 86, 100, 112, 85, 87, 99, 105, 83, 83, 103, 105, 86, 83, 103, 105, 79, 3
59, 61, 77, 71, 55, 54, 85, 67, 55, 51, 74, 67, 66, 63, 76, 66, 59, 60, 73, 63, 59, 56, 76, 66, 67, 73, 75, 60, 63, 66, 68, 57, 63, 63, 72, 60, 5
78, 91, 92, 70, 74, 91, 92, 70, 78, 91, 96, 74, 83, 91, 97, 72, 83, 91, 97, 72, 79, 91, 93, 72, 82, 92, 93, 76, 78, 92, 93, 73, 74, 92, 93, 69, 4
70, 83, 92, 66, 70, 83, 88, 70, 70, 83, 84, 66, 75, 91, 97, 75, 75, 88, 93, 72, 67, 81, 86, 64, 74, 88, 93, 76, 67, 75, 93, 80, 57, 63, 97, 90, 4
90, 104, 112, 85, 86, 104, 108, 85, 86, 104, 108, 85, 87, 103, 105, 86, 87, 95, 105, 83, 83, 99, 110, 83, 82, 102, 110, 83, 85, 102, 110, 83, 85, 97, 105, 83, 3
82, 96, 100, 81, 82, 100, 108, 81, 82, 96, 104, 78, 87, 95, 97, 83, 83, 99, 101, 79, 83, 99, 105, 79, 85, 111, 114, 87, 89, 106, 114, 87, 89, 106, 105, 87, 3
79, 91, 90, 68, 79, 88, 93, 68, 79, 91, 93, 72, 78, 88, 97, 73, 82, 88, 97, 73, 78, 92, 97, 73, 80, 94, 94, 72, 80, 94, 94, 72, 80, 89, 90, 68, 4
79, 95, 105, 79, 83, 99, 105, 83, 87, 99, 105, 83, 85, 102, 101, 80, 85, 97, 101, 83, 85, 102, 110, 83, 88, 106, 115, 87, 84, 111, 115, 87, 84, 102, 115, 91, 3
83, 103, 105, 83, 87, 103, 105, 83, 79, 88, 97, 72, 82, 106, 105, 87, 82, 97, 105, 87, 82, 97, 105, 80, 80, 98, 102, 83, 80, 98, 98, 79, 76, 94, 94, 76, 3
97, 120, 119, 101, 97, 115, 119, 97, 89, 120, 124, 97, 97, 131, 136, 105, 92, 120, 125, 98, 88, 120, 125, 98, 92, 126, 139, 107, 88, 126, 139, 103, 88, 121, 133, 103, 3
82, 102, 101, 80, 78, 102, 105, 80, 78, 97, 101, 80, 80, 98, 98, 79, 80, 98, 102, 76, 84, 94, 98, 76, 80, 95, 100, 78, 80, 99, 100, 74, 84, 95, 100, 78, 3
44, 34, 119, 133, 44, 37, 119, 136, 44, 34, 124, 136, 44, 31, 125, 135, 47, 31, 131, 139, 41, 31, 131, 135, 43, 31, 128, 135, 46, 34, 133, 132, 43, 31, 128, 135, 2
89, 106, 110, 87, 89, 106, 114, 90, 89, 102, 114, 90, 88, 115, 115, 91, 92, 115, 120, 94, 88, 111, 111, 91, 88, 107, 108, 88, 88, 107, 113, 92, 92, 112, 122, 92, 3
82, 102, 105, 83, 82, 102, 114, 87, 89, 106, 114, 87, 88, 102, 111, 83, 84, 102, 106, 83, 88, 102, 115, 87, 88, 99, 108, 85, 84, 103, 108, 85, 88, 103, 113, 85, 3
82, 102, 114, 87, 89, 106, 114, 87, 89, 106, 114, 83, 84, 102, 106, 83, 88, 102, 115, 87, 84, 102, 102, 83, 84, 103, 108, 85, 88, 103, 113, 85, 84, 99, 104, 81, 3
80, 94, 94, 72, 80, 89, 94, 72, 80, 89, 98, 72, 80, 99, 100, 74, 80, 95, 100, 74, 84, 95, 100, 74, 84, 91, 100, 75, 84, 95, 100, 79, 79, 95, 100, 75, 4
80, 94, 94, 72, 80, 94, 94, 72, 80, 89, 90, 68, 80, 91, 91, 70, 71, 91, 96, 74, 76, 91, 96, 70, 71, 83, 96, 75, 67, 72, 96, 83, 59, 58, 104, 100, 4
88, 111, 115, 87, 88, 106, 111, 87, 88, 111, 111, 87, 88, 107, 113, 85, 84, 103, 108, 85, 84, 107, 113, 88, 84, 103, 104, 83, 84, 103, 104, 83, 88, 107, 113, 87, 3
88, 111, 111, 87, 88, 102, 111, 83, 84, 102, 106, 83, 88, 103, 118, 85, 88, 99, 108, 85, 84, 103, 108, 85, 88, 107, 109, 87, 88, 103, 113, 87, 88, 103, 109, 87, 3
80, 98, 98, 79, 76, 94, 94, 76, 76, 89, 86, 72, 68, 79, 83, 67, 71, 75, 87, 67, 71, 75, 79, 63, 75, 79, 85, 71, 71, 79, 85, 67, 75, 79, 81, 67, 7
88, 121, 133, 103, 92, 121, 128, 103, 88, 121, 128, 99, 88, 121, 128, 104, 93, 116, 123, 96, 88, 111, 118, 92, 90, 123, 127, 103, 90, 118, 122, 96, 90, 109, 117, 89, 3
80, 95, 100, 78, 80, 99, 100, 74, 84, 95, 100, 78, 84, 95, 104, 79, 84, 99, 100, 75, 79, 99, 100, 75, 82, 100, 100, 81, 82, 100, 96, 78, 78, 96, 100, 81, 3
88, 107, 108, 88, 88, 107, 113, 85, 88, 107, 113, 88, 88, 107, 113, 87, 88, 107, 109, 87, 88, 107, 109, 87, 82, 96, 104, 81, 90, 104, 108, 85, 86, 104, 108, 85, 3
88, 107, 113, 88, 88, 107, 108, 88, 88, 107, 113, 92, 84, 107, 109, 92, 88, 107, 109, 87, 84, 107, 109, 92, 86, 104, 108, 89, 86, 109, 112, 89, 82, 104, 112, 89, 3
84, 103, 108, 85, 88, 103, 113, 85, 84, 99, 104, 81, 88, 103, 109, 87, 84, 99, 104, 79, 79, 91, 93, 71, 70, 79, 84, 66, 70, 75, 76, 63, 70, 79, 80, 66, 3
88, 111, 118, 92, 88, 111, 113, 92, 88, 103, 109, 87, 90, 109, 117, 89, 86, 109, 112, 92, 90, 113, 122, 92, 92, 112, 119, 90, 92, 112, 114, 94, 92, 112, 119, 94, 3
51, 45, 113, 104, 44, 37, 128, 137, 41, 32, 139, 150, 46, 32, 122, 136, 52, 40, 112, 114, 52, 37, 117, 122, 42, 34, 124, 135, 46, 37, 119, 131, 52, 45, 110, 109, 2
59, 58, 104, 92, 79, 91, 100, 79, 88, 107, 109, 87, 49, 37, 117, 125, 49, 43, 117, 111, 66, 71, 100, 85, 46, 37, 119, 127, 46, 37, 119, 124, 52, 51, 110, 98, 2
88, 111, 109, 92, 84, 111, 113, 92, 84, 107, 118, 92, 90, 109, 117, 85, 90, 109, 117, 92, 90, 113, 112, 96, 92, 117, 124, 98, 92, 117, 119, 94, 92, 108, 114, 94, 3
84, 99, 104, 79, 79, 91, 93, 71, 71, 79, 77, 62, 70, 75, 76, 63, 70, 79, 80, 66, 66, 75, 80, 66, 67, 70, 72, 60, 67, 73, 75, 60, 71, 73, 75, 60, 7
71, 79, 77, 62, 75, 83, 85, 67, 75, 79, 89, 71, 66, 75, 80, 66, 66, 71, 80, 63, 70, 79, 84, 66, 71, 73, 75, 60, 71, 73, 79, 64, 67, 73, 72, 60, 7
86, 109, 112, 92, 90, 113, 122, 92, 90, 109, 112, 92, 92, 112, 114, 94, 92, 112, 119, 94, 92, 117, 119, 98, 89, 115, 119, 90, 89, 115, 114, 94, 93, 115, 124, 97, 3
78, 96, 100, 81, 82, 96, 96, 78, 82, 91, 100, 74, 79, 91, 105, 79, 71, 73, 101, 90, 63, 57, 105, 101, 53, 49, 114, 108, 47, 37, 119, 126, 44, 31, 124, 133, 2
66, 63, 100, 92, 56, 53, 108, 107, 49, 37, 122, 125, 49, 37, 130, 131, 46, 34, 130, 135, 42, 32, 130, 135, 44, 34, 129, 143, 44, 31, 129, 140, 44, 34, 124, 133, 2
70, 79, 84, 66, 70, 75, 76, 63, 70, 79, 80, 66, 63, 66, 72, 60, 67, 70, 72, 60, 67, 73, 75, 60, 63, 67, 70, 55, 67, 71, 70, 58, 67, 75, 82, 69, 7
92, 112, 114, 94, 92, 112, 119, 94, 92, 117, 119, 98, 89, 115, 119, 90, 89, 115, 114, 94, 93, 115, 124, 97, 88, 102, 111, 87, 84, 106, 111, 91, 88, 111, 115, 91, 3
46, 32, 124, 139, 42, 34, 124, 135, 46, 37, 119, 131, 44, 34, 119, 136, 44, 34, 129, 136, 44, 31, 124, 136, 47, 31, 125, 135, 44, 31, 125, 135, 44, 31, 125, 135, 2
46, 37, 119, 131, 52, 45, 110, 109, 46, 40, 119, 139, 44, 31, 124, 136, 44, 37, 119, 126, 50, 43, 110, 115, 44, 31, 125, 135, 44, 31, 120, 131, 50, 40, 115, 113, 2
87, 108, 110, 86, 87, 112, 114, 90, 83, 103, 105, 83, 89, 106, 110, 87, 89, 106, 114, 90, 89, 106, 114, 87, 97, 111, 120, 91, 92, 111, 111, 87, 88, 111, 115, 87, 3
67, 73, 79, 60, 63, 66, 72, 60, 67, 70, 72, 60, 67, 71, 74, 58, 63, 67, 70, 55, 67, 71, 70, 58, 64, 69, 74, 61, 64, 66, 67, 54, 64, 69, 74, 61, 7
71, 88, 93, 72, 75, 84, 90, 68, 67, 73, 75, 60, 67, 79, 82, 65, 67, 79, 78, 65, 67, 75, 74, 62, 72, 77, 78, 61, 68, 69, 71, 57, 64, 69, 74, 57, 7
67, 73, 75, 60, 63, 66, 72, 57, 63, 70, 72, 60, 67, 75, 74, 62, 67, 67, 70, 55, 60, 63, 70, 58, 64, 69, 74, 57, 68, 69, 74, 57, 64, 66, 67, 54, 7
93, 115, 119, 94, 97, 111, 119, 94, 93, 106, 114, 90, 92, 111, 115, 91, 88, 111, 111, 87, 92, 106, 115, 91, 92, 112, 118, 88, 88, 107, 113, 88, 88, 103, 108, 85, 3
44, 34, 129, 140, 44, 31, 124, 140, 44, 34, 119, 136, 47, 34, 136, 139, 47, 31, 125, 139, 47, 31, 125, 135, 46, 31, 133, 150, 46, 31, 139, 143, 50, 31, 133, 135, 2
97, 115, 120, 94, 92, 115, 115, 94, 88, 111, 115, 91, 88, 107, 113, 88, 88, 107, 113, 88, 84, 107, 113, 88, 88, 111, 113, 92, 88, 111, 113, 92, 84, 111, 113, 92, 3
44, 31, 131, 142, 44, 29, 136, 146, 44, 31, 136, 142, 50, 36, 118, 128, 43, 31, 139, 143, 46, 29, 133, 139, 51, 45, 104, 100, 48, 37, 123, 129, 44, 32, 128, 137, 2
88, 106, 111, 87, 88, 106, 111, 87, 88, 102, 106, 87, 84, 103, 113, 88, 88, 107, 118, 88, 88, 107, 108, 88, 88, 107, 109, 87, 88, 111, 109, 92, 88, 107, 113, 87, 3
88, 111, 115, 87, 88, 111, 115, 87, 88, 111, 115, 87, 88, 112, 118, 88, 88, 107, 113, 85, 88, 107, 113, 88, 93, 111, 118, 92, 88, 111, 118, 92, 88, 107, 113, 92, 3
64, 66, 67, 54, 64, 62, 71, 50, 60, 62, 67, 50, 60, 57, 67, 49, 56, 54, 67, 49, 56, 54, 67, 52, 59, 51, 67, 50, 55, 54, 67, 50, 55, 54, 60, 46, 5
64, 69, 74, 61, 64, 66, 67, 54, 64, 69, 74, 61, 60, 64, 75, 63, 64, 68, 79, 59, 64, 68, 71, 56, 55, 58, 70, 54, 63, 68, 77, 62, 67, 72, 74, 58, 7
64, 69, 74, 61, 68, 81, 86, 72, 72, 81, 90, 76, 64, 68, 71, 56, 64, 71, 75, 63, 68, 79, 79, 67, 67, 72, 74, 58, 63, 68, 70, 58, 67, 75, 74, 62, 7
72, 81, 86, 68, 64, 73, 74, 61, 64, 69, 71, 61, 71, 79, 79, 63, 71, 79, 79, 67, 68, 83, 83, 67, 71, 79, 85, 67, 71, 87, 96, 75, 75, 91, 96, 79, 7
88, 103, 108, 85, 84, 95, 100, 85, 80, 95, 100, 74, 88, 95, 104, 83, 84, 99, 100, 79, 84, 95, 96, 79, 82, 96, 104, 78, 82, 96, 104, 81, 82, 96, 100, 81, 4
46, 31, 128, 135, 46, 31, 128, 135, 46, 31, 133, 143, 44, 37, 134, 137, 44, 32, 139, 141, 44, 34, 139, 146, 63, 56, 108, 103, 46, 34, 127, 144, 43, 32, 133, 144, 2
50, 34, 118, 125, 50, 36, 118, 128, 53, 51, 113, 103, 48, 37, 118, 125, 48, 34, 123, 125, 48, 37, 118, 121, 52, 34, 117, 122, 49, 34, 122, 118, 49, 34, 117, 122, 2
88, 107, 113, 85, 88, 107, 113, 88, 92, 103, 113, 88, 88, 111, 118, 92, 88, 107, 113, 92, 93, 111, 118, 87, 90, 113, 117, 96, 90, 113, 122, 96, 90, 113, 112, 92, 3
71, 79, 87, 70, 71, 83, 87, 70, 68, 75, 79, 67, 71, 79, 85, 67, 71, 75, 85, 67, 71, 75, 74, 62, 70, 71, 73, 63, 63, 67, 69, 59, 59, 63, 66, 55, 7
71, 83, 87, 70, 68, 75, 79, 67, 71, 75, 79, 63, 71, 75, 85, 67, 71, 75, 74, 62, 67, 72, 70, 58, 63, 67, 69, 59, 59, 63, 66, 55, 59, 63, 73, 59, 7
64, 71, 79, 59, 68, 71, 71, 59, 64, 68, 71, 59, 67, 72, 74, 62, 71, 75, 77, 67, 71, 75, 74, 62, 66, 71, 73, 59, 63, 67, 66, 55, 63, 75, 80, 63, 7
55, 51, 113, 108, 44, 37, 134, 137, 44, 32, 139, 141, 78, 83, 96, 74, 63, 56, 108, 103, 46, 34, 127, 144, 79, 95, 93, 75, 71, 77, 93, 79, 56, 42, 114, 120, 2
48, 34, 123, 125, 48, 37, 118, 125, 48, 34, 123, 125, 49, 34, 112, 118, 52, 34, 117, 122, 49, 34, 122, 118, 49, 37, 110, 116, 49, 37, 110, 116, 46, 37, 114, 116, 2
75, 91, 96, 79, 75, 83, 89, 71, 71, 79, 85, 67, 70, 79, 84, 70, 70, 79, 84, 66, 70, 71, 73, 63, 67, 73, 79, 64, 63, 66, 75, 60, 63, 63, 72, 57, 7
95, 113, 117, 96, 86, 104, 108, 89, 82, 96, 104, 78, 92, 99, 105, 86, 83, 99, 101, 75, 79, 91, 97, 75, 82, 88, 89, 73, 78, 92, 93, 80, 78, 92, 101, 76, 3
46, 34, 112, 111, 49, 34, 112, 111, 46, 37, 117, 114, 49, 37, 114, 116, 52, 40, 110, 113, 49, 37, 105, 113, 47, 37, 114, 119, 44, 34, 110, 119, 44, 37, 105, 111, 2
52, 34, 117, 122, 49, 34, 122, 118, 49, 34, 117, 122, 49, 37, 110, 116, 46, 37, 114, 116, 46, 37, 114, 116, 47, 40, 110, 111, 50, 40, 105, 115, 53, 46, 110, 111, 2
90, 104, 112, 89, 86, 104, 112, 85, 90, 109, 117, 89, 92, 108, 110, 90, 96, 108, 114, 94, 96, 112, 114, 90, 93, 111, 114, 90, 97, 115, 114, 94, 97, 111, 114, 94, 3
90, 109, 117, 89, 90, 113, 112, 92, 90, 113, 112, 92, 96, 112, 114, 90, 96, 112, 119, 90, 92, 108, 119, 90, 97, 111, 114, 94, 93, 115, 114, 94, 93, 115, 119, 94, 3
74, 87, 92, 74, 74, 79, 84, 66, 70, 79, 80, 63, 67, 77, 86, 68, 67, 77, 75, 64, 67, 70, 68, 57, 60, 67, 67, 55, 57, 63, 63, 51, 53, 60, 63, 48, 5
59, 63, 73, 59, 63, 67, 73, 55, 63, 67, 69, 55, 63, 63, 72, 57, 63, 63, 68, 53, 59, 60, 65, 53, 53, 53, 85, 76, 60, 60, 74, 55, 57, 60, 70, 58, 7
63, 67, 73, 55, 63, 67, 69, 55, 66, 75, 76, 63, 63, 63, 68, 53, 59, 60, 65, 53, 59, 66, 72, 57, 60, 60, 74, 55, 57, 60, 70, 58, 63, 67, 74, 58, 7
52, 40, 110, 113, 49, 37, 105, 113, 49, 37, 110, 116, 44, 34, 110, 119, 44, 37, 105, 111, 47, 40, 110, 111, 47, 37, 111, 105, 50, 40, 106, 105, 53, 43, 106, 102, 2
46, 37, 110, 113, 52, 45, 110, 109, 67, 70, 101, 83, 60, 63, 97, 94, 70, 79, 97, 80, 78, 92, 97, 76, 68, 77, 78, 61, 68, 77, 82, 61, 68, 81, 90, 68, 2
92, 112, 114, 90, 92, 108, 114, 90, 92, 108, 119, 90, 89, 106, 114, 87, 85, 106, 110, 83, 85, 97, 105, 76, 88, 98, 106, 79, 84, 98, 98, 79, 80, 89, 94, 76, 3
59, 66, 72, 57, 63, 73, 75, 64, 67, 70, 72, 60, 63, 67, 74, 58, 67, 71, 78, 62, 67, 75, 78, 65, 57, 59, 78, 61, 60, 62, 82, 65, 60, 62, 78, 68, 7
97, 115, 124, 94, 97, 115, 119, 94, 93, 115, 114, 90, 92, 115, 120, 94, 88, 106, 111, 87, 84, 94, 102, 76, 84, 95, 96, 78, 80, 91, 96, 78, 76, 87, 96, 74, 3
44, 34, 124, 136, 44, 34, 124, 136, 44, 34, 124, 136, 44, 31, 125, 139, 44, 31, 125, 139, 47, 34, 125, 135, 43, 31, 128, 135, 43, 29, 128, 132, 46, 31, 118, 125, 2
47, 31, 131, 142, 44, 31, 131, 142, 47, 31, 131, 139, 50, 39, 118, 132, 43, 29, 133, 143, 46, 31, 133, 139, 63, 58, 104, 100, 48, 34, 128, 137, 44, 32, 128, 141, 2
47, 34, 131, 139, 44, 31, 136, 139, 44, 31, 125, 139, 46, 31, 133, 143, 46, 31, 133, 139, 43, 31, 128, 135, 44, 32, 128, 133, 48, 32, 123, 129, 44, 34, 123, 129, 2
72, 81, 90, 65, 72, 81, 94, 65, 64, 69, 71, 57, 71, 83, 87, 70, 71, 79, 83, 67, 68, 75, 79, 63, 75, 87, 89, 71, 75, 87, 85, 71, 71, 83, 89, 75, 7
43, 29, 133, 135, 46, 31, 122, 125, 50, 34, 113, 114, 55, 37, 113, 116, 51, 40, 104, 100, 59, 51, 100, 83, 56, 49, 108, 100, 63, 56, 88, 74, 66, 63, 88, 70, 2
50, 34, 113, 114, 50, 39, 104, 103, 56, 51, 100, 92, 59, 51, 100, 83, 63, 64, 85, 67, 67, 75, 81, 62, 66, 63, 88, 70, 66, 71, 80, 59, 70, 71, 80, 59, 2
48, 29, 118, 129, 48, 37, 118, 116, 51, 42, 109, 104, 43, 32, 122, 133, 43, 32, 122, 129, 49, 34, 122, 129, 52, 37, 114, 124, 52, 48, 105, 105, 59, 60, 97, 83, 2
71, 83, 89, 75, 71, 79, 89, 75, 63, 64, 85, 75, 74, 83, 88, 70, 74, 83, 88, 74, 74, 83, 88, 74, 75, 84, 93, 75, 75, 84, 90, 72, 71, 81, 93, 75, 7
66, 71, 73, 55, 66, 75, 76, 63, 66, 79, 84, 63, 67, 73, 79, 57, 67, 77, 82, 60, 67, 73, 86, 64, 63, 71, 78, 58, 67, 71, 78, 62, 67, 75, 78, 62, 7
74, 83, 88, 74, 66, 71, 88, 70, 59, 60, 84, 70, 71, 81, 93, 75, 71, 77, 93, 75, 63, 63, 79, 72, 74, 84, 85, 73, 70, 84, 89, 73, 67, 67, 85, 73, 7
43, 29, 117, 133, 49, 40, 96, 89, 52, 46, 80, 63, 42, 28, 119, 127, 46, 32, 105, 113, 49, 45, 82, 72, 47, 37, 101, 101, 50, 37, 101, 104, 47, 40, 93, 94, 2
49, 40, 96, 89, 52, 46, 80, 63, 52, 46, 76, 66, 46, 32, 105, 113, 49, 45, 82, 72, 52, 42, 79, 72, 50, 37, 101, 104, 47, 40, 93, 94, 50, 40, 82, 80, 5
67, 77, 82, 60, 67, 73, 86, 64, 71, 77, 90, 64, 67, 71, 78, 62, 67, 75, 78, 62, 70, 79, 78, 58, 64, 73, 74, 57, 68, 73, 78, 57, 68, 77, 78, 61, 7
49, 45, 82, 72, 52, 42, 79, 72, 52, 42, 82, 72, 47, 40, 93, 94, 50, 40, 82, 80, 44, 34, 82, 83, 47, 31, 106, 105, 47, 37, 94, 87, 44, 34, 90, 87, 2
47, 37, 119, 133, 53, 43, 114, 119, 53, 56, 101, 97, 60, 69, 102, 87, 68, 73, 78, 65, 64, 73, 74, 54, 68, 71, 79, 59, 64, 71, 75, 56, 64, 71, 75, 59, 7
63, 67, 70, 55, 63, 71, 74, 55, 63, 67, 74, 55, 68, 69, 78, 54, 68, 69, 71, 57, 68, 73, 71, 57, 68, 71, 75, 59, 64, 75, 75, 56, 68, 71, 71, 56, 7
70, 79, 78, 58, 74, 79, 82, 65, 70, 79, 82, 62, 68, 77, 78, 61, 68, 77, 74, 61, 68, 73, 78, 61, 68, 71, 75, 56, 68, 71, 67, 56, 68, 71, 71, 59, 7
53, 49, 78, 73, 50, 49, 89, 87, 47, 37, 105, 115, 41, 31, 98, 113, 44, 37, 102, 102, 50, 46, 102, 102, 40, 29, 108, 121, 43, 31, 104, 117, 50, 42, 96, 96, 2
92, 111, 115, 91, 97, 115, 115, 91, 101, 115, 120, 94, 92, 107, 113, 88, 92, 107, 118, 92, 97, 112, 122, 88, 93, 111, 109, 87, 97, 111, 109, 87, 97, 111, 113, 87, 3
68, 73, 74, 57, 64, 73, 74, 57, 68, 73, 78, 57, 64, 75, 71, 56, 64, 71, 71, 59, 71, 75, 75, 59, 67, 68, 74, 54, 67, 72, 74, 58, 67, 72, 70, 58, 7
44, 37, 115, 120, 47, 37, 106, 113, 47, 37, 106, 109, 43, 31, 104, 107, 40, 31, 104, 110, 40, 31, 104, 107, 48, 29, 100, 100, 44, 29, 100, 100, 44, 32, 104, 104, 2
68, 71, 71, 59, 68, 75, 71, 56, 68, 71, 75, 56, 67, 72, 74, 58, 71, 72, 74, 58, 67, 75, 77, 58, 70, 71, 73, 55, 66, 71, 73, 59, 70, 75, 80, 59, 7
71, 75, 87, 74, 64, 71, 87, 78, 64, 64, 87, 78, 71, 75, 93, 79, 67, 68, 93, 79, 67, 68, 89, 79, 78, 91, 96, 78, 78, 83, 88, 74, 70, 79, 96, 78, 5
68, 71, 87, 74, 68, 75, 87, 74, 68, 75, 83, 67, 67, 72, 85, 71, 67, 72, 81, 67, 67, 72, 81, 67, 66, 71, 92, 74, 66, 75, 84, 70, 66, 71, 84, 70, 5
68, 71, 83, 70, 71, 75, 87, 88, 71, 75, 83, 70, 71, 72, 77, 67, 67, 68, 81, 67, 67, 72, 85, 67, 66, 71, 80, 66, 66, 71, 80, 66, 63, 71, 73, 66, 5
71, 75, 87, 88, 71, 75, 83, 70, 68, 75, 83, 67, 67, 68, 81, 67, 67, 72, 85, 67, 67, 75, 81, 67, 66, 71, 80, 66, 63, 71, 73, 66, 66, 71, 80, 66, 5
50, 42, 96, 96, 50, 48, 96, 96, 46, 36, 104, 107, 44, 32, 104, 116, 51, 40, 96, 96, 44, 34, 100, 100, 40, 29, 112, 122, 43, 27, 108, 125, 46, 29, 108, 122, 2
43, 31, 104, 114, 43, 29, 113, 114, 43, 29, 108, 114, 44, 34, 104, 104, 44, 32, 109, 104, 41, 32, 109, 112, 43, 29, 104, 107, 43, 32, 100, 107, 43, 32, 100, 103, 2
67, 72, 70, 58, 67, 72, 70, 54, 67, 72, 70, 58, 66, 71, 73, 55, 66, 71, 69, 55, 66, 71, 73, 55, 63, 70, 68, 57, 63, 70, 72, 57, 67, 77, 72, 60, 7
67, 72, 81, 67, 71, 72, 77, 67, 67, 68, 81, 67, 66, 71, 84, 70, 66, 71, 80, 66, 66, 71, 80, 66, 63, 70, 86, 75, 63, 70, 82, 72, 63, 66, 82, 68, 5
71, 75, 85, 71, 63, 54, 100, 92, 48, 37, 100, 104, 66, 79, 80, 63, 70, 79, 92, 70, 74, 87, 96, 78, 71, 73, 75, 60, 71, 77, 79, 64, 75, 81, 86, 72, 4
95, 113, 117, 89, 99, 113, 117, 92, 99, 113, 122, 96, 96, 112, 114, 94, 96, 117, 119, 94, 92, 117, 114, 90, 93, 111, 114, 90, 93, 111, 114, 87, 89, 106, 110, 87, 3
63, 71, 73, 55, 63, 71, 73, 55, 63, 67, 66, 55, 63, 70, 75, 53, 59, 66, 72, 53, 63, 66, 75, 57, 60, 67, 78, 55, 60, 67, 74, 55, 63, 67, 74, 58, 7
66, 71, 73, 55, 66, 71, 69, 55, 66, 71, 73, 55, 67, 73, 72, 57, 63, 70, 72, 57, 63, 70, 68, 57, 67, 79, 78, 58, 67, 71, 74, 58, 67, 75, 78, 62, 7
70, 75, 80, 59, 70, 79, 88, 66, 74, 79, 88, 66, 71, 81, 86, 68, 71, 81, 79, 64, 67, 73, 79, 60, 74, 79, 82, 65, 74, 79, 85, 62, 67, 79, 85, 62, 7
92, 108, 105, 86, 87, 99, 105, 83, 83, 95, 97, 79, 85, 97, 105, 80, 82, 88, 97, 73, 78, 84, 89, 69, 80, 98, 98, 76, 80, 94, 94, 72, 72, 85, 82, 68, 7
63, 77, 75, 60, 71, 84, 86, 64, 71, 81, 79, 68, 63, 75, 78, 58, 67, 75, 82, 65, 70, 84, 82, 62, 64, 73, 78, 57, 64, 69, 74, 57, 68, 73, 74, 57, 7
71, 81, 82, 64, 71, 81, 86, 68, 71, 81, 79, 64, 70, 79, 85, 69, 74, 79, 82, 65, 74, 79, 85, 62, 72, 81, 82, 65, 76, 81, 82, 65, 72, 85, 86, 68, 7
75, 84, 82, 68, 75, 91, 97, 75, 83, 95, 105, 79, 78, 92, 93, 73, 78, 92, 93, 76, 78, 92, 93, 76, 76, 85, 94, 76, 76, 98, 98, 76, 80, 98, 98, 76, 7
67, 73, 90, 75, 67, 73, 90, 75, 63, 70, 86, 75, 67, 75, 89, 76, 67, 75, 89, 80, 67, 79, 93, 76, 72, 85, 94, 83, 80, 94, 102, 83, 80, 94, 102, 83, 5
71, 81, 93, 83, 59, 51, 101, 113, 46, 32, 101, 116, 70, 84, 89, 76, 74, 79, 97, 94, 53, 43, 105, 115, 72, 81, 86, 72, 76, 85, 98, 79, 68, 66, 106, 98, 2
97, 115, 119, 97, 97, 111, 119, 94, 97, 115, 114, 94, 97, 115, 125, 94, 92, 115, 115, 94, 92, 111, 111, 91, 97, 112, 122, 92, 92, 107, 118, 96, 92, 107, 118, 88, 3
97, 115, 114, 94, 93, 106, 114, 90, 93, 111, 114, 90, 92, 111, 111, 91, 92, 111, 115, 91, 88, 106, 111, 91, 92, 107, 118, 88, 92, 112, 113, 92, 92, 107, 118, 88, 3
74, 79, 97, 94, 53, 43, 105, 115, 50, 34, 105, 115, 76, 85, 98, 79, 68, 66, 106, 98, 50, 37, 102, 113, 71, 83, 96, 74, 71, 87, 96, 81, 60, 61, 104, 103, 2
64, 69, 74, 57, 64, 73, 74, 57, 68, 77, 74, 57, 64, 75, 79, 56, 64, 75, 79, 59, 64, 75, 79, 59, 63, 72, 77, 58, 67, 75, 77, 58, 67, 75, 77, 58, 7
64, 69, 74, 57, 68, 73, 74, 57, 64, 73, 74, 57, 64, 71, 71, 56, 68, 71, 71, 59, 68, 71, 75, 56, 67, 75, 74, 58, 63, 72, 74, 58, 63, 68, 70, 54, 7
72, 77, 82, 68, 68, 73, 78, 61, 64, 73, 74, 65, 76, 83, 87, 67, 68, 83, 79, 67, 68, 83, 83, 70, 75, 87, 93, 75, 71, 79, 85, 67, 63, 75, 81, 67, 4
68, 66, 106, 98, 50, 37, 102, 113, 44, 34, 102, 109, 71, 87, 96, 81, 60, 61, 104, 103, 46, 34, 104, 110, 75, 83, 93, 71, 75, 79, 100, 83, 55, 48, 104, 108, 2
47, 34, 102, 113, 50, 34, 106, 113, 47, 37, 106, 116, 43, 31, 108, 121, 50, 45, 100, 99, 64, 68, 91, 78, 44, 29, 113, 129, 48, 37, 109, 112, 63, 64, 93, 75, 2
53, 49, 98, 94, 60, 66, 94, 79, 68, 77, 94, 72, 68, 83, 87, 70, 71, 83, 91, 70, 71, 83, 87, 63, 71, 83, 85, 67, 67, 79, 85, 67, 67, 79, 85, 62, 4
101, 116, 122, 96, 101, 116, 122, 96, 101, 116, 122, 96, 97, 121, 123, 96, 97, 116, 123, 100, 97, 116, 123, 96, 95, 118, 122, 96, 99, 118, 127, 100, 99, 118, 117, 96, 3
92, 112, 113, 92, 92, 107, 118, 88, 88, 103, 104, 85, 88, 107, 109, 83, 84, 99, 109, 79, 79, 95, 100, 79, 86, 104, 112, 85, 86, 104, 104, 85, 86, 104, 104, 81, 4
84, 107, 113, 85, 84, 107, 113, 85, 88, 103, 108, 85, 88, 107, 113, 87, 84, 107, 113, 87, 88, 107, 109, 87, 90, 113, 122, 92, 90, 109, 112, 89, 82, 100, 100, 81, 4
64, 75, 71, 52, 68, 75, 75, 56, 64, 75, 79, 56, 67, 72, 74, 54, 67, 72, 77, 54, 63, 72, 77, 58, 66, 75, 76, 55, 66, 75, 80, 59, 66, 75, 80, 59, 7
71, 83, 87, 63, 71, 83, 83, 70, 71, 83, 83, 67, 71, 79, 85, 67, 71, 83, 85, 67, 75, 83, 89, 67, 70, 79, 80, 63, 66, 79, 88, 63, 70, 83, 88, 66, 7
43, 36, 104, 114, 46, 34, 108, 121, 40, 31, 104, 125, 44, 34, 109, 112, 41, 37, 104, 116, 41, 32, 104, 121, 46, 32, 108, 114, 46, 32, 100, 107, 46, 34, 104, 107, 2
71, 79, 85, 62, 67, 72, 70, 50, 63, 68, 70, 54, 74, 83, 88, 66, 66, 75, 76, 55, 63, 71, 69, 55, 71, 81, 82, 60, 67, 77, 75, 57, 67, 73, 75, 57, 7
63, 68, 70, 54, 67, 72, 74, 54, 67, 72, 77, 54, 63, 71, 69, 55, 66, 75, 76, 55, 66, 75, 80, 59, 67, 73, 75, 57, 67, 73, 79, 57, 67, 73, 79, 60, 7
71, 79, 85, 67, 71, 83, 85, 67, 75, 83, 89, 67, 70, 79, 80, 63, 66, 79, 88, 63, 70, 83, 88, 66, 67, 77, 75, 60, 67, 77, 79, 64, 67, 84, 82, 64, 7
41, 32, 104, 121, 44, 32, 109, 125, 41, 29, 113, 129, 46, 34, 104, 107, 46, 32, 104, 114, 46, 27, 108, 129, 49, 37, 97, 98, 52, 40, 97, 101, 52, 40, 97, 105, 2
86, 104, 104, 85, 86, 104, 104, 81, 86, 100, 108, 85, 83, 103, 105, 86, 87, 103, 105, 83, 87, 103, 105, 83, 85, 106, 110, 87, 89, 106, 105, 87, 85, 106, 114, 87, 4
66, 79, 80, 59, 66, 75, 80, 59, 66, 75, 80, 59, 63, 77, 79, 60, 67, 73, 75, 60, 67, 73, 79, 57, 67, 71, 78, 58, 67, 71, 82, 62, 63, 75, 82, 62, 7
63, 75, 80, 59, 66, 75, 80, 59, 66, 79, 76, 59, 63, 73, 79, 57, 67, 81, 82, 60, 67, 77, 86, 60, 67, 75, 82, 62, 67, 75, 82, 62, 67, 75, 82, 58, 7
66, 79, 76, 59, 66, 79, 80, 63, 66, 75, 76, 59, 67, 77, 86, 60, 67, 73, 82, 60, 63, 73, 75, 60, 67, 75, 82, 58, 70, 79, 74, 58, 63, 75, 74, 55, 7
70, 79, 80, 63, 70, 79, 80, 63, 66, 79, 88, 63, 63, 77, 79, 64, 67, 77, 75, 60, 67, 77, 79, 64, 63, 75, 85, 58, 63, 79, 85, 62, 67, 79, 82, 65, 7
43, 29, 108, 129, 46, 32, 108, 122, 52, 43, 92, 92, 52, 48, 90, 98, 59, 63, 90, 75, 67, 70, 86, 64, 70, 84, 89, 73, 74, 88, 85, 73, 74, 84, 85, 73, 2
96, 117, 130, 98, 96, 117, 114, 94, 96, 112, 114, 90, 89, 102, 101, 83, 82, 88, 89, 73, 70, 84, 85, 65, 68, 77, 74, 57, 64, 73, 78, 54, 64, 73, 78, 61, 3
71, 84, 82, 64, 71, 77, 86, 68, 71, 81, 82, 60, 67, 79, 82, 65, 70, 79, 82, 62, 70, 79, 85, 62, 76, 81, 86, 65, 72, 81, 86, 65, 68, 81, 82, 65, 7
63, 73, 79, 57, 67, 81, 82, 60, 67, 77, 86, 60, 67, 75, 82, 62, 67, 75, 82, 62, 67, 75, 82, 58, 68, 77, 78, 61, 68, 77, 78, 57, 68, 77, 74, 57, 7
67, 73, 82, 60, 63, 73, 75, 60, 67, 73, 72, 57, 70, 79, 74, 58, 63, 75, 74, 55, 63, 71, 70, 55, 68, 73, 78, 54, 68, 73, 74, 54, 64, 69, 74, 57, 7
67, 77, 75, 60, 67, 77, 82, 60, 63, 77, 82, 60, 63, 71, 74, 58, 63, 71, 78, 62, 67, 75, 78, 62, 64, 73, 74, 57, 64, 73, 78, 61, 64, 77, 78, 65, 7
67, 77, 82, 60, 63, 77, 82, 60, 63, 77, 79, 64, 63, 71, 78, 62, 67, 75, 78, 62, 63, 75, 85, 58, 64, 73, 78, 61, 64, 77, 78, 65, 68, 77, 86, 65, 7
75, 70, 101, 94, 56, 42, 97, 113, 46, 34, 93, 105, 74, 84, 97, 76, 70, 67, 101, 94, 53, 43, 97, 101, 72, 89, 94, 76, 72, 85, 90, 76, 64, 73, 86, 72, 2
78, 88, 97, 73, 67, 79, 82, 65, 70, 79, 82, 62, 76, 85, 94, 68, 76, 81, 86, 65, 72, 81, 86, 65, 76, 87, 91, 67, 71, 87, 91, 63, 71, 83, 87, 70, 7
67, 71, 82, 62, 63, 75, 82, 62, 63, 75, 78, 62, 68, 77, 78, 61, 68, 77, 78, 65, 64, 77, 74, 65, 68, 79, 79, 67, 64, 83, 83, 67, 64, 79, 79, 63, 7
74, 84, 97, 76, 70, 67, 101, 94, 53, 43, 97, 101, 72, 89, 94, 76, 72, 85, 90, 76, 64, 73, 86, 72, 68, 79, 79, 63, 68, 75, 75, 63, 68, 83, 87, 70, 4
60, 56, 85, 83, 63, 71, 85, 73, 70, 84, 89, 73, 72, 94, 86, 72, 76, 94, 98, 76, 76, 98, 98, 76, 76, 99, 104, 81, 80, 99, 104, 78, 76, 95, 96, 78, 4
68, 69, 74, 57, 64, 69, 74, 57, 68, 69, 74, 57, 68, 71, 75, 59, 68, 75, 75, 59, 68, 71, 75, 59, 67, 72, 77, 58, 67, 75, 77, 62, 67, 75, 81, 62, 7
84, 107, 108, 88, 84, 103, 108, 85, 84, 99, 108, 85, 84, 103, 104, 83, 84, 103, 104, 83, 88, 99, 104, 83, 82, 96, 108, 81, 82, 100, 104, 81, 82, 100, 104, 81, 4
68, 79, 83, 67, 68, 75, 79, 63, 68, 75, 75, 56, 71, 79, 81, 62, 67, 79, 77, 58, 67, 79, 77, 58, 78, 91, 96, 74, 66, 79, 84, 66, 66, 79, 80, 63, 7
71, 83, 87, 70, 76, 87, 91, 78, 76, 91, 96, 74, 71, 83, 93, 71, 71, 79, 93, 71, 71, 79, 85, 67, 74, 83, 96, 74, 66, 71, 73, 59, 63, 63, 66, 52, 7
71, 87, 96, 74, 71, 87, 91, 70, 71, 91, 87, 70, 75, 91, 93, 71, 75, 87, 93, 71, 75, 91, 89, 71, 74, 91, 92, 78, 74, 87, 96, 74, 74, 83, 96, 74, 4
67, 83, 85, 67, 79, 103, 109, 87, 88, 107, 113, 92, 66, 75, 76, 59, 63, 71, 73, 59, 66, 79, 84, 63, 67, 73, 75, 60, 67, 73, 79, 57, 63, 77, 82, 60, 7
79, 91, 96, 75, 75, 91, 89, 75, 75, 91, 93, 75, 78, 91, 96, 74, 78, 87, 92, 70, 78, 91, 96, 74, 79, 95, 101, 75, 75, 91, 97, 72, 75, 84, 93, 75, 4
67, 75, 81, 62, 67, 79, 85, 62, 71, 83, 85, 62, 63, 75, 76, 63, 63, 79, 84, 63, 66, 79, 84, 63, 67, 73, 82, 64, 67, 77, 82, 60, 71, 73, 82, 64, 7
67, 79, 81, 62, 67, 79, 77, 62, 67, 75, 81, 58, 66, 75, 84, 63, 66, 75, 84, 63, 63, 71, 88, 70, 63, 66, 93, 79, 63, 63, 93, 83, 59, 60, 90, 83, 7
75, 116, 123, 100, 75, 116, 123, 100, 75, 116, 128, 100, 74, 113, 122, 100, 70, 113, 127, 96, 66, 113, 117, 100, 79, 112, 124, 98, 71, 108, 124, 98, 67, 112, 124, 98, 1
75, 87, 93, 71, 75, 91, 89, 71, 75, 91, 93, 71, 74, 87, 96, 74, 74, 83, 96, 74, 74, 87, 92, 70, 75, 88, 90, 72, 75, 88, 90, 72, 75, 88, 90, 68, 4
66, 75, 80, 59, 66, 79, 80, 59, 66, 75, 80, 63, 67, 77, 82, 64, 67, 81, 86, 64, 67, 77, 79, 64, 70, 84, 85, 62, 67, 79, 85, 65, 67, 79, 82, 65, 7
86, 100, 100, 81, 82, 96, 96, 78, 78, 91, 96, 74, 87, 99, 105, 79, 79, 99, 101, 83, 79, 95, 101, 75, 85, 102, 105, 83, 82, 97, 105, 80, 82, 92, 97, 76, 4
78, 91, 96, 74, 78, 87, 92, 70, 78, 91, 96, 74, 79, 95, 101, 75, 75, 91, 97, 72, 75, 84, 93, 75, 82, 92, 97, 76, 78, 88, 93, 76, 78, 88, 97, 76, 4
66, 91, 104, 81, 74, 100, 108, 92, 78, 113, 117, 96, 67, 99, 105, 86, 75, 112, 119, 101, 79, 112, 124, 101, 70, 102, 114, 94, 74, 115, 119, 101, 74, 115, 119, 101, 1
66, 100, 108, 89, 66, 96, 96, 85, 63, 87, 96, 78, 67, 103, 114, 90, 63, 91, 105, 83, 63, 88, 90, 75, 63, 106, 119, 94, 63, 97, 105, 87, 63, 88, 97, 83, 1
67, 77, 82, 64, 63, 70, 82, 68, 63, 66, 93, 79, 63, 71, 82, 65, 60, 60, 85, 76, 60, 60, 93, 83, 64, 62, 82, 68, 60, 59, 90, 76, 60, 59, 98, 87, 5
71, 108, 124, 98, 67, 112, 124, 98, 67, 112, 124, 98, 67, 106, 124, 101, 67, 111, 119, 97, 63, 111, 124, 97, 68, 111, 125, 98, 68, 115, 120, 98, 64, 115, 125, 98, 1
78, 92, 93, 73, 70, 84, 85, 62, 67, 79, 85, 65, 76, 94, 94, 72, 76, 89, 90, 68, 72, 81, 82, 61, 76, 87, 91, 67, 76, 91, 96, 74, 76, 87, 96, 70, 4
82, 88, 101, 76, 67, 71, 93, 65, 74, 88, 97, 80, 72, 81, 90, 65, 68, 69, 86, 68, 76, 89, 98, 79, 68, 75, 87, 67, 76, 83, 91, 74, 80, 95, 100, 78, 7
67, 75, 82, 62, 67, 71, 82, 65, 63, 71, 82, 65, 72, 77, 82, 61, 68, 69, 78, 65, 64, 62, 82, 68, 71, 79, 83, 63, 64, 68, 83, 67, 60, 61, 83, 70, 5
53, 56, 97, 90, 60, 56, 93, 87, 57, 60, 93, 80, 57, 55, 86, 79, 57, 55, 86, 76, 57, 55, 86, 72, 56, 57, 83, 70, 56, 54, 87, 78, 56, 57, 87, 70, 5
70, 102, 114, 94, 74, 115, 119, 101, 74, 115, 119, 101, 68, 106, 115, 98, 72, 115, 120, 98, 68, 111, 120, 98, 68, 112, 118, 96, 68, 116, 122, 99, 71, 112, 118, 99, 1
76, 94, 94, 76, 80, 102, 102, 79, 84, 102, 102, 83, 76, 91, 96, 74, 76, 91, 96, 74, 76, 91, 87, 70, 71, 79, 89, 75, 67, 75, 89, 67, 67, 72, 85, 67, 4
68, 115, 120, 98, 64, 115, 125, 98, 64, 115, 125, 102, 68, 116, 122, 103, 64, 116, 128, 103, 64, 112, 128, 103, 71, 116, 123, 100, 67, 111, 123, 100, 67, 111, 123, 100, 1
64, 116, 122, 99, 64, 121, 122, 96, 64, 116, 122, 99, 67, 116, 123, 100, 71, 111, 128, 100, 67, 111, 123, 96, 66, 113, 127, 100, 66, 113, 122, 100, 66, 113, 127, 100, 1
64, 116, 122, 96, 68, 116, 128, 103, 68, 112, 128, 96, 67, 111, 123, 100, 71, 111, 128, 100, 71, 116, 123, 100, 70, 118, 127, 100, 70, 113, 127, 100, 70, 113, 122, 100, 1
68, 75, 75, 59, 64, 75, 75, 63, 64, 75, 75, 59, 63, 75, 81, 62, 67, 72, 77, 62, 67, 68, 74, 58, 70, 79, 84, 70, 66, 71, 73, 63, 63, 63, 66, 55, 7
64, 75, 75, 59, 68, 71, 75, 59, 68, 71, 75, 59, 67, 68, 74, 58, 63, 68, 67, 58, 67, 72, 70, 62, 63, 63, 66, 55, 63, 67, 69, 55, 66, 71, 73, 55, 7
68, 71, 75, 59, 68, 75, 75, 59, 68, 75, 75, 59, 67, 72, 70, 62, 67, 75, 74, 58, 67, 75, 74, 62, 66, 71, 73, 55, 66, 71, 73, 59, 66, 71, 76, 59, 7
67, 72, 85, 67, 63, 58, 81, 67, 63, 68, 85, 67, 59, 53, 73, 63, 56, 49, 80, 66, 56, 53, 73, 66, 59, 54, 79, 72, 59, 51, 79, 72, 56, 54, 75, 64, 5
79, 99, 109, 83, 79, 91, 96, 75, 71, 72, 77, 58, 82, 100, 104, 85, 82, 100, 104, 85, 78, 91, 92, 74, 83, 99, 105, 83, 79, 99, 105, 83, 75, 91, 97, 68, 3
59, 61, 81, 67, 67, 79, 85, 62, 67, 79, 85, 67, 56, 56, 88, 74, 56, 63, 84, 66, 66, 75, 80, 63, 52, 54, 79, 68, 52, 57, 79, 64, 59, 70, 79, 60, 5
71, 111, 118, 92, 71, 111, 123, 96, 71, 107, 123, 96, 66, 104, 112, 92, 66, 113, 117, 92, 66, 109, 122, 96, 71, 112, 119, 94, 67, 108, 119, 98, 67, 112, 119, 98, 1
67, 79, 81, 62, 67, 72, 77, 58, 67, 75, 74, 58, 66, 75, 76, 63, 70, 79, 84, 66, 66, 75, 73, 59, 63, 66, 68, 57, 67, 77, 75, 64, 71, 81, 82, 64, 7
82, 100, 104, 81, 82, 100, 104, 85, 82, 100, 104, 85, 79, 99, 105, 83, 83, 99, 105, 83, 79, 99, 105, 83, 82, 97, 105, 87, 82, 97, 105, 83, 78, 97, 105, 83, 3
52, 56, 69, 55, 56, 60, 73, 59, 59, 60, 76, 66, 49, 54, 68, 53, 56, 60, 75, 64, 52, 57, 75, 68, 50, 53, 74, 58, 50, 53, 82, 69, 53, 53, 82, 76, 5
75, 91, 97, 68, 63, 66, 68, 34, 52, 51, 62, 42, 78, 88, 89, 69, 60, 63, 67, 41, 50, 46, 63, 44, 76, 85, 90, 61, 57, 59, 64, 39, 53, 49, 71, 46, 5
56, 60, 75, 64, 52, 57, 75, 68, 56, 54, 82, 72, 50, 53, 82, 69, 53, 53, 82, 76, 50, 56, 82, 73, 53, 52, 82, 72, 53, 52, 82, 68, 53, 52, 78, 65, 5
67, 67, 93, 80, 60, 60, 85, 80, 60, 56, 85, 80, 68, 73, 90, 79, 64, 66, 90, 79, 60, 55, 82, 76, 76, 83, 96, 81, 68, 75, 83, 81, 64, 68, 83, 74, 5
50, 53, 82, 69, 53, 53, 82, 76, 50, 56, 82, 73, 53, 52, 82, 72, 53, 52, 82, 68, 53, 52, 78, 65, 60, 54, 75, 59, 53, 54, 71, 59, 56, 57, 75, 59, 5
53, 53, 82, 76, 50, 56, 82, 73, 53, 53, 82, 73, 53, 52, 82, 68, 53, 52, 78, 65, 53, 55, 74, 57, 53, 54, 71, 59, 56, 57, 75, 59, 53, 57, 79, 63, 5
60, 79, 82, 65, 60, 92, 101, 83, 67, 111, 114, 94, 60, 89, 102, 79, 68, 106, 111, 91, 68, 111, 115, 98, 60, 99, 108, 88, 68, 112, 118, 96, 71, 107, 118, 96, 1
68, 85, 82, 65, 64, 81, 82, 61, 64, 77, 86, 65, 71, 87, 87, 70, 68, 83, 87, 63, 64, 83, 83, 67, 75, 87, 96, 71, 71, 83, 93, 67, 67, 79, 85, 62, 7
64, 77, 86, 65, 64, 77, 82, 65, 64, 81, 78, 65, 64, 83, 83, 67, 68, 79, 83, 63, 68, 83, 83, 67, 67, 79, 85, 62, 63, 75, 85, 62, 67, 79, 85, 67, 7
53, 49, 71, 46, 53, 52, 71, 57, 53, 55, 78, 68, 53, 51, 67, 52, 53, 54, 75, 59, 56, 57, 79, 63, 51, 54, 67, 50, 55, 58, 70, 58, 55, 54, 74, 58, 5
68, 111, 115, 98, 68, 111, 115, 98, 64, 111, 125, 102, 71, 107, 118, 96, 71, 112, 122, 96, 68, 112, 122, 99, 71, 111, 123, 100, 71, 107, 123, 100, 71, 111, 123, 100, 1
68, 73, 71, 61, 64, 69, 71, 57, 60, 69, 74, 54, 68, 75, 79, 63, 60, 68, 67, 52, 60, 61, 67, 56, 67, 75, 77, 62, 63, 68, 70, 54, 63, 64, 67, 54, 7
68, 83, 87, 63, 64, 83, 83, 67, 68, 79, 83, 63, 71, 83, 93, 67, 67, 79, 85, 62, 63, 75, 85, 62, 78, 96, 92, 74, 74, 87, 88, 70, 66, 79, 80, 66, 7
80, 103, 108, 85, 80, 99, 108, 85, 84, 103, 108, 85, 79, 107, 109, 87, 84, 107, 113, 87, 79, 107, 104, 87, 82, 104, 112, 89, 82, 104, 112, 89, 82, 104, 112, 89, 3
64, 112, 122, 99, 68, 107, 118, 96, 68, 112, 122, 103, 71, 107, 118, 96, 71, 107, 118, 96, 71, 111, 118, 100, 66, 109, 122, 96, 66, 104, 122, 96, 66, 113, 117, 100, 1
71, 79, 89, 71, 75, 83, 89, 71, 75, 87, 89, 75, 66, 63, 84, 66, 70, 75, 88, 70, 74, 79, 88, 74, 63, 57, 75, 68, 67, 73, 82, 72, 71, 84, 86, 75, 7
79, 107, 109, 92, 79, 107, 109, 87, 84, 107, 113, 87, 86, 100, 108, 81, 82, 104, 112, 89, 82, 104, 112, 89, 75, 84, 90, 75, 79, 95, 105, 83, 83, 103, 110, 86, 3
71, 83, 81, 62, 55, 61, 63, 46, 51, 54, 67, 50, 78, 96, 104, 81, 66, 79, 76, 59, 59, 56, 66, 44, 79, 95, 105, 83, 75, 84, 90, 68, 63, 66, 68, 49, 5
55, 54, 74, 58, 55, 54, 74, 58, 55, 54, 70, 58, 52, 56, 73, 59, 52, 53, 69, 59, 56, 53, 76, 59, 56, 54, 79, 64, 59, 57, 82, 68, 59, 60, 86, 75, 5
67, 107, 118, 96, 71, 116, 118, 100, 71, 111, 123, 104, 63, 109, 112, 92, 66, 104, 117, 96, 70, 109, 122, 100, 67, 103, 119, 94, 63, 103, 114, 94, 67, 108, 119, 98, 1
71, 107, 118, 96, 71, 107, 118, 96, 71, 111, 118, 100, 66, 109, 122, 96, 66, 104, 122, 96, 66, 113, 117, 100, 63, 108, 119, 98, 63, 108, 119, 98, 67, 112, 124, 101, 1
63, 68, 70, 54, 63, 64, 70, 58, 59, 64, 67, 54, 63, 67, 66, 55, 63, 67, 66, 55, 63, 67, 73, 55, 67, 70, 72, 57, 59, 66, 65, 60, 67, 70, 75, 60, 7
78, 87, 88, 70, 78, 87, 88, 70, 78, 87, 92, 74, 75, 91, 97, 72, 79, 88, 97, 72, 79, 88, 93, 72, 78, 88, 97, 69, 78, 92, 97, 73, 78, 92, 93, 73, 4
66, 79, 80, 66, 63, 83, 80, 63, 66, 83, 84, 66, 71, 84, 86, 68, 67, 81, 86, 64, 67, 81, 86, 64, 78, 88, 93, 73, 70, 79, 93, 65, 70, 79, 85, 62, 7
56, 56, 69, 59, 52, 56, 73, 59, 52, 53, 69, 59, 59, 54, 79, 60, 56, 54, 79, 64, 59, 57, 82, 68, 60, 60, 93, 80, 63, 63, 97, 90, 67, 75, 101, 87, 5
56, 53, 76, 59, 52, 53, 73, 63, 52, 56, 73, 66, 59, 60, 86, 75, 59, 60, 93, 79, 63, 70, 97, 83, 70, 84, 101, 87, 82, 92, 105, 90, 89, 106, 114, 94, 5
66, 109, 122, 96, 63, 113, 122, 96, 63, 109, 122, 96, 63, 108, 119, 98, 63, 112, 119, 94, 63, 108, 114, 94, 67, 111, 124, 94, 63, 106, 114, 94, 63, 102, 114, 90, 1
63, 113, 122, 96, 63, 109, 122, 96, 63, 109, 122, 96, 63, 112, 119, 94, 63, 108, 114, 94, 63, 103, 114, 94, 63, 106, 114, 94, 63, 102, 114, 90, 63, 102, 119, 94, 1
63, 109, 122, 96, 63, 109, 122, 96, 63, 109, 117, 100, 63, 108, 114, 94, 63, 103, 114, 94, 63, 103, 119, 90, 63, 102, 114, 90, 63, 102, 119, 94, 63, 102, 119, 94, 1
66, 109, 117, 96, 66, 109, 122, 96, 66, 104, 122, 96, 67, 108, 119, 98, 63, 108, 119, 98, 63, 108, 119, 98, 63, 111, 119, 101, 63, 106, 119, 101, 63, 111, 119, 97, 1
71, 84, 86, 68, 67, 81, 86, 64, 67, 81, 86, 64, 78, 88, 93, 73, 70, 79, 93, 65, 70, 79, 85, 62, 80, 89, 94, 72, 76, 85, 94, 68, 68, 77, 82, 65, 7
67, 99, 101, 83, 75, 99, 101, 79, 67, 99, 110, 86, 67, 106, 114, 90, 63, 92, 105, 80, 63, 88, 105, 83, 68, 102, 115, 91, 64, 89, 102, 79, 60, 85, 94, 79, 1
63, 108, 119, 98, 63, 112, 119, 94, 63, 108, 114, 94, 67, 111, 124, 94, 63, 106, 114, 94, 63, 102, 114, 90, 64, 106, 115, 98, 64, 106, 120, 94, 64, 102, 115, 94, 1
63, 99, 110, 94, 63, 88, 101, 79, 59, 77, 79, 68, 67, 111, 114, 101, 67, 106, 114, 90, 63, 97, 97, 83, 72, 111, 120, 98, 72, 111, 111, 98, 68, 102, 106, 87, 1
67, 79, 82, 65, 67, 84, 89, 65, 67, 75, 82, 62, 72, 81, 86, 68, 72, 81, 86, 65, 68, 77, 82, 65, 68, 79, 87, 63, 68, 79, 83, 63, 68, 79, 83, 67, 7
67, 75, 85, 73, 70, 79, 85, 73, 70, 79, 85, 65, 76, 85, 94, 76, 72, 89, 94, 72, 76, 85, 86, 68, 80, 99, 104, 78, 84, 95, 100, 78, 76, 87, 91, 70, 7
63, 63, 97, 90, 67, 75, 101, 87, 70, 84, 101, 87, 80, 94, 111, 91, 84, 106, 111, 91, 92, 115, 120, 102, 84, 112, 118, 96, 92, 116, 128, 103, 97, 121, 128, 103, 3
67, 111, 124, 97, 67, 106, 124, 94, 67, 111, 114, 101, 68, 111, 120, 98, 68, 111, 131, 102, 72, 111, 120, 98, 68, 112, 122, 99, 68, 107, 128, 96, 71, 112, 128, 99, 1
68, 77, 82, 65, 64, 73, 78, 57, 68, 81, 78, 68, 68, 79, 83, 67, 68, 75, 83, 59, 64, 71, 79, 63, 71, 83, 81, 67, 67, 75, 77, 62, 67, 68, 74, 54, 7
60, 66, 74, 61, 60, 69, 86, 76, 60, 66, 98, 83, 60, 68, 71, 59, 64, 75, 91, 78, 71, 87, 100, 81, 71, 91, 93, 71, 75, 99, 109, 83, 75, 107, 113, 92, 5
64, 106, 115, 98, 64, 106, 120, 94, 64, 102, 115, 94, 60, 99, 113, 92, 64, 103, 118, 92, 64, 107, 113, 96, 63, 99, 113, 92, 59, 99, 113, 92, 59, 103, 118, 92, 1
76, 87, 91, 70, 76, 87, 87, 70, 76, 87, 91, 63, 75, 83, 89, 67, 75, 87, 89, 67, 75, 87, 89, 67, 70, 83, 84, 70, 74, 83, 84, 66, 74, 83, 88, 66, 4
71, 87, 100, 81, 80, 99, 108, 88, 84, 107, 118, 96, 75, 107, 113, 92, 75, 103, 113, 96, 75, 99, 109, 96, 74, 100, 112, 92, 70, 100, 112, 92, 66, 96, 108, 92, 1
92, 116, 128, 103, 97, 121, 128, 103, 88, 116, 122, 96, 75, 107, 113, 92, 79, 111, 123, 100, 79, 107, 118, 92, 63, 87, 104, 81, 63, 96, 104, 89, 66, 100, 108, 92, 1
97, 121, 128, 103, 88, 116, 122, 96, 92, 103, 108, 81, 79, 111, 123, 100, 79, 107, 118, 92, 75, 107, 113, 92, 63, 96, 104, 89, 66, 100, 108, 92, 63, 100, 117, 96, 1
68, 83, 100, 85, 71, 95, 108, 88, 71, 103, 113, 92, 71, 107, 113, 92, 71, 103, 118, 92, 71, 107, 118, 96, 66, 104, 112, 92, 66, 109, 117, 92, 70, 104, 117, 92, 1
75, 87, 89, 67, 71, 87, 89, 67, 67, 79, 85, 67, 66, 79, 76, 59, 70, 79, 88, 63, 74, 87, 88, 70, 67, 73, 75, 57, 63, 73, 75, 57, 67, 84, 79, 68, 7
63, 61, 74, 54, 59, 54, 77, 54, 71, 79, 93, 75, 70, 75, 84, 66, 63, 56, 76, 55, 63, 60, 80, 59, 75, 81, 86, 68, 63, 63, 79, 57, 63, 70, 86, 72, 5
88, 107, 113, 92, 88, 107, 113, 92, 88, 107, 113, 92, 86, 113, 127, 96, 90, 113, 127, 96, 90, 109, 117, 96, 92, 117, 124, 101, 92, 117, 130, 101, 96, 112, 124, 98, 3
67, 107, 118, 96, 71, 107, 118, 96, 67, 111, 113, 100, 66, 113, 122, 96, 66, 113, 117, 96, 70, 109, 122, 100, 63, 108, 119, 94, 63, 112, 114, 94, 67, 108, 119, 101, 1
74, 83, 88, 66, 66, 79, 80, 63, 66, 79, 76, 59, 71, 81, 86, 64, 71, 81, 82, 64, 67, 73, 75, 57, 67, 75, 78, 58, 70, 79, 82, 65, 67, 75, 78, 65, 7
86, 104, 112, 89, 86, 104, 112, 92, 86, 113, 122, 100, 83, 103, 114, 90, 83, 112, 124, 94, 87, 112, 119, 98, 78, 115, 114, 97, 78, 111, 119, 94, 70, 106, 114, 90, 3
67, 81, 82, 64, 67, 81, 82, 64, 71, 77, 86, 64, 74, 88, 89, 73, 78, 92, 97, 80, 82, 97, 97, 80, 88, 106, 111, 87, 88, 106, 111, 87, 88, 102, 111, 87, 7
67, 81, 82, 64, 71, 77, 86, 64, 71, 77, 86, 64, 78, 92, 97, 80, 82, 97, 97, 80, 82, 92, 93, 83, 88, 106, 111, 87, 88, 102, 111, 87, 80, 98, 102, 83, 7
92, 108, 114, 94, 87, 99, 105, 90, 83, 103, 114, 90, 89, 106, 114, 94, 85, 106, 114, 94, 78, 115, 114, 97, 80, 111, 115, 94, 76, 106, 115, 94, 72, 102, 106, 91, 3
83, 103, 114, 90, 83, 112, 124, 94, 87, 112, 119, 98, 78, 115, 114, 97, 78, 111, 119, 94, 70, 106, 114, 90, 72, 102, 106, 91, 64, 98, 102, 91, 64, 98, 111, 91, 1
79, 103, 114, 90, 71, 95, 110, 90, 67, 99, 114, 94, 67, 102, 114, 94, 63, 97, 105, 87, 60, 97, 110, 90, 60, 98, 111, 87, 57, 85, 98, 83, 53, 85, 102, 83, 1
63, 71, 74, 55, 63, 67, 82, 58, 63, 71, 74, 58, 64, 73, 74, 61, 64, 73, 71, 57, 68, 69, 74, 57, 68, 71, 75, 56, 64, 75, 75, 56, 68, 71, 75, 56, 7
60, 71, 70, 58, 63, 75, 74, 62, 67, 84, 85, 69, 68, 73, 78, 61, 64, 69, 74, 61, 72, 81, 86, 68, 68, 83, 87, 67, 68, 79, 83, 59, 68, 75, 79, 59, 7
63, 75, 74, 62, 67, 84, 85, 69, 70, 88, 93, 73, 64, 69, 74, 61, 72, 81, 86, 68, 80, 98, 106, 83, 68, 79, 83, 59, 68, 75, 79, 59, 76, 87, 91, 78, 7
82, 102, 105, 87, 85, 106, 114, 90, 93, 120, 119, 97, 88, 106, 106, 87, 88, 106, 111, 91, 88, 115, 120, 94, 88, 103, 108, 88, 88, 107, 113, 92, 88, 112, 122, 96, 3
89, 106, 114, 94, 85, 106, 114, 94, 78, 115, 114, 97, 80, 111, 115, 94, 76, 106, 115, 94, 72, 102, 106, 91, 76, 112, 118, 92, 71, 103, 108, 88, 64, 99, 108, 92, 1
57, 88, 105, 83, 60, 88, 110, 83, 57, 92, 110, 87, 53, 85, 94, 76, 57, 85, 98, 83, 60, 94, 106, 87, 53, 79, 96, 78, 53, 83, 96, 81, 60, 87, 100, 85, 1
60, 88, 110, 83, 57, 92, 110, 87, 57, 97, 110, 87, 57, 85, 98, 83, 60, 94, 106, 87, 60, 94, 111, 87, 53, 83, 96, 81, 60, 87, 100, 85, 56, 87, 104, 81, 1
57, 92, 110, 87, 57, 97, 110, 87, 63, 97, 110, 87, 60, 94, 106, 87, 60, 94, 111, 87, 57, 94, 102, 87, 60, 87, 100, 85, 56, 87, 104, 81, 53, 83, 100, 78, 1
63, 97, 110, 87, 60, 97, 114, 87, 57, 92, 114, 87, 57, 94, 102, 87, 57, 85, 102, 79, 53, 89, 106, 87, 53, 83, 100, 78, 53, 79, 96, 81, 53, 87, 104, 88, 1
60, 97, 119, 94, 63, 111, 119, 97, 63, 106, 119, 90, 57, 98, 106, 91, 60, 106, 115, 98, 64, 106, 120, 98, 56, 87, 104, 92, 60, 103, 118, 92, 64, 107, 118, 96, 1
64, 73, 71, 57, 68, 69, 74, 57, 64, 73, 74, 54, 64, 75, 75, 56, 68, 71, 75, 56, 64, 71, 75, 56, 63, 68, 70, 58, 63, 72, 70, 58, 67, 72, 67, 54, 7
57, 98, 106, 91, 60, 106, 115, 98, 64, 106, 120, 98, 56, 87, 104, 92, 60, 103, 118, 92, 64, 107, 118, 96, 55, 87, 100, 83, 63, 95, 109, 92, 67, 107, 118, 96, 1
68, 111, 120, 94, 68, 111, 120, 94, 68, 111, 115, 94, 71, 112, 122, 96, 68, 112, 122, 99, 68, 112, 118, 96, 71, 111, 123, 100, 71, 107, 118, 96, 71, 107, 109, 92, 1
64, 71, 67, 56, 68, 71, 71, 59, 68, 75, 71, 56, 67, 72, 74, 54, 67, 72, 74, 58, 67, 72, 74, 54, 63, 67, 69, 55, 66, 71, 73, 55, 66, 71, 69, 55, 7
68, 75, 79, 59, 76, 87, 91, 78, 88, 103, 113, 85, 67, 72, 81, 62, 71, 83, 89, 67, 79, 87, 96, 79, 82, 100, 108, 85, 86, 104, 108, 89, 90, 104, 108, 85, 7
53, 79, 96, 78, 46, 79, 87, 78, 50, 79, 96, 78, 55, 79, 93, 75, 51, 75, 93, 75, 51, 79, 96, 79, 56, 83, 96, 85, 56, 83, 108, 85, 56, 83, 100, 81, 1
68, 107, 118, 96, 64, 112, 122, 96, 64, 112, 122, 99, 67, 107, 118, 96, 67, 107, 123, 96, 67, 111, 123, 96, 66, 91, 104, 78, 63, 96, 112, 85, 63, 109, 122, 96, 1
63, 72, 74, 58, 63, 72, 77, 58, 67, 79, 85, 67, 63, 75, 76, 59, 66, 75, 76, 63, 70, 79, 80, 63, 79, 95, 101, 79, 83, 99, 101, 83, 87, 99, 105, 83, 7
71, 79, 81, 67, 67, 72, 81, 62, 71, 83, 89, 67, 78, 91, 92, 78, 82, 100, 108, 85, 86, 104, 108, 89, 87, 112, 114, 90, 96, 108, 119, 94, 92, 108, 124, 90, 3
75, 83, 96, 79, 75, 91, 96, 83, 79, 87, 96, 75, 78, 91, 96, 78, 66, 71, 84, 78, 59, 63, 88, 74, 83, 88, 97, 79, 67, 66, 82, 72, 63, 66, 79, 72, 7
71, 111, 123, 96, 71, 111, 123, 100, 71, 111, 118, 100, 66, 109, 122, 96, 66, 109, 122, 96, 66, 113, 122, 96, 67, 103, 124, 94, 67, 108, 124, 94, 67, 112, 124, 98, 1
71, 111, 118, 100, 71, 111, 123, 100, 71, 107, 118, 96, 66, 113, 122, 96, 70, 113, 117, 100, 70, 109, 122, 100, 67, 112, 124, 98, 67, 108, 114, 94, 67, 103, 119, 90, 1
70, 75, 92, 78, 74, 87, 92, 78, 74, 79, 92, 74, 71, 77, 86, 72, 67, 73, 90, 68, 71, 73, 86, 68, 63, 63, 82, 69, 67, 71, 82, 65, 70, 75, 89, 73, 7
74, 83, 88, 78, 78, 91, 100, 81, 86, 104, 112, 92, 75, 91, 101, 83, 87, 103, 114, 90, 92, 108, 114, 98, 78, 88, 97, 83, 89, 106, 114, 94, 85, 106, 114, 94, 7
63, 91, 108, 89, 59, 91, 104, 85, 56, 79, 96, 78, 59, 91, 101, 86, 56, 88, 101, 83, 56, 84, 97, 83, 50, 79, 97, 80, 53, 84, 97, 83, 53, 88, 105, 83, 1
66, 109, 122, 96, 66, 109, 122, 96, 66, 113, 122, 96, 67, 103, 124, 94, 67, 108, 124, 94, 67, 112, 124, 98, 63, 106, 114, 90, 63, 106, 114, 90, 74, 111, 114, 90, 1
52, 70, 90, 75, 52, 73, 90, 75, 56, 84, 97, 79, 50, 71, 89, 76, 50, 75, 89, 80, 53, 84, 97, 80, 60, 73, 86, 76, 60, 77, 94, 79, 60, 89, 98, 83, 1
67, 103, 119, 90, 67, 103, 114, 90, 67, 99, 110, 86, 63, 102, 114, 87, 63, 97, 110, 87, 63, 92, 110, 87, 64, 98, 106, 87, 64, 98, 111, 87, 64, 85, 111, 87, 1
67, 71, 78, 58, 67, 75, 78, 62, 67, 84, 85, 65, 80, 89, 94, 76, 80, 98, 98, 79, 88, 111, 111, 91, 84, 99, 104, 85, 84, 103, 108, 81, 88, 107, 113, 88, 3
78, 88, 97, 83, 89, 106, 114, 94, 85, 106, 114, 94, 76, 89, 102, 87, 84, 106, 111, 94, 76, 102, 111, 91, 76, 95, 113, 88, 80, 107, 118, 96, 71, 99, 108, 88, 3
50, 71, 89, 76, 50, 75, 89, 80, 53, 84, 97, 80, 60, 73, 86, 76, 60, 77, 94, 79, 60, 89, 98, 83, 64, 83, 100, 85, 64, 95, 104, 85, 64, 99, 113, 92, 1
50, 79, 97, 80, 53, 84, 97, 83, 53, 88, 105, 83, 57, 81, 98, 83, 57, 85, 98, 79, 57, 85, 98, 83, 56, 87, 100, 81, 56, 87, 100, 78, 56, 87, 104, 81, 1
84, 106, 115, 91, 84, 102, 111, 87, 84, 102, 111, 87, 88, 107, 113, 88, 88, 103, 113, 85, 88, 107, 113, 85, 93, 107, 113, 92, 88, 107, 113, 87, 88, 103, 109, 87, 3
88, 98, 106, 79, 84, 98, 106, 79, 72, 81, 82, 65, 84, 95, 104, 85, 80, 95, 96, 74, 71, 75, 83, 59, 84, 99, 100, 79, 84, 95, 109, 83, 79, 87, 96, 71, 7
53, 85, 98, 83, 57, 89, 106, 87, 60, 94, 102, 87, 56, 83, 100, 81, 56, 91, 104, 85, 60, 91, 104, 85, 63, 95, 104, 83, 63, 95, 113, 87, 59, 95, 113, 92, 1
53, 66, 106, 91, 60, 94, 111, 87, 64, 98, 111, 91, 43, 34, 118, 125, 46, 48, 108, 107, 53, 75, 104, 92, 44, 32, 113, 125, 44, 32, 118, 129, 48, 34, 113, 125, 2
64, 98, 106, 87, 64, 98, 111, 87, 64, 85, 111, 87, 64, 95, 108, 85, 60, 99, 104, 85, 64, 91, 108, 88, 63, 95, 100, 83, 63, 95, 104, 83, 63, 95, 109, 92, 5
60, 69, 78, 72, 64, 69, 78, 68, 68, 69, 82, 68, 60, 61, 83, 74, 60, 57, 79, 70, 53, 54, 75, 70, 51, 54, 81, 75, 51, 48, 81, 79, 48, 42, 74, 75, 5
71, 75, 83, 59, 64, 68, 75, 63, 64, 68, 83, 67, 79, 87, 96, 71, 67, 75, 81, 62, 75, 83, 96, 79, 86, 96, 100, 81, 82, 91, 92, 81, 78, 87, 100, 81, 7
53, 64, 79, 74, 50, 68, 83, 70, 53, 64, 79, 74, 51, 68, 77, 71, 51, 64, 77, 71, 48, 61, 74, 67, 49, 67, 88, 70, 52, 67, 84, 70, 52, 63, 80, 70, 1
64, 83, 100, 85, 64, 95, 104, 85, 64, 99, 113, 92, 59, 72, 85, 75, 59, 79, 89, 79, 59, 79, 96, 79, 52, 71, 80, 74, 52, 71, 84, 70, 56, 75, 88, 74, 1
64, 99, 113, 92, 68, 99, 118, 88, 60, 91, 104, 85, 59, 79, 96, 79, 63, 83, 96, 83, 63, 79, 96, 83, 56, 75, 88, 74, 56, 75, 92, 78, 59, 79, 96, 81, 1
60, 91, 104, 85, 64, 95, 108, 88, 60, 83, 100, 78, 63, 79, 96, 83, 63, 87, 96, 83, 63, 87, 96, 83, 59, 79, 96, 81, 56, 79, 88, 81, 59, 83, 100, 81, 1
56, 87, 104, 85, 56, 87, 100, 81, 56, 87, 100, 78, 63, 99, 113, 92, 67, 99, 109, 87, 63, 95, 104, 87, 63, 100, 112, 92, 70, 104, 117, 92, 63, 96, 112, 89, 1
56, 95, 108, 88, 60, 95, 113, 92, 68, 103, 118, 92, 63, 95, 109, 87, 67, 99, 109, 92, 67, 103, 113, 92, 63, 87, 108, 85, 63, 96, 112, 89, 63, 100, 112, 89, 1
46, 48, 96, 103, 43, 36, 104, 121, 43, 34, 118, 132, 51, 45, 113, 125, 44, 29, 123, 133, 44, 37, 118, 133, 59, 79, 117, 107, 46, 43, 112, 122, 49, 49, 112, 118, 2
51, 83, 104, 83, 48, 75, 96, 75, 48, 72, 89, 75, 49, 83, 96, 81, 49, 79, 96, 78, 49, 71, 88, 78, 52, 73, 90, 75, 46, 73, 90, 75, 49, 73, 86, 79, 1
59, 79, 89, 79, 59, 79, 96, 79, 63, 83, 96, 83, 52, 71, 84, 70, 56, 75, 88, 74, 56, 75, 92, 78, 56, 77, 93, 79, 56, 81, 97, 83, 59, 84, 93, 83, 1
63, 95, 100, 83, 63, 95, 104, 83, 63, 95, 109, 92, 56, 71, 104, 89, 59, 87, 100, 81, 66, 91, 112, 89, 46, 34, 110, 124, 49, 51, 101, 101, 56, 73, 97, 79, 5
90, 100, 100, 81, 86, 100, 108, 81, 86, 100, 104, 81, 83, 99, 101, 83, 83, 95, 97, 79, 83, 95, 101, 83, 82, 97, 101, 76, 82, 97, 101, 80, 85, 102, 110, 87, 3
49, 83, 96, 81, 49, 79, 96, 78, 49, 71, 88, 78, 52, 73, 90, 75, 46, 73, 90, 75, 49, 73, 86, 79, 47, 67, 85, 69, 47, 71, 85, 73, 50, 75, 89, 76, 1
52, 63, 80, 70, 49, 63, 76, 66, 49, 67, 80, 70, 52, 66, 82, 72, 52, 70, 82, 72, 49, 70, 82, 72, 50, 71, 82, 73, 47, 67, 82, 65, 50, 71, 85, 73, 1
66, 100, 112, 89, 63, 100, 112, 92, 63, 100, 117, 92, 63, 103, 119, 90, 67, 99, 114, 94, 63, 99, 114, 94, 67, 97, 114, 90, 70, 106, 114, 94, 67, 97, 114, 87, 1
87, 103, 105, 83, 87, 103, 110, 83, 83, 91, 97, 79, 85, 106, 105, 83, 85, 102, 101, 83, 82, 92, 105, 76, 84, 102, 106, 79, 84, 94, 102, 79, 84, 98, 98, 79, 3
56, 81, 93, 79, 56, 81, 93, 79, 56, 84, 105, 86, 53, 79, 89, 76, 57, 79, 93, 80, 57, 88, 101, 83, 57, 77, 90, 76, 53, 77, 90, 76, 53, 77, 94, 79, 1
56, 81, 93, 79, 56, 84, 105, 86, 63, 99, 114, 94, 57, 79, 93, 80, 57, 88, 101, 83, 57, 88, 101, 83, 53, 77, 90, 76, 53, 77, 94, 79, 57, 81, 94, 79, 1
42, 32, 114, 135, 42, 30, 110, 139, 42, 30, 114, 135, 44, 31, 114, 133, 44, 31, 114, 133, 44, 31, 110, 133, 44, 34, 115, 128, 44, 31, 115, 131, 44, 31, 115, 131, 2
59, 60, 72, 72, 59, 63, 79, 72, 59, 60, 75, 68, 63, 75, 89, 73, 60, 71, 82, 65, 63, 67, 78, 69, 72, 77, 94, 76, 76, 85, 98, 76, 72, 81, 86, 72, 7
57, 84, 101, 83, 53, 84, 101, 87, 50, 79, 93, 80, 53, 77, 94, 76, 53, 77, 94, 76, 53, 77, 90, 76, 53, 79, 96, 81, 56, 83, 96, 78, 56, 83, 100, 81, 1
50, 79, 93, 80, 53, 79, 89, 76, 57, 79, 93, 80, 53, 77, 90, 76, 57, 77, 90, 76, 53, 77, 90, 76, 56, 83, 100, 81, 60, 87, 104, 85, 60, 83, 100, 85, 1
67, 111, 114, 97, 60, 88, 110, 97, 47, 40, 105, 122, 68, 102, 115, 94, 60, 89, 111, 94, 53, 59, 106, 113, 64, 91, 104, 92, 60, 91, 108, 88, 60, 83, 108, 92, 1
44, 29, 114, 136, 44, 29, 114, 133, 47, 37, 114, 122, 47, 31, 111, 124, 47, 37, 106, 124, 50, 43, 98, 109, 50, 57, 96, 96, 56, 61, 96, 88, 56, 61, 91, 85, 2
70, 88, 114, 97, 74, 88, 110, 94, 78, 84, 93, 80, 68, 69, 111, 98, 68, 73, 111, 91, 68, 77, 98, 79, 60, 61, 108, 99, 64, 61, 108, 99, 64, 68, 108, 92, 5
63, 75, 89, 73, 60, 71, 82, 65, 63, 67, 78, 69, 72, 77, 94, 76, 76, 85, 98, 76, 72, 81, 86, 72, 71, 83, 100, 81, 80, 99, 104, 85, 80, 95, 100, 81, 4
84, 98, 106, 83, 84, 102, 106, 87, 84, 102, 106, 87, 80, 91, 96, 74, 80, 95, 100, 81, 84, 103, 108, 88, 79, 91, 96, 79, 84, 95, 100, 79, 84, 99, 104, 83, 3
88, 98, 106, 79, 84, 102, 106, 79, 84, 94, 102, 79, 84, 99, 104, 81, 84, 99, 100, 81, 88, 99, 104, 85, 84, 99, 104, 83, 88, 99, 109, 83, 84, 99, 100, 79, 3
53, 69, 82, 72, 50, 66, 82, 72, 50, 73, 90, 76, 50, 71, 87, 74, 50, 75, 91, 74, 53, 75, 87, 78, 51, 72, 85, 75, 48, 72, 89, 75, 51, 83, 93, 75, 1
53, 77, 90, 76, 57, 77, 90, 76, 53, 77, 90, 76, 56, 83, 100, 81, 60, 87, 104, 85, 60, 83, 100, 85, 67, 103, 109, 87, 63, 91, 109, 87, 59, 75, 96, 79, 1
68, 111, 120, 98, 64, 106, 115, 94, 64, 106, 120, 98, 71, 112, 122, 99, 68, 112, 122, 99, 71, 112, 128, 99, 71, 107, 123, 100, 71, 111, 118, 96, 67, 99, 113, 96, 1
60, 89, 111, 94, 53, 59, 106, 113, 50, 31, 115, 128, 60, 91, 108, 88, 60, 83, 108, 92, 60, 64, 100, 99, 59, 87, 104, 92, 67, 99, 109, 92, 67, 87, 100, 83, 1
44, 31, 115, 131, 44, 31, 115, 131, 47, 31, 111, 124, 46, 39, 108, 114, 50, 48, 104, 107, 50, 57, 96, 96, 55, 64, 104, 92, 59, 64, 100, 92, 55, 61, 100, 87, 2
88, 103, 108, 88, 88, 99, 113, 92, 76, 95, 104, 88, 88, 103, 109, 92, 79, 95, 100, 87, 67, 95, 109, 92, 86, 104, 108, 92, 82, 100, 108, 89, 74, 96, 104, 89, 3
76, 95, 104, 88, 68, 99, 113, 88, 60, 91, 108, 88, 67, 95, 109, 92, 63, 95, 113, 87, 55, 83, 100, 83, 74, 96, 104, 89, 63, 96, 100, 92, 56, 91, 108, 89, 1
53, 71, 87, 74, 53, 75, 91, 78, 53, 79, 96, 70, 55, 75, 85, 75, 55, 79, 89, 79, 55, 79, 96, 79, 56, 75, 92, 74, 56, 79, 88, 78, 56, 83, 92, 81, 1
56, 79, 91, 78, 60, 79, 96, 85, 64, 91, 100, 81, 59, 83, 96, 79, 63, 91, 100, 83, 67, 91, 109, 87, 56, 79, 96, 81, 59, 83, 96, 81, 63, 83, 100, 85, 1
56, 83, 100, 85, 56, 83, 96, 85, 60, 91, 100, 85, 63, 87, 100, 83, 63, 87, 100, 87, 63, 95, 104, 92, 63, 104, 117, 92, 63, 96, 108, 89, 66, 96, 112, 89, 1
84, 99, 104, 83, 88, 107, 113, 87, 88, 107, 109, 87, 82, 91, 104, 78, 86, 100, 108, 85, 90, 109, 112, 92, 83, 95, 105, 83, 92, 103, 110, 90, 96, 112, 110, 94, 3
55, 68, 81, 71, 51, 72, 81, 71, 55, 75, 85, 75, 52, 71, 80, 70, 52, 71, 84, 70, 56, 75, 92, 74, 52, 70, 86, 72, 56, 73, 86, 75, 59, 77, 90, 79, 1
51, 72, 81, 71, 55, 75, 85, 75, 55, 79, 89, 79, 52, 71, 84, 70, 56, 75, 92, 74, 56, 79, 88, 78, 56, 73, 86, 75, 59, 77, 90, 79, 59, 84, 97, 83, 1
59, 87, 104, 92, 67, 99, 109, 92, 67, 87, 100, 83, 59, 79, 92, 81, 63, 75, 104, 85, 70, 100, 112, 92, 67, 77, 97, 79, 63, 66, 90, 79, 63, 81, 101, 86, 1
59, 61, 89, 79, 59, 61, 85, 75, 59, 75, 89, 79, 56, 60, 88, 78, 56, 60, 84, 78, 52, 56, 80, 74, 56, 60, 86, 79, 52, 54, 86, 83, 49, 45, 86, 86, 5
59, 58, 104, 100, 59, 61, 109, 100, 63, 64, 104, 96, 59, 60, 96, 92, 56, 63, 104, 96, 59, 67, 104, 96, 59, 63, 97, 90, 59, 60, 97, 90, 59, 63, 93, 90, 5
71, 79, 96, 79, 79, 95, 96, 79, 79, 95, 96, 79, 63, 67, 108, 96, 70, 75, 104, 85, 74, 87, 92, 78, 63, 66, 97, 94, 67, 77, 110, 90, 75, 91, 97, 79, 5
82, 100, 108, 89, 74, 96, 104, 89, 63, 96, 100, 92, 79, 99, 110, 90, 71, 103, 119, 94, 59, 95, 110, 90, 70, 88, 105, 90, 60, 92, 105, 87, 53, 84, 97, 83, 1
74, 91, 100, 81, 78, 96, 96, 81, 78, 91, 96, 78, 79, 91, 97, 83, 79, 91, 97, 79, 75, 88, 93, 75, 74, 92, 101, 80, 74, 84, 97, 76, 74, 88, 93, 76, 4
52, 70, 82, 75, 49, 66, 86, 75, 52, 66, 86, 72, 53, 71, 89, 73, 50, 71, 89, 73, 50, 71, 85, 73, 53, 81, 98, 79, 53, 77, 94, 76, 53, 73, 98, 76, 1
59, 84, 93, 79, 59, 88, 105, 86, 63, 95, 110, 86, 60, 84, 93, 80, 60, 75, 93, 83, 63, 84, 97, 83, 60, 81, 98, 79, 60, 73, 90, 79, 60, 73, 90, 79, 1
71, 99, 114, 98, 75, 108, 124, 98, 71, 99, 110, 94, 70, 102, 114, 94, 70, 106, 114, 94, 67, 97, 114, 90, 72, 106, 115, 94, 76, 111, 115, 94, 76, 106, 115, 94, 1
49, 51, 86, 83, 59, 70, 90, 72, 59, 63, 97, 90, 50, 46, 82, 83, 57, 67, 85, 76, 60, 71, 97, 83, 50, 52, 82, 79, 57, 66, 82, 72, 60, 77, 90, 83, 5
78, 92, 101, 80, 78, 92, 97, 76, 78, 92, 101, 76, 80, 98, 98, 76, 80, 94, 98, 76, 80, 94, 102, 79, 84, 99, 108, 81, 84, 99, 108, 81, 80, 95, 100, 81, 3
89, 102, 105, 87, 85, 102, 110, 87, 85, 102, 110, 94, 84, 102, 106, 91, 88, 106, 111, 91, 88, 106, 111, 98, 84, 99, 113, 88, 84, 99, 108, 92, 84, 107, 113, 96, 3
50, 67, 93, 76, 50, 75, 97, 80, 53, 75, 97, 80, 50, 73, 94, 79, 53, 81, 102, 83, 53, 77, 98, 79, 46, 79, 96, 78, 50, 79, 96, 81, 53, 79, 96, 81, 1
63, 84, 97, 83, 63, 84, 93, 80, 63, 79, 89, 83, 60, 73, 90, 79, 60, 81, 94, 79, 64, 81, 98, 83, 68, 83, 96, 81, 64, 87, 104, 85, 60, 83, 100, 85, 1
67, 106, 114, 94, 70, 106, 119, 94, 70, 106, 119, 94, 64, 102, 115, 94, 68, 106, 115, 94, 68, 102, 115, 94, 71, 107, 122, 96, 71, 103, 113, 92, 71, 103, 118, 92, 1
70, 111, 124, 97, 70, 106, 114, 94, 74, 106, 114, 97, 72, 106, 115, 91, 76, 111, 115, 94, 76, 111, 115, 94, 71, 107, 118, 96, 76, 107, 122, 99, 71, 116, 122, 99, 1
80, 94, 94, 76, 80, 94, 98, 79, 84, 98, 102, 83, 80, 95, 96, 74, 84, 95, 100, 81, 88, 99, 104, 81, 79, 95, 100, 79, 79, 95, 100, 79, 84, 95, 96, 79, 3
80, 94, 98, 79, 84, 98, 102, 83, 84, 98, 102, 79, 84, 95, 100, 81, 88, 99, 104, 81, 80, 95, 104, 81, 79, 95, 100, 79, 84, 95, 96, 79, 84, 99, 104, 83, 3
64, 85, 102, 83, 60, 81, 90, 76, 60, 81, 90, 79, 60, 87, 104, 85, 60, 91, 108, 85, 64, 91, 113, 88, 67, 95, 109, 92, 71, 103, 113, 92, 67, 103, 113, 92, 1
64, 102, 115, 94, 68, 106, 115, 94, 68, 102, 115, 94, 71, 107, 122, 96, 71, 103, 113, 92, 71, 103, 118, 92, 67, 107, 123, 96, 71, 111, 123, 96, 71, 103, 118, 96, 1
68, 106, 115, 94, 68, 102, 115, 94, 72, 106, 115, 94, 71, 103, 113, 92, 71, 103, 118, 92, 71, 107, 118, 96, 71, 111, 123, 96, 71, 103, 118, 96, 71, 107, 113, 92, 1
97, 112, 122, 92, 97, 116, 122, 96, 92, 103, 113, 88, 93, 111, 118, 96, 93, 111, 118, 96, 84, 99, 109, 83, 90, 104, 112, 92, 90, 104, 108, 89, 86, 100, 104, 89, 3
53, 71, 87, 74, 53, 68, 83, 70, 56, 71, 79, 74, 51, 68, 85, 75, 51, 68, 81, 71, 55, 72, 81, 71, 52, 71, 84, 74, 56, 71, 88, 74, 52, 79, 92, 74, 1
64, 87, 100, 85, 60, 83, 96, 81, 68, 83, 96, 81, 63, 95, 104, 83, 63, 95, 104, 83, 63, 95, 104, 87, 59, 87, 100, 89, 63, 96, 104, 89, 66, 100, 108, 92, 1
60, 83, 100, 85, 64, 83, 96, 81, 60, 87, 104, 85, 63, 91, 104, 83, 63, 91, 104, 83, 67, 95, 109, 92, 63, 87, 100, 85, 59, 87, 96, 81, 66, 96, 104, 89, 1
64, 83, 96, 81, 60, 87, 104, 85, 60, 91, 108, 85, 63, 91, 104, 83, 67, 95, 109, 92, 71, 103, 113, 92, 59, 87, 96, 81, 66, 96, 104, 89, 70, 104, 117, 92, 1
56, 71, 96, 85, 56, 68, 91, 81, 56, 64, 91, 81, 59, 75, 96, 87, 59, 72, 96, 83, 59, 75, 96, 75, 66, 83, 100, 85, 63, 83, 100, 81, 59, 87, 96, 81, 5
84, 106, 111, 87, 84, 106, 111, 87, 84, 106, 111, 87, 92, 112, 128, 92, 92, 112, 118, 96, 92, 112, 113, 88, 93, 111, 113, 92, 93, 116, 118, 92, 88, 111, 118, 92, 3
84, 98, 111, 87, 84, 98, 106, 91, 84, 102, 111, 87, 88, 103, 113, 85, 97, 107, 113, 88, 92, 112, 118, 92, 93, 107, 113, 87, 93, 107, 113, 87, 93, 107, 109, 87, 3
64, 69, 78, 65, 68, 77, 86, 65, 64, 66, 86, 68, 71, 79, 79, 63, 68, 75, 79, 67, 60, 68, 79, 67, 67, 72, 81, 67, 67, 64, 81, 67, 59, 61, 77, 71, 7
88, 107, 118, 92, 88, 112, 113, 88, 88, 103, 113, 88, 88, 107, 113, 87, 88, 107, 104, 87, 88, 107, 109, 83, 90, 104, 112, 85, 86, 104, 108, 85, 86, 104, 108, 85, 3
92, 112, 118, 92, 92, 107, 113, 92, 92, 107, 118, 88, 88, 107, 109, 92, 88, 107, 109, 87, 88, 107, 109, 87, 90, 104, 112, 89, 86, 104, 108, 89, 90, 104, 108, 92, 3
90, 109, 112, 92, 86, 109, 108, 89, 86, 109, 112, 89, 92, 108, 110, 90, 92, 108, 110, 90, 87, 108, 110, 86, 89, 106, 110, 87, 89, 106, 114, 90, 89, 102, 114, 90, 3
63, 73, 97, 83, 59, 60, 110, 98, 49, 45, 119, 116, 47, 40, 119, 122, 42, 37, 119, 129, 44, 34, 124, 136, 47, 34, 125, 135, 44, 34, 131, 131, 44, 34, 120, 135, 2
83, 103, 105, 86, 83, 103, 110, 83, 83, 99, 101, 79, 85, 102, 110, 87, 85, 106, 114, 87, 89, 97, 105, 83, 92, 106, 111, 87, 92, 106, 111, 87, 88, 102, 106, 83, 3
79, 99, 105, 83, 83, 95, 105, 83, 83, 95, 101, 79, 85, 102, 101, 83, 82, 102, 105, 83, 82, 102, 114, 87, 88, 111, 111, 87, 88, 102, 111, 83, 84, 102, 106, 83, 3
78, 106, 110, 87, 78, 102, 110, 83, 78, 102, 110, 83, 84, 111, 111, 91, 76, 102, 102, 79, 80, 98, 102, 79, 84, 107, 113, 85, 84, 99, 104, 78, 80, 95, 100, 78, 3
42, 31, 124, 133, 44, 34, 119, 133, 44, 37, 119, 136, 44, 34, 131, 135, 44, 31, 125, 135, 47, 31, 131, 139, 43, 31, 128, 135, 43, 31, 128, 135, 46, 34, 133, 132, 2
44, 34, 119, 133, 53, 56, 105, 97, 74, 92, 101, 76, 41, 31, 131, 139, 44, 40, 120, 120, 64, 73, 106, 83, 43, 31, 128, 132, 46, 34, 118, 132, 50, 51, 113, 103, 2
89, 111, 114, 87, 89, 111, 110, 87, 89, 106, 110, 87, 92, 111, 115, 91, 88, 106, 115, 91, 88, 115, 115, 91, 88, 107, 113, 88, 88, 107, 113, 88, 88, 107, 108, 88, 3
89, 111, 110, 87, 89, 106, 110, 87, 89, 106, 114, 90, 88, 106, 115, 91, 88, 115, 115, 91, 92, 115, 120, 94, 88, 107, 113, 88, 88, 107, 108, 88, 88, 107, 113, 92, 3
88, 106, 106, 87, 88, 106, 111, 87, 88, 111, 111, 87, 88, 107, 113, 88, 88, 107, 118, 88, 88, 103, 118, 85, 84, 103, 109, 83, 88, 103, 113, 87, 88, 107, 109, 87, 3
80, 91, 91, 70, 71, 91, 96, 74, 76, 91, 96, 70, 71, 83, 96, 75, 67, 72, 96, 83, 59, 58, 104, 100, 66, 63, 100, 92, 56, 53, 108, 107, 49, 37, 122, 125, 2
93, 126, 134, 108, 88, 126, 134, 104, 88, 121, 128, 104, 90, 123, 133, 103, 86, 128, 133, 107, 90, 123, 127, 103, 87, 122, 130, 101, 92, 127, 135, 105, 92, 122, 130, 105, 3
79, 99, 100, 75, 84, 91, 100, 75, 84, 95, 100, 79, 78, 96, 100, 81, 82, 96, 96, 78, 82, 91, 100, 74, 79, 91, 105, 79, 71, 73, 101, 90, 63, 57, 105, 101, 4
44, 34, 123, 129, 48, 37, 118, 121, 51, 45, 113, 104, 43, 32, 122, 133, 46, 29, 127, 136, 46, 32, 122, 136, 42, 32, 130, 135, 46, 32, 124, 139, 42, 34, 124, 135, 2
75, 83, 85, 67, 75, 79, 89, 71, 75, 79, 85, 71, 66, 71, 80, 63, 70, 79, 84, 66, 70, 79, 80, 70, 71, 73, 79, 64, 67, 73, 72, 60, 63, 70, 75, 57, 7
49, 37, 122, 125, 43, 32, 127, 133, 43, 34, 127, 133, 42, 32, 130, 135, 42, 32, 124, 139, 42, 32, 135, 139, 44, 34, 124, 133, 44, 34, 124, 136, 44, 34, 129, 140, 2
46, 29, 138, 147, 46, 29, 133, 140, 46, 32, 127, 133, 42, 30, 130, 142, 46, 30, 124, 135, 46, 32, 124, 131, 44, 34, 129, 143, 44, 34, 124, 143, 44, 34, 119, 136, 2
66, 75, 80, 66, 66, 71, 80, 63, 70, 79, 84, 66, 71, 73, 75, 60, 71, 73, 79, 64, 67, 73, 72, 60, 70, 84, 93, 76, 70, 84, 85, 69, 67, 75, 78, 58, 7
63, 71, 78, 58, 67, 71, 78, 58, 67, 75, 82, 62, 64, 62, 71, 50, 60, 62, 67, 50, 60, 62, 67, 54, 56, 54, 67, 49, 56, 54, 67, 52, 53, 57, 67, 52, 5
44, 31, 136, 142, 44, 31, 136, 139, 44, 31, 131, 135, 46, 29, 133, 139, 46, 31, 133, 135, 46, 31, 122, 132, 44, 32, 128, 137, 44, 32, 123, 129, 44, 34, 128, 129, 2
44, 31, 120, 128, 44, 34, 115, 124, 47, 34, 115, 120, 46, 34, 122, 125, 46, 36, 122, 121, 46, 36, 118, 125, 48, 29, 123, 125, 44, 32, 113, 121, 48, 34, 118, 112, 2
92, 106, 115, 87, 88, 111, 111, 91, 92, 111, 115, 91, 92, 112, 118, 88, 92, 112, 113, 92, 92, 112, 118, 92, 88, 111, 118, 87, 88, 111, 118, 96, 93, 111, 118, 96, 3
80, 95, 100, 74, 64, 64, 104, 96, 46, 36, 122, 139, 84, 95, 96, 79, 71, 83, 93, 79, 55, 51, 113, 108, 82, 96, 100, 81, 82, 91, 92, 78, 78, 83, 96, 74, 2
46, 36, 122, 139, 46, 31, 128, 135, 46, 31, 128, 135, 55, 51, 113, 108, 44, 37, 134, 137, 44, 32, 139, 141, 78, 83, 96, 74, 63, 56, 108, 103, 46, 34, 127, 144, 2
43, 36, 118, 121, 46, 36, 118, 128, 46, 34, 122, 125, 48, 40, 113, 112, 48, 37, 113, 116, 48, 34, 123, 125, 49, 34, 112, 111, 46, 37, 117, 114, 49, 34, 112, 118, 2
92, 103, 113, 88, 88, 107, 108, 92, 92, 107, 108, 88, 93, 111, 118, 87, 88, 107, 109, 87, 88, 107, 109, 87, 90, 113, 112, 92, 90, 113, 112, 92, 90, 113, 112, 89, 3
88, 111, 118, 87, 88, 111, 118, 96, 93, 111, 118, 96, 90, 113, 112, 92, 90, 109, 112, 89, 90, 113, 117, 92, 92, 108, 119, 90, 96, 112, 119, 90, 96, 112, 119, 94, 3
88, 103, 113, 83, 84, 95, 100, 83, 79, 87, 96, 75, 78, 96, 92, 81, 74, 91, 96, 78, 74, 87, 92, 74, 71, 73, 79, 64, 71, 77, 82, 68, 67, 77, 86, 68, 7
67, 72, 70, 58, 67, 72, 74, 58, 63, 68, 74, 58, 59, 63, 73, 59, 63, 67, 73, 55, 63, 67, 69, 55, 63, 63, 72, 57, 63, 63, 68, 53, 59, 60, 65, 53, 7
90, 113, 122, 96, 95, 109, 112, 89, 95, 109, 117, 85, 101, 112, 124, 94, 96, 112, 114, 90, 92, 112, 114, 94, 93, 111, 114, 94, 97, 115, 119, 94, 97, 115, 124, 94, 3
92, 112, 124, 94, 92, 112, 114, 98, 92, 108, 114, 90, 93, 106, 114, 90, 89, 102, 110, 83, 82, 92, 101, 80, 76, 94, 98, 72, 76, 89, 94, 76, 80, 89, 94, 76, 3
49, 40, 105, 116, 52, 45, 105, 105, 46, 32, 124, 135, 44, 37, 119, 129, 44, 43, 105, 111, 50, 43, 110, 111, 44, 34, 115, 120, 47, 40, 115, 116, 50, 43, 106, 102, 2
56, 51, 68, 53, 56, 54, 72, 49, 56, 51, 62, 45, 53, 53, 74, 62, 53, 53, 70, 58, 53, 53, 67, 48, 53, 52, 78, 65, 53, 49, 74, 57, 53, 52, 71, 50, 5
78, 92, 101, 76, 82, 92, 101, 80, 78, 88, 93, 76, 80, 89, 98, 79, 84, 94, 98, 76, 76, 85, 90, 72, 84, 95, 100, 78, 80, 91, 96, 81, 71, 87, 91, 74, 4
93, 115, 114, 94, 93, 115, 119, 94, 97, 115, 114, 97, 97, 115, 115, 94, 88, 115, 120, 94, 88, 111, 115, 91, 88, 107, 108, 88, 84, 99, 104, 81, 84, 99, 104, 78, 3
88, 98, 106, 79, 84, 98, 98, 79, 80, 89, 94, 76, 84, 95, 96, 78, 80, 87, 91, 74, 68, 83, 83, 67, 71, 83, 85, 67, 71, 79, 85, 67, 71, 75, 85, 67, 7
43, 29, 122, 135, 43, 29, 122, 128, 43, 29, 122, 128, 41, 27, 134, 146, 41, 27, 134, 137, 41, 27, 123, 129, 46, 29, 117, 133, 43, 27, 133, 151, 43, 27, 127, 147, 2
67, 72, 74, 58, 67, 72, 70, 54, 71, 72, 74, 58, 63, 67, 69, 55, 63, 71, 69, 55, 63, 67, 73, 55, 67, 66, 72, 53, 63, 70, 68, 53, 67, 70, 72, 57, 7
79, 95, 96, 75, 84, 95, 100, 79, 84, 99, 104, 79, 82, 96, 100, 78, 82, 96, 100, 78, 82, 91, 100, 78, 79, 95, 97, 75, 83, 95, 97, 75, 75, 84, 93, 72, 7
55, 51, 67, 50, 55, 51, 70, 54, 55, 45, 70, 54, 56, 49, 73, 59, 56, 49, 69, 52, 56, 46, 69, 52, 52, 48, 75, 60, 56, 51, 72, 57, 59, 51, 72, 53, 5
55, 51, 77, 67, 55, 54, 77, 62, 59, 48, 74, 54, 56, 49, 69, 55, 56, 53, 73, 63, 59, 53, 84, 66, 56, 48, 68, 53, 56, 51, 68, 60, 56, 51, 75, 68, 5
78, 96, 104, 78, 82, 96, 100, 81, 78, 91, 96, 78, 79, 95, 97, 79, 79, 91, 101, 75, 79, 95, 105, 79, 78, 92, 97, 76, 82, 92, 97, 80, 82, 92, 101, 83, 4
82, 91, 104, 81, 82, 96, 104, 81, 82, 100, 100, 78, 79, 99, 105, 83, 83, 103, 105, 83, 83, 103, 105, 83, 82, 102, 110, 83, 85, 106, 110, 83, 89, 106, 110, 87, 3
53, 56, 101, 97, 60, 63, 85, 73, 67, 71, 78, 58, 64, 73, 74, 54, 68, 69, 78, 54, 64, 66, 64, 54, 64, 71, 75, 59, 71, 71, 75, 52, 64, 68, 71, 52, 7
84, 102, 102, 79, 84, 102, 102, 83, 84, 98, 106, 83, 92, 112, 118, 88, 92, 107, 113, 85, 88, 103, 108, 81, 97, 116, 113, 92, 93, 111, 113, 92, 88, 111, 109, 87, 3
92, 107, 113, 92, 92, 107, 113, 88, 92, 107, 118, 92, 93, 111, 113, 92, 93, 111, 109, 87, 97, 111, 109, 87, 99, 113, 117, 92, 99, 113, 122, 96, 95, 109, 117, 89, 3
68, 75, 71, 56, 68, 71, 75, 56, 68, 75, 75, 59, 71, 72, 74, 58, 67, 75, 77, 58, 71, 75, 77, 67, 66, 71, 73, 59, 70, 75, 80, 59, 70, 79, 88, 66, 7
68, 75, 83, 67, 68, 71, 83, 70, 71, 75, 87, 88, 67, 72, 81, 67, 71, 72, 77, 67, 67, 68, 81, 67, 66, 71, 84, 70, 66, 71, 80, 66, 66, 71, 80, 66, 5
95, 109, 117, 89, 90, 113, 112, 92, 90, 109, 108, 89, 87, 99, 105, 83, 83, 95, 97, 79, 75, 84, 90, 68, 82, 88, 97, 73, 78, 84, 89, 69, 67, 71, 74, 55, 7
66, 75, 73, 55, 63, 71, 73, 55, 63, 71, 73, 55, 71, 77, 82, 60, 67, 73, 75, 57, 67, 81, 82, 60, 67, 75, 78, 58, 70, 75, 78, 58, 67, 79, 82, 62, 7
96, 117, 119, 94, 96, 117, 119, 94, 96, 117, 119, 94, 101, 120, 119, 94, 97, 120, 124, 97, 97, 115, 119, 94, 101, 120, 120, 98, 101, 120, 120, 94, 101, 115, 120, 94, 3
96, 112, 114, 98, 92, 112, 119, 90, 92, 112, 114, 90, 97, 115, 114, 94, 93, 106, 114, 90, 93, 111, 114, 90, 92, 111, 111, 91, 92, 111, 115, 91, 88, 106, 111, 91, 3
67, 73, 79, 57, 67, 73, 75, 60, 67, 73, 75, 60, 63, 75, 78, 58, 63, 71, 74, 58, 67, 75, 78, 58, 64, 73, 82, 61, 64, 73, 86, 61, 64, 73, 78, 57, 7
93, 115, 114, 90, 93, 115, 114, 90, 101, 120, 119, 94, 92, 111, 115, 91, 97, 115, 120, 94, 101, 120, 120, 98, 97, 112, 118, 96, 101, 116, 122, 96, 101, 116, 122, 96, 3
70, 75, 78, 58, 67, 79, 82, 62, 67, 75, 82, 58, 72, 73, 82, 61, 72, 77, 74, 57, 68, 77, 74, 57, 64, 75, 79, 59, 68, 75, 75, 59, 64, 75, 75, 52, 7
97, 112, 122, 92, 92, 107, 118, 96, 92, 107, 118, 88, 97, 116, 118, 96, 93, 111, 118, 92, 93, 107, 113, 87, 90, 109, 112, 89, 90, 104, 108, 85, 86, 109, 104, 81, 3
63, 71, 76, 59, 63, 71, 76, 59, 63, 75, 80, 59, 63, 70, 72, 57, 63, 73, 75, 57, 63, 73, 79, 57, 63, 79, 85, 62, 67, 79, 82, 58, 67, 75, 82, 62, 7
71, 81, 82, 60, 67, 77, 75, 57, 67, 73, 75, 57, 70, 79, 85, 62, 70, 84, 82, 58, 67, 79, 82, 62, 68, 81, 82, 65, 68, 81, 82, 65, 72, 77, 82, 61, 7
67, 73, 75, 57, 67, 77, 75, 60, 67, 77, 82, 60, 63, 75, 74, 62, 63, 71, 74, 58, 63, 71, 78, 62, 64, 73, 74, 57, 64, 73, 74, 57, 64, 73, 78, 61, 7
71, 81, 90, 72, 71, 81, 82, 75, 71, 84, 90, 72, 67, 84, 93, 76, 67, 84, 89, 73, 70, 84, 89, 76, 64, 81, 86, 72, 68, 81, 86, 68, 72, 85, 86, 68, 4
89, 111, 114, 83, 89, 106, 110, 83, 82, 97, 101, 80, 88, 102, 102, 83, 84, 98, 102, 79, 80, 98, 94, 72, 84, 95, 100, 78, 80, 91, 96, 74, 80, 87, 91, 78, 4
63, 75, 74, 62, 63, 71, 74, 58, 63, 71, 78, 62, 64, 73, 74, 57, 64, 73, 74, 57, 64, 73, 78, 61, 68, 75, 75, 59, 64, 75, 79, 59, 64, 79, 83, 63, 7
67, 84, 93, 76, 67, 84, 89, 73, 70, 84, 89, 76, 64, 81, 86, 72, 68, 81, 86, 68, 72, 85, 86, 68, 71, 83, 87, 70, 76, 87, 91, 78, 76, 91, 96, 74, 4
88, 102, 111, 87, 88, 102, 102, 83, 84, 98, 102, 79, 84, 99, 104, 81, 84, 95, 100, 78, 80, 91, 96, 74, 84, 95, 100, 79, 79, 95, 93, 75, 79, 91, 96, 75, 4
76, 94, 98, 76, 76, 98, 98, 76, 76, 94, 98, 76, 80, 99, 104, 78, 76, 95, 96, 78, 71, 87, 96, 74, 79, 95, 100, 79, 75, 91, 96, 75, 75, 91, 93, 71, 4
68, 75, 75, 59, 68, 75, 79, 59, 68, 75, 79, 59, 67, 72, 81, 58, 71, 75, 77, 58, 71, 75, 74, 58, 70, 79, 80, 59, 70, 75, 73, 59, 70, 75, 76, 59, 7
64, 79, 79, 63, 68, 79, 83, 63, 68, 79, 79, 67, 67, 79, 85, 62, 71, 83, 85, 62, 71, 87, 85, 67, 63, 79, 84, 63, 66, 79, 84, 63, 66, 79, 84, 63, 7
64, 87, 100, 74, 68, 91, 100, 81, 71, 103, 118, 96, 67, 95, 100, 79, 75, 99, 109, 87, 79, 111, 123, 100, 63, 83, 96, 78, 66, 91, 104, 81, 74, 100, 108, 92, 1
76, 91, 96, 74, 76, 91, 91, 70, 76, 83, 87, 70, 71, 79, 85, 67, 71, 68, 77, 62, 67, 72, 74, 58, 63, 63, 66, 52, 59, 63, 66, 52, 59, 63, 66, 55, 7
75, 99, 109, 87, 79, 111, 123, 100, 75, 111, 123, 100, 66, 91, 104, 81, 74, 100, 108, 92, 78, 113, 117, 96, 67, 99, 105, 86, 75, 112, 119, 101, 79, 112, 124, 101, 1
66, 79, 80, 63, 70, 79, 80, 63, 66, 75, 80, 63, 71, 81, 90, 68, 75, 88, 93, 68, 75, 81, 86, 64, 74, 88, 97, 80, 82, 97, 105, 83, 78, 88, 93, 73, 7
78, 88, 97, 76, 85, 102, 105, 83, 85, 102, 101, 83, 76, 94, 94, 76, 80, 102, 102, 79, 84, 102, 102, 83, 76, 91, 96, 74, 76, 91, 96, 74, 76, 91, 87, 70, 4
57, 60, 93, 80, 57, 63, 89, 76, 60, 67, 78, 65, 57, 55, 86, 72, 57, 55, 82, 72, 57, 59, 74, 68, 56, 57, 87, 70, 56, 57, 83, 67, 56, 57, 83, 70, 5
63, 111, 124, 97, 63, 120, 124, 101, 63, 115, 124, 101, 64, 115, 125, 98, 64, 115, 125, 102, 64, 115, 125, 98, 64, 116, 128, 103, 64, 112, 128, 103, 64, 116, 122, 99, 1
68, 106, 115, 98, 72, 115, 120, 98, 68, 111, 120, 98, 68, 112, 118, 96, 68, 116, 122, 99, 71, 112, 118, 99, 71, 111, 118, 92, 71, 111, 123, 96, 71, 107, 123, 96, 1
64, 115, 125, 98, 60, 111, 120, 98, 64, 111, 115, 102, 64, 116, 122, 99, 64, 121, 122, 96, 64, 116, 122, 99, 67, 116, 123, 100, 71, 111, 128, 100, 67, 111, 123, 96, 1
64, 106, 111, 91, 64, 94, 102, 83, 68, 94, 102, 79, 68, 112, 128, 96, 64, 103, 113, 88, 60, 91, 104, 81, 71, 116, 123, 100, 71, 107, 118, 96, 67, 99, 109, 83, 1
76, 87, 91, 70, 76, 87, 91, 67, 76, 91, 96, 74, 75, 87, 89, 67, 75, 87, 89, 67, 75, 87, 89, 67, 74, 87, 84, 70, 74, 87, 92, 70, 74, 87, 88, 66, 4
84, 95, 100, 78, 80, 95, 100, 81, 84, 99, 104, 85, 79, 91, 93, 75, 79, 95, 96, 75, 84, 95, 100, 79, 74, 79, 84, 66, 82, 87, 96, 78, 82, 96, 100, 78, 4
76, 91, 96, 74, 76, 91, 96, 74, 76, 91, 87, 70, 71, 79, 89, 75, 67, 75, 89, 67, 67, 72, 85, 67, 66, 71, 88, 74, 56, 53, 80, 66, 59, 53, 73, 63, 5
68, 112, 122, 96, 68, 112, 128, 99, 68, 116, 122, 103, 67, 107, 113, 96, 67, 111, 118, 96, 71, 116, 123, 100, 66, 109, 117, 96, 66, 109, 112, 96, 66, 109, 122, 100, 1
67, 79, 81, 62, 75, 87, 89, 71, 79, 91, 93, 75, 66, 79, 84, 63, 66, 79, 80, 59, 74, 79, 84, 66, 71, 84, 86, 64, 67, 81, 82, 64, 67, 77, 82, 64, 7
75, 83, 81, 62, 71, 79, 85, 67, 71, 83, 81, 67, 74, 87, 84, 66, 78, 87, 84, 70, 74, 79, 84, 63, 75, 88, 97, 75, 75, 88, 97, 72, 75, 84, 93, 68, 7
55, 54, 85, 71, 55, 54, 85, 71, 55, 58, 81, 71, 56, 60, 84, 74, 56, 56, 88, 74, 56, 53, 84, 74, 56, 51, 79, 75, 49, 54, 86, 75, 52, 54, 79, 75, 5
75, 91, 90, 75, 79, 88, 93, 75, 75, 88, 97, 72, 78, 92, 101, 83, 82, 97, 101, 83, 82, 92, 101, 76, 80, 94, 102, 79, 84, 98, 111, 83, 80, 98, 111, 83, 3
75, 91, 101, 79, 79, 99, 105, 83, 83, 99, 105, 83, 78, 92, 105, 80, 82, 97, 105, 87, 82, 97, 105, 83, 80, 98, 106, 83, 84, 98, 111, 87, 84, 102, 111, 87, 3
83, 99, 105, 83, 79, 99, 105, 83, 75, 91, 97, 68, 82, 97, 105, 83, 78, 97, 105, 83, 78, 88, 89, 69, 84, 102, 111, 87, 84, 98, 106, 83, 76, 85, 90, 61, 3
63, 66, 75, 60, 67, 70, 72, 60, 67, 70, 75, 57, 63, 71, 74, 58, 63, 67, 70, 58, 60, 67, 70, 55, 60, 69, 74, 54, 60, 69, 71, 57, 60, 62, 67, 57, 7
74, 84, 85, 65, 74, 88, 93, 69, 78, 92, 93, 73, 76, 85, 90, 68, 76, 85, 90, 68, 76, 94, 94, 72, 71, 87, 91, 70, 76, 83, 91, 67, 80, 87, 91, 70, 4
78, 92, 93, 73, 67, 88, 89, 69, 67, 84, 85, 62, 76, 94, 94, 72, 76, 94, 94, 68, 68, 85, 82, 65, 80, 87, 91, 70, 80, 95, 91, 74, 71, 87, 87, 70, 4
67, 115, 119, 101, 67, 111, 119, 94, 63, 111, 124, 97, 68, 115, 120, 98, 68, 115, 125, 98, 68, 115, 125, 98, 64, 116, 122, 99, 64, 112, 128, 96, 64, 112, 122, 96, 1
63, 111, 124, 101, 63, 111, 124, 101, 67, 115, 129, 101, 64, 106, 125, 98, 64, 111, 120, 98, 64, 111, 125, 102, 64, 107, 118, 99, 64, 107, 122, 96, 68, 107, 122, 99, 1
64, 81, 78, 65, 68, 81, 82, 65, 72, 89, 94, 72, 68, 83, 83, 67, 68, 83, 83, 63, 68, 83, 87, 67, 67, 79, 85, 67, 71, 79, 85, 67, 71, 79, 85, 62, 7
53, 55, 78, 68, 53, 52, 82, 72, 53, 52, 82, 68, 56, 57, 79, 63, 60, 54, 75, 59, 53, 54, 71, 59, 55, 54, 74, 58, 55, 54, 74, 62, 55, 58, 77, 58, 5
60, 77, 82, 65, 60, 89, 102, 79, 68, 106, 111, 91, 60, 83, 91, 74, 60, 99, 108, 88, 68, 112, 118, 96, 67, 91, 100, 79, 71, 103, 109, 87, 71, 111, 113, 96, 1
60, 89, 102, 79, 68, 106, 111, 91, 68, 111, 115, 98, 60, 99, 108, 88, 68, 112, 118, 96, 71, 107, 118, 96, 71, 103, 109, 87, 71, 111, 113, 96, 71, 111, 123, 100, 1
84, 103, 108, 85, 80, 99, 104, 81, 71, 83, 87, 59, 79, 107, 104, 87, 84, 99, 104, 83, 71, 83, 81, 62, 82, 104, 112, 89, 82, 100, 104, 89, 78, 96, 104, 81, 3
53, 51, 75, 59, 53, 57, 75, 63, 56, 68, 87, 63, 55, 54, 81, 71, 51, 58, 81, 75, 55, 68, 89, 71, 56, 56, 84, 78, 56, 63, 88, 78, 59, 71, 88, 78, 5
75, 91, 93, 71, 75, 87, 96, 71, 71, 83, 93, 67, 78, 91, 88, 70, 78, 87, 88, 70, 78, 96, 92, 74, 79, 95, 93, 72, 79, 91, 90, 68, 79, 88, 90, 72, 4
55, 64, 81, 67, 67, 64, 85, 67, 71, 79, 89, 71, 63, 67, 80, 70, 59, 63, 73, 66, 66, 63, 84, 66, 75, 81, 86, 75, 63, 66, 79, 68, 63, 57, 75, 68, 5
79, 91, 90, 68, 79, 88, 90, 72, 79, 88, 93, 72, 78, 84, 89, 69, 78, 88, 89, 69, 78, 88, 89, 73, 76, 89, 86, 68, 80, 85, 86, 68, 76, 85, 90, 68, 4
56, 57, 72, 57, 56, 57, 72, 57, 56, 57, 75, 57, 60, 63, 78, 62, 60, 71, 85, 69, 60, 63, 82, 69, 60, 66, 74, 61, 60, 69, 86, 76, 60, 66, 98, 83, 5
82, 88, 97, 69, 74, 88, 93, 73, 74, 84, 97, 69, 80, 94, 94, 72, 80, 89, 94, 72, 76, 85, 86, 68, 80, 91, 96, 70, 76, 91, 91, 70, 71, 87, 91, 70, 4
68, 112, 122, 99, 68, 107, 128, 96, 71, 112, 128, 99, 67, 111, 113, 100, 67, 111, 118, 96, 71, 111, 118, 96, 70, 109, 122, 100, 66, 109, 122, 96, 70, 113, 127, 96, 1
59, 104, 112, 92, 59, 100, 104, 81, 59, 96, 104, 81, 63, 99, 114, 90, 63, 99, 110, 86, 59, 95, 105, 86, 63, 111, 119, 97, 63, 106, 119, 90, 60, 97, 114, 94, 1
66, 100, 108, 89, 63, 100, 112, 92, 63, 109, 122, 96, 67, 95, 101, 83, 67, 95, 101, 86, 67, 99, 114, 86, 67, 84, 89, 76, 63, 79, 85, 73, 67, 84, 93, 76, 1
59, 99, 110, 90, 59, 95, 110, 90, 59, 91, 105, 86, 57, 92, 105, 83, 57, 88, 105, 83, 57, 92, 105, 83, 53, 89, 106, 83, 53, 81, 102, 83, 53, 85, 94, 83, 1
88, 106, 106, 87, 88, 106, 111, 91, 88, 115, 120, 94, 88, 103, 108, 88, 88, 107, 113, 92, 88, 112, 122, 96, 93, 103, 113, 92, 88, 107, 118, 96, 88, 121, 123, 100, 3
53, 89, 106, 83, 53, 81, 102, 83, 53, 85, 94, 83, 53, 95, 108, 85, 53, 83, 100, 81, 53, 79, 96, 78, 51, 83, 100, 83, 51, 79, 96, 79, 55, 79, 93, 75, 1
64, 111, 120, 94, 64, 111, 125, 98, 72, 111, 120, 98, 68, 107, 118, 96, 64, 112, 122, 96, 64, 112, 122, 99, 67, 107, 118, 96, 67, 107, 123, 96, 67, 111, 123, 96, 1
76, 112, 122, 99, 76, 112, 122, 99, 68, 103, 113, 88, 84, 116, 118, 96, 75, 107, 123, 96, 67, 107, 118, 92, 70, 100, 117, 92, 66, 109, 122, 92, 70, 109, 122, 96, 1
88, 121, 123, 100, 84, 111, 118, 96, 79, 107, 109, 96, 78, 104, 104, 92, 78, 113, 112, 96, 70, 104, 112, 92, 79, 108, 110, 98, 71, 103, 114, 94, 63, 95, 105, 86, 1
59, 87, 104, 87, 55, 83, 100, 83, 51, 79, 100, 79, 56, 87, 104, 85, 56, 83, 100, 81, 49, 75, 100, 78, 49, 73, 97, 79, 49, 73, 86, 79, 52, 70, 90, 75, 1
59, 87, 100, 83, 55, 79, 96, 75, 55, 83, 96, 79, 56, 83, 104, 85, 63, 91, 108, 89, 59, 91, 104, 85, 59, 91, 101, 86, 59, 91, 101, 86, 56, 88, 101, 83, 1
71, 103, 114, 94, 63, 95, 105, 86, 56, 81, 90, 79, 63, 97, 114, 94, 57, 97, 105, 90, 57, 84, 101, 80, 57, 102, 115, 94, 57, 94, 111, 87, 53, 85, 102, 87, 1
53, 75, 89, 76, 53, 79, 93, 73, 53, 79, 93, 73, 53, 73, 90, 79, 57, 73, 90, 76, 57, 77, 98, 76, 53, 75, 87, 74, 56, 79, 96, 78, 56, 87, 104, 85, 1
53, 84, 101, 80, 50, 84, 93, 76, 53, 88, 97, 80, 53, 85, 102, 79, 57, 85, 94, 79, 53, 81, 90, 79, 56, 83, 104, 81, 56, 83, 96, 81, 60, 87, 96, 81, 1
60, 88, 105, 87, 57, 92, 101, 87, 57, 88, 105, 83, 57, 89, 106, 87, 60, 94, 102, 87, 60, 98, 111, 87, 56, 91, 104, 85, 60, 91, 104, 85, 56, 91, 104, 85, 1
88, 106, 106, 87, 88, 106, 106, 87, 88, 111, 111, 94, 88, 103, 104, 81, 84, 103, 108, 85, 84, 103, 108, 88, 79, 103, 100, 79, 84, 99, 100, 79, 84, 99, 104, 79, 3
84, 106, 111, 94, 76, 102, 111, 91, 64, 98, 111, 91, 80, 107, 118, 96, 71, 99, 108, 88, 60, 95, 108, 88, 79, 111, 118, 96, 67, 99, 113, 92, 55, 87, 104, 87, 1
53, 81, 90, 79, 53, 85, 98, 83, 57, 89, 106, 87, 60, 87, 96, 81, 56, 83, 100, 81, 56, 91, 104, 85, 67, 95, 109, 87, 63, 95, 104, 83, 63, 95, 113, 87, 1
72, 85, 98, 79, 64, 81, 98, 83, 64, 73, 90, 79, 76, 83, 100, 78, 64, 64, 83, 74, 60, 61, 79, 70, 79, 99, 109, 83, 71, 75, 93, 79, 51, 51, 81, 79, 5
92, 107, 108, 85, 88, 103, 104, 81, 84, 95, 104, 85, 93, 107, 109, 87, 84, 103, 109, 79, 84, 99, 100, 79, 90, 104, 112, 85, 90, 109, 112, 89, 82, 100, 96, 81, 3
53, 61, 79, 67, 56, 68, 83, 74, 64, 83, 100, 85, 51, 61, 77, 71, 51, 68, 81, 71, 59, 72, 85, 75, 49, 63, 76, 66, 49, 67, 80, 70, 52, 71, 80, 74, 1
84, 103, 104, 83, 88, 103, 104, 83, 88, 103, 104, 87, 90, 100, 104, 85, 90, 100, 108, 81, 90, 104, 108, 85, 83, 95, 101, 79, 87, 99, 101, 83, 87, 99, 105, 83, 3
88, 107, 109, 87, 88, 107, 113, 87, 93, 107, 113, 92, 86, 100, 104, 81, 86, 104, 108, 85, 90, 104, 108, 89, 83, 95, 101, 83, 87, 103, 110, 86, 92, 103, 105, 86, 3
88, 107, 113, 87, 88, 103, 109, 87, 88, 103, 104, 79, 90, 104, 112, 89, 86, 100, 108, 89, 86, 104, 108, 89, 87, 103, 110, 86, 87, 103, 114, 86, 92, 112, 119, 94, 3
48, 42, 74, 75, 48, 48, 67, 71, 51, 54, 67, 62, 49, 49, 76, 74, 49, 46, 69, 66, 52, 53, 73, 66, 59, 60, 75, 68, 52, 54, 75, 68, 52, 60, 72, 64, 5
90, 109, 112, 89, 82, 100, 96, 81, 82, 96, 100, 81, 87, 103, 110, 83, 83, 91, 97, 79, 83, 95, 101, 83, 85, 102, 101, 83, 82, 92, 105, 76, 85, 92, 101, 83, 3
63, 100, 112, 89, 63, 104, 108, 92, 63, 100, 108, 96, 59, 91, 110, 86, 63, 99, 110, 94, 63, 95, 105, 90, 60, 97, 105, 87, 63, 92, 110, 94, 63, 92, 105, 87, 1
83, 95, 97, 79, 83, 95, 101, 83, 87, 103, 110, 86, 82, 97, 101, 80, 85, 102, 110, 87, 85, 102, 110, 90, 80, 98, 102, 79, 84, 98, 106, 83, 84, 102, 106, 87, 3
87, 103, 110, 83, 83, 91, 97, 79, 83, 95, 101, 83, 85, 102, 101, 83, 82, 92, 105, 76, 85, 92, 101, 83, 84, 94, 102, 79, 84, 98, 98, 79, 84, 94, 102, 79, 3
83, 91, 97, 79, 83, 95, 101, 83, 87, 95, 101, 83, 82, 92, 105, 76, 85, 92, 101, 83, 85, 92, 105, 83, 84, 98, 98, 79, 84, 94, 102, 79, 84, 102, 111, 87, 3
67, 99, 110, 94, 63, 103, 119, 94, 67, 108, 124, 98, 63, 97, 114, 90, 67, 102, 119, 97, 74, 106, 124, 104, 64, 98, 111, 91, 68, 106, 111, 98, 72, 111, 120, 102, 1
50, 75, 89, 76, 50, 79, 89, 76, 50, 79, 93, 76, 53, 77, 94, 76, 50, 73, 90, 76, 50, 77, 98, 79, 53, 75, 87, 78, 50, 75, 91, 81, 50, 75, 96, 78, 1
56, 61, 96, 88, 56, 61, 91, 85, 56, 64, 91, 85, 55, 58, 96, 87, 59, 58, 93, 83, 59, 61, 89, 79, 56, 60, 100, 89, 56, 60, 88, 81, 56, 60, 88, 78, 5
55, 61, 100, 96, 55, 64, 104, 92, 59, 64, 100, 92, 63, 71, 104, 92, 59, 67, 104, 96, 59, 63, 104, 96, 63, 73, 97, 86, 59, 70, 105, 94, 63, 66, 101, 90, 5
56, 91, 108, 89, 52, 83, 100, 81, 49, 75, 92, 78, 52, 84, 97, 86, 52, 81, 97, 79, 52, 73, 90, 79, 50, 79, 101, 83, 50, 75, 93, 80, 50, 71, 89, 80, 1
56, 60, 88, 78, 56, 60, 84, 78, 52, 56, 80, 74, 56, 60, 86, 79, 52, 54, 86, 83, 49, 45, 86, 86, 53, 60, 93, 80, 47, 49, 82, 83, 44, 43, 82, 87, 5
56, 60, 84, 78, 52, 56, 80, 74, 59, 67, 88, 74, 52, 54, 86, 83, 49, 45, 86, 86, 49, 51, 86, 83, 47, 49, 82, 83, 44, 43, 82, 87, 50, 46, 82, 83, 5
63, 73, 97, 86, 59, 70, 105, 94, 63, 66, 101, 90, 60, 75, 101, 83, 60, 75, 101, 83, 60, 75, 97, 80, 64, 77, 94, 76, 60, 77, 94, 76, 57, 81, 90, 76, 5
67, 77, 110, 90, 75, 91, 97, 79, 79, 91, 97, 83, 67, 75, 105, 90, 74, 88, 105, 83, 74, 92, 101, 80, 64, 73, 102, 94, 76, 89, 106, 87, 76, 89, 98, 79, 4
