@relation  segment
@attribute Region-centroid-col real[1.0,254.0]
@attribute Region-centroid-row real[11.0,251.0]
@attribute Region-pixel-count real[9.0,10.0]
@attribute Short-line-density-5 real[0.0,0.33333334]
@attribute Short-line-density-2 real[0.0,0.22222222]
@attribute Vedge-mean real[0.0,29.222221]
@attribute Vegde-sd real[0.0,991.7184]
@attribute Hedge-mean real[0.0,44.722225]
@attribute Hedge-sd real[-1.5894573E-8,1386.3292]
@attribute Intensity-mean real[0.0,143.44444]
@attribute Rawred-mean real[0.0,137.11111]
@attribute Rawblue-mean real[0.0,150.88889]
@attribute Rawgreen-mean real[0.0,142.55556]
@attribute Exred-mean real[-49.666668,9.888889]
@attribute Exblue-mean real[-12.444445,82.0]
@attribute Exgreen-mean real[-33.88889,24.666666]
@attribute Value-mean real[0.0,150.88889]
@attribute Saturatoin-mean real[0.0,1.0]
@attribute Hue-mean real[-3.0441751,2.9124804]
@attribute Class{1,2,3,4,5,6,7}
@inputs Region-centroid-col,Region-centroid-row,Region-pixel-count,Short-line-density-5,Short-line-density-2,Vedge-mean,Vegde-sd,Hedge-mean,Hedge-sd,Intensity-mean,Rawred-mean,Rawblue-mean,Rawgreen-mean,Exred-mean,Exblue-mean,Exgreen-mean,Value-mean,Saturatoin-mean,Hue-mean
@outputs Class
@data
6 6
3 3
6 6
1 1
3 3
1 1
4 4
5 5
7 7
5 5
1 1
6 6
4 4
4 4
5 5
2 2
5 5
3 3
6 6
2 2
3 3
5 5
5 5
7 7
7 7
7 7
1 1
5 5
7 7
5 5
7 7
7 7
3 3
5 5
5 5
6 6
3 3
3 3
1 1
2 2
7 7
5 5
4 4
2 2
3 3
6 6
4 4
1 1
7 7
2 2
4 4
5 5
1 1
4 4
3 3
1 1
1 1
3 3
2 2
1 1
1 1
6 6
7 7
4 5
6 6
4 4
6 6
2 2
6 6
1 1
1 1
1 1
3 3
1 1
1 1
4 4
5 4
4 4
3 3
1 1
1 1
2 2
4 4
2 2
7 7
1 1
2 2
4 4
4 4
3 3
3 3
5 5
3 3
6 6
1 1
5 5
3 3
1 1
5 5
7 7
3 3
1 1
6 6
2 2
4 4
7 7
6 6
5 5
6 6
5 5
6 6
7 7
1 1
6 6
7 7
6 6
2 2
3 5
5 5
5 5
4 4
4 4
3 3
7 7
5 5
3 3
1 1
6 6
2 2
2 2
5 3
4 4
7 7
7 7
1 3
2 2
3 3
7 7
4 4
1 1
5 5
5 5
5 5
7 7
6 6
2 2
7 7
6 6
1 1
6 6
2 2
3 5
5 5
5 3
1 1
6 6
5 5
4 4
5 5
1 1
2 2
5 5
3 3
6 6
3 3
1 1
5 5
5 5
6 6
7 7
3 3
6 6
7 7
5 5
2 2
4 3
3 3
5 3
6 6
6 6
1 1
7 7
4 4
5 3
7 7
5 5
5 4
2 2
3 3
3 3
4 4
4 3
3 3
6 6
6 6
2 2
1 1
4 4
2 2
4 4
5 5
3 3
7 7
1 1
2 2
6 6
7 7
5 5
2 2
2 2
2 2
6 6
7 7
5 5
7 7
7 7
6 6
6 6
7 3
7 7
5 5
2 2
1 1
4 4
7 7
1 1
7 7
6 6
7 7
7 7
6 6
4 4
7 7
7 7
2 2
1 1
1 1
1 1
7 7
1 1
5 5
1 1
2 2
5 5
7 7
7 7
5 5
5 5
1 1
7 7
2 2
4 4
3 3
6 6
3 3
2 2
4 4
7 7
6 6
3 5
6 6
2 2
1 1
2 2
7 7
6 6
2 2
3 3
3 3
5 5
4 4
6 6
6 6
2 2
6 6
7 7
7 7
3 3
3 3
3 3
1 1
6 6
1 1
2 2
2 2
3 4
1 1
2 2
6 6
3 3
4 4
2 2
1 1
1 1
5 3
5 5
1 1
2 2
3 3
4 4
4 4
7 7
7 7
5 5
1 1
2 2
5 5
6 6
7 7
1 1
4 4
7 7
7 7
1 5
6 6
4 4
4 4
1 1
6 6
4 4
4 4
6 6
5 4
2 2
6 6
4 4
5 3
5 3
6 6
7 7
3 3
5 5
2 2
1 1
3 3
4 4
3 4
6 6
4 4
2 2
2 2
5 5
1 1
4 4
5 5
4 4
5 5
2 2
4 4
2 2
7 7
1 1
4 4
7 7
2 2
1 1
7 7
6 6
5 3
6 6
4 4
2 2
5 3
3 3
2 2
1 1
7 7
7 7
2 2
1 1
5 5
1 1
2 2
5 5
4 5
5 5
4 5
2 2
3 3
3 5
5 5
7 7
2 2
6 6
6 6
6 6
3 3
1 1
3 3
5 5
1 1
5 5
1 1
4 4
5 5
3 3
6 6
7 7
3 3
6 6
2 2
4 4
6 6
5 5
6 6
1 1
1 1
2 2
1 1
3 3
5 5
4 4
4 4
1 1
7 7
3 3
5 5
4 4
5 3
3 3
1 1
2 2
6 6
1 1
1 1
5 5
2 2
6 6
6 6
3 3
3 3
7 7
7 7
4 4
6 6
4 4
4 4
6 6
2 2
3 3
3 3
3 3
5 5
4 4
1 1
5 5
2 2
4 4
1 5
5 5
4 4
2 2
1 1
7 7
1 1
1 1
6 6
5 5
5 5
2 2
2 2
3 3
2 2
1 1
2 2
6 6
5 5
2 2
1 1
5 5
6 6
2 2
7 7
1 1
1 1
6 6
4 4
3 3
7 7
2 2
3 3
7 7
1 1
4 4
6 6
5 5
4 3
3 3
4 4
6 6
5 5
7 7
6 6
1 1
4 4
4 4
3 3
4 5
1 1
1 1
6 6
2 2
2 2
1 1
6 6
7 7
4 4
2 2
2 2
7 7
4 4
7 7
4 5
7 7
1 1
3 3
1 1
2 2
4 4
4 4
1 1
3 3
5 5
1 1
1 1
1 1
1 5
6 6
5 5
3 3
1 1
5 3
5 5
4 4
7 7
6 6
6 6
6 6
2 2
3 3
1 1
3 3
3 3
2 2
2 2
7 7
5 5
4 4
7 7
3 3
4 4
5 5
2 2
5 5
2 2
2 2
4 4
7 7
3 3
3 3
7 7
3 3
7 7
6 6
4 4
1 1
6 6
6 6
2 2
2 2
5 5
4 4
2 2
1 1
6 6
7 7
2 2
3 3
5 5
4 4
7 7
4 4
5 5
5 5
3 3
3 3
3 3
1 1
6 6
7 7
5 5
4 4
4 4
5 5
4 4
6 6
3 5
4 4
6 6
3 3
6 6
4 4
2 2
4 4
4 4
7 7
1 1
3 4
4 4
5 5
6 6
4 5
7 7
2 2
5 5
3 3
7 7
6 6
2 2
7 7
1 1
6 6
4 4
2 2
5 5
5 5
6 6
7 7
4 4
3 3
7 7
2 2
2 2
2 2
3 3
1 1
5 5
3 3
6 6
2 2
3 3
6 6
7 7
3 5
1 1
5 5
3 3
4 4
3 3
5 3
6 6
2 2
6 6
7 7
7 7
6 6
3 3
6 6
2 2
4 4
4 4
2 2
3 3
6 6
1 1
7 7
3 5
5 5
7 7
5 5
1 1
2 2
1 1
4 4
1 1
7 7
5 5
2 2
1 1
4 4
2 2
3 3
3 3
6 6
7 7
7 7
5 5
7 7
4 4
5 5
1 1
2 2
1 1
3 3
6 6
3 4
6 6
3 3
7 7
3 3
6 6
1 1
1 1
4 4
7 7
1 1
3 3
2 2
1 1
5 3
7 7
2 2
6 6
2 2
4 4
7 7
4 4
6 6
2 2
4 5
1 1
3 3
1 1
1 1
6 6
4 4
7 7
2 2
5 5
1 1
6 6
4 4
7 7
2 2
7 7
1 1
5 5
5 5
5 5
3 5
2 2
3 3
7 7
2 2
2 2
3 3
2 2
6 6
7 7
4 4
4 4
5 5
2 2
7 7
4 4
3 3
7 7
3 3
4 4
5 5
4 4
3 3
7 7
1 1
1 1
5 5
2 2
2 2
2 2
1 1
5 5
6 6
5 5
5 5
3 3
5 5
6 6
6 6
1 1
6 6
7 7
2 2
3 3
1 1
6 6
3 3
5 5
6 6
3 3
7 7
7 7
3 3
4 4
2 2
7 7
4 4
3 3
7 7
1 1
2 2
6 6
5 5
4 4
6 6
2 2
6 6
3 3
4 4
5 5
6 6
3 3
3 3
7 7
6 6
7 7
4 4
5 5
2 2
4 4
1 1
4 4
4 4
7 7
3 3
5 5
3 3
2 2
2 2
4 4
4 4
5 5
5 5
7 7
7 7
1 1
1 1
3 3
7 7
2 2
5 5
3 4
2 2
2 2
2 2
3 3
7 7
6 6
3 3
1 1
1 1
1 1
3 3
7 7
3 3
3 3
3 3
4 4
2 2
4 4
1 1
1 1
4 4
1 1
1 1
1 1
7 7
4 4
3 3
3 3
7 7
5 5
1 1
2 2
6 6
1 1
4 4
6 6
5 5
1 1
3 3
7 7
7 7
7 7
4 4
4 4
2 2
7 7
7 7
7 7
5 3
6 6
5 5
2 2
5 5
5 3
5 5
5 5
4 4
7 7
7 7
6 6
7 7
6 6
3 3
6 6
5 5
4 4
7 7
1 1
4 4
5 5
1 1
4 4
7 7
6 6
1 1
1 1
1 1
4 4
4 4
3 3
6 6
2 2
5 5
6 6
6 6
1 1
1 1
4 4
2 2
7 7
7 7
6 6
2 2
2 2
3 3
2 2
4 4
3 3
1 1
6 6
4 3
1 1
5 5
3 3
6 6
5 3
1 5
7 7
3 3
2 2
1 1
3 3
4 4
1 1
5 5
4 4
6 6
6 6
2 2
2 2
3 5
3 3
4 4
3 3
3 3
6 6
7 7
6 6
2 2
1 1
4 4
3 3
6 6
4 4
3 3
7 7
5 5
6 6
5 3
5 5
7 7
3 3
7 7
2 2
2 2
5 5
4 4
2 2
4 4
6 6
3 3
6 6
7 7
1 1
7 7
3 3
1 1
6 6
7 7
2 2
7 7
1 1
7 7
2 2
6 6
7 7
1 1
5 5
4 4
3 3
6 6
1 1
4 4
7 7
7 7
7 7
1 1
1 1
1 1
6 6
3 3
6 6
6 6
7 7
5 5
2 2
1 1
4 4
1 1
5 5
7 7
2 2
4 4
6 6
4 4
7 7
4 4
7 7
2 2
4 4
3 3
2 2
1 1
3 3
3 5
5 5
1 1
7 7
6 6
7 7
1 1
4 4
2 2
6 6
1 1
6 6
6 6
2 2
1 1
7 7
2 2
5 5
2 2
5 5
1 1
5 5
7 7
6 6
7 7
6 6
3 5
2 2
1 1
2 2
5 5
3 3
3 3
2 2
5 5
2 2
1 1
2 2
4 4
3 3
6 6
5 5
4 4
6 6
2 2
4 4
4 4
4 4
3 3
4 4
7 7
5 5
7 7
3 3
3 3
4 4
5 5
3 5
2 2
3 3
6 6
3 3
4 4
1 1
2 2
6 6
1 1
5 5
2 2
3 5
7 7
7 7
4 4
1 1
2 2
1 1
2 2
4 4
2 2
6 6
6 6
5 5
4 4
4 4
7 7
7 7
5 5
2 2
5 5
2 2
3 3
2 2
4 4
5 5
2 2
3 3
5 5
6 6
4 4
3 5
6 6
6 6
5 5
6 6
4 4
4 4
6 6
4 4
2 2
2 2
6 6
1 1
5 3
1 1
5 5
3 3
7 7
3 3
6 6
5 5
1 1
2 2
3 3
5 5
6 6
2 2
3 3
4 4
1 5
1 1
1 1
1 1
6 6
7 7
1 5
5 5
1 1
5 5
3 3
1 1
2 2
3 3
6 6
6 6
4 4
5 5
3 3
7 7
7 7
4 4
7 7
5 5
5 5
5 5
3 3
5 5
4 4
7 7
3 3
7 7
7 7
5 3
3 3
4 4
6 6
2 2
5 3
5 5
3 3
3 5
4 4
7 7
3 3
7 7
3 3
3 3
4 5
7 7
7 7
6 6
7 7
6 6
6 6
1 1
1 1
5 5
7 7
1 1
2 2
5 5
6 6
1 1
1 1
1 1
4 4
1 1
1 1
5 5
1 1
7 7
6 6
3 3
1 1
3 3
5 5
2 2
6 6
7 7
4 4
6 6
4 4
5 3
4 4
3 3
7 7
1 1
1 1
3 3
2 2
2 2
6 6
2 2
1 1
5 5
6 6
2 2
6 6
6 6
6 6
2 2
5 5
7 7
7 7
6 6
4 4
2 2
6 6
3 3
5 5
5 1
3 3
6 6
7 7
4 4
7 7
6 6
5 5
5 5
6 6
1 1
5 5
6 6
7 7
3 3
5 5
6 6
6 6
7 7
6 6
1 1
2 2
3 3
1 1
1 1
3 5
5 5
2 2
4 4
3 3
3 3
3 3
2 2
7 7
3 3
5 3
1 1
4 4
4 4
1 1
2 2
7 7
1 1
3 3
6 6
6 6
1 1
3 3
4 4
3 3
4 4
7 7
1 1
5 5
4 4
4 4
7 7
2 2
1 1
5 5
1 1
5 3
5 5
2 2
2 2
2 2
6 6
6 6
4 4
5 3
6 6
1 1
6 6
2 2
6 6
3 3
7 7
2 2
7 7
6 6
3 4
3 3
4 4
7 7
6 6
2 2
3 3
4 4
4 4
6 6
3 3
2 2
5 5
7 7
4 4
4 4
3 3
3 3
1 1
7 7
2 2
7 7
1 1
5 5
2 2
5 5
4 4
5 5
7 7
7 7
7 7
5 5
5 3
4 4
7 7
7 7
4 4
2 2
2 2
5 5
5 5
7 7
7 7
7 7
6 6
1 1
3 3
4 4
1 1
1 1
5 5
7 7
5 4
4 4
6 6
2 2
1 1
3 3
2 2
7 7
7 7
7 7
2 2
4 4
1 1
3 3
4 4
2 2
2 2
6 6
1 1
7 7
7 7
1 1
1 1
4 4
4 4
3 3
1 1
3 3
7 7
6 6
2 2
1 1
3 3
2 2
1 1
3 3
2 2
3 3
2 2
4 4
6 6
2 2
3 3
4 3
4 4
3 5
3 3
5 5
2 2
5 5
1 1
2 2
6 6
6 6
5 3
6 6
6 6
5 5
5 5
4 4
6 6
7 7
4 4
6 6
4 4
3 3
3 3
5 5
2 2
7 7
1 1
6 6
3 3
3 3
2 2
7 7
5 5
2 2
2 2
2 2
4 4
4 4
5 5
4 4
2 2
6 6
6 6
7 7
1 1
6 6
7 7
7 7
7 7
3 4
4 4
1 1
1 1
4 4
3 3
6 6
1 1
3 3
7 7
6 6
1 1
6 6
1 1
5 5
4 4
4 4
2 2
5 5
7 7
5 5
2 2
4 4
6 6
2 2
5 5
3 3
1 1
1 1
6 6
2 2
2 2
5 5
5 5
2 2
4 4
7 7
7 7
1 1
6 6
7 7
2 2
1 1
2 2
3 3
2 2
2 2
6 6
2 2
5 5
5 5
3 3
6 6
5 5
2 2
2 2
1 1
4 4
1 1
6 6
4 4
1 1
7 7
7 7
5 3
4 4
5 5
3 3
6 6
4 4
7 7
7 7
1 1
4 4
2 2
6 6
6 6
3 3
2 2
2 2
4 5
3 3
4 4
5 5
7 7
4 4
4 4
5 5
3 3
4 4
2 2
4 4
3 3
5 5
7 7
3 3
6 6
4 5
4 4
7 7
4 4
5 5
1 1
7 7
5 5
6 6
6 6
2 2
4 4
3 3
6 6
2 2
6 6
6 6
2 2
7 7
7 7
7 7
6 6
3 3
1 1
3 3
4 5
5 5
5 5
5 3
3 3
3 3
5 5
5 5
6 6
5 5
6 6
4 4
1 1
6 6
4 4
3 3
1 5
6 6
2 2
3 3
3 4
2 2
5 3
5 5
6 6
6 6
4 4
1 1
2 2
4 4
3 3
3 3
3 5
5 5
6 6
3 3
2 2
5 5
3 3
4 4
3 5
4 4
4 4
4 5
2 2
1 1
1 1
5 3
3 3
4 4
2 2
6 6
5 5
4 4
6 6
7 7
2 2
5 5
5 5
2 2
4 4
3 3
3 3
5 5
7 7
7 7
4 4
1 1
1 1
5 3
7 7
7 7
7 7
3 3
4 4
2 2
4 4
7 7
7 7
3 3
5 3
5 5
1 1
7 7
5 5
3 3
6 6
5 5
5 3
2 2
7 7
1 1
3 3
5 5
7 7
3 3
7 7
2 2
6 6
7 7
5 5
7 7
1 1
7 7
4 4
5 5
6 6
7 7
2 2
7 7
4 5
6 6
2 2
3 5
5 5
6 6
6 6
4 4
6 6
2 2
3 3
4 4
6 6
2 2
2 2
3 5
6 6
2 2
4 4
5 5
1 1
3 3
1 1
5 5
7 7
3 3
1 1
1 1
6 6
3 3
1 1
7 7
2 2
5 5
6 6
3 3
2 2
6 6
5 4
3 3
3 3
7 7
6 6
4 4
3 3
2 2
6 6
7 7
3 5
1 1
7 7
2 2
1 1
2 2
1 1
1 1
4 4
2 2
4 4
1 1
6 6
1 1
5 5
4 4
3 3
6 6
4 4
7 7
4 4
7 7
5 5
2 2
1 1
2 2
1 1
1 1
7 7
4 4
1 1
5 5
6 6
4 4
7 7
1 1
6 6
4 4
2 2
2 2
4 4
3 3
6 6
2 2
4 5
5 5
1 1
4 4
7 7
7 7
5 5
2 2
6 6
2 2
3 3
2 2
4 4
7 7
1 3
