@relation page-blocks
@attribute Height integer [1, 804]
@attribute Lenght integer [1, 553]
@attribute Area integer [7, 143993]
@attribute Eccen real [0.0070, 537.0]
@attribute P_black real [0.052, 1.0]
@attribute P_and real [0.062, 1.0]
@attribute Mean_tr real [1.0, 4955.0]
@attribute Blackpix integer [1, 33017]
@attribute Blackand integer [7, 46133]
@attribute Wb_trans integer [1, 3212]
@attribute Class {1, 2, 3, 4, 5}
@inputs Height, Lenght, Area, Eccen, P_black, P_and, Mean_tr, Blackpix, Blackand, Wb_trans
@outputs Class
@data
5, 8, 40, 1.6, 0.55, 1.0, 2.44, 22, 40, 9, 1
5, 5, 25, 1.0, 0.4, 0.52, 10.0, 10, 13, 1, 1
5, 8, 40, 1.6, 0.375, 0.475, 15.0, 15, 19, 1, 1
6, 7, 42, 1.167, 0.405, 0.952, 4.25, 17, 40, 4, 1
5, 7, 35, 1.4, 0.429, 0.886, 2.5, 15, 31, 6, 1
7, 16, 112, 2.286, 0.321, 0.643, 2.57, 36, 72, 14, 1
2, 101, 202, 50.5, 0.54, 0.743, 10.9, 109, 150, 10, 2
9, 50, 450, 5.556, 0.496, 0.958, 2.69, 223, 431, 83, 1
9, 22, 198, 2.444, 0.288, 0.818, 2.48, 57, 162, 23, 1
9, 12, 108, 1.333, 0.444, 0.981, 1.71, 48, 106, 28, 1
9, 51, 459, 5.667, 0.296, 0.786, 2.34, 136, 361, 58, 1
10, 53, 530, 5.3, 0.294, 0.819, 1.79, 156, 434, 87, 1
9, 64, 576, 7.111, 0.299, 0.97, 1.81, 172, 559, 95, 1
12, 11, 132, 0.917, 0.371, 1.0, 1.63, 49, 132, 30, 1
12, 44, 528, 3.667, 0.261, 0.767, 2.38, 138, 405, 58, 1
9, 76, 684, 8.444, 0.307, 0.882, 1.84, 210, 603, 114, 1
12, 44, 528, 3.667, 0.294, 0.742, 2.31, 155, 392, 67, 1
9, 32, 288, 3.556, 0.271, 0.594, 2.23, 78, 171, 35, 1
1, 13, 13, 13.0, 1.0, 1.0, 13.0, 13, 13, 1, 2
1, 8, 8, 8.0, 1.0, 1.0, 8.0, 8, 8, 1, 2
2, 20, 40, 10.0, 0.725, 0.875, 29.0, 29, 35, 1, 2
2, 20, 40, 10.0, 0.775, 0.85, 31.0, 31, 34, 1, 2
13, 10, 130, 0.769, 0.3, 0.808, 6.5, 39, 105, 6, 1
8, 3, 24, 0.375, 0.417, 0.417, 10.0, 10, 10, 1, 1
98, 3, 294, 0.031, 0.48, 0.486, 141.0, 141, 143, 1, 4
2, 48, 96, 24.0, 0.625, 0.677, 30.0, 60, 65, 2, 2
9, 44, 396, 4.889, 0.46, 0.937, 2.84, 182, 371, 64, 1
11, 77, 847, 7.0, 0.345, 0.874, 2.43, 292, 740, 120, 1
9, 123, 1107, 13.667, 0.362, 0.986, 2.62, 401, 1091, 153, 1
7, 58, 406, 8.286, 0.202, 0.751, 2.34, 82, 305, 35, 1
1, 27, 27, 27.0, 0.593, 1.0, 4.0, 16, 27, 4, 1
2, 31, 62, 15.5, 0.194, 0.516, 2.0, 12, 32, 6, 1
2, 19, 38, 9.5, 0.237, 1.0, 1.8, 9, 38, 5, 1
10, 98, 980, 9.8, 0.391, 0.835, 2.41, 383, 818, 159, 1
9, 66, 594, 7.333, 0.323, 0.805, 2.0, 192, 478, 96, 1
8, 80, 640, 10.0, 0.303, 0.922, 1.72, 194, 590, 113, 1
8, 80, 640, 10.0, 0.298, 0.883, 1.72, 191, 565, 111, 1
8, 70, 560, 8.75, 0.341, 0.918, 1.66, 191, 514, 115, 1
11, 42, 462, 3.818, 0.335, 0.829, 2.25, 155, 383, 69, 1
9, 36, 324, 4.0, 0.568, 0.932, 3.02, 184, 302, 61, 1
8, 21, 168, 2.625, 0.339, 0.673, 1.97, 57, 113, 29, 1
9, 35, 315, 3.889, 0.263, 0.667, 2.86, 83, 210, 29, 1
8, 48, 384, 6.0, 0.31, 0.807, 1.92, 119, 310, 62, 1
2, 112, 224, 56.0, 0.496, 0.504, 55.5, 111, 113, 2, 2
10, 130, 1300, 13.0, 0.425, 0.773, 2.79, 552, 1005, 198, 1
3, 31, 93, 10.333, 0.226, 0.774, 2.1, 21, 72, 10, 1
3, 16, 48, 5.333, 0.375, 0.938, 2.25, 18, 45, 8, 1
10, 21, 210, 2.1, 0.324, 0.6, 3.4, 68, 126, 20, 1
10, 38, 380, 3.8, 0.439, 0.897, 2.83, 167, 341, 59, 1
9, 36, 324, 4.0, 0.549, 0.914, 3.3, 178, 296, 54, 1
1, 32, 32, 32.0, 0.719, 1.0, 5.75, 23, 32, 4, 2
1, 13, 13, 13.0, 0.692, 1.0, 4.5, 9, 13, 2, 2
9, 20, 180, 2.222, 0.339, 0.872, 2.35, 61, 157, 26, 1
9, 32, 288, 3.556, 0.292, 0.826, 1.53, 84, 238, 55, 1
94, 2, 188, 0.021, 0.516, 0.516, 97.0, 97, 97, 1, 4
10, 83, 830, 8.3, 0.295, 0.725, 2.02, 245, 602, 121, 1
11, 100, 1100, 9.091, 0.269, 0.765, 1.9, 296, 842, 156, 1
8, 75, 600, 9.375, 0.415, 0.91, 2.37, 249, 546, 105, 1
9, 20, 180, 2.222, 0.339, 0.772, 1.74, 61, 139, 35, 1
9, 82, 738, 9.111, 0.337, 0.817, 2.01, 249, 603, 124, 1
11, 115, 1265, 10.455, 0.266, 0.723, 1.79, 337, 915, 188, 1
9, 44, 396, 4.889, 0.465, 0.944, 3.35, 184, 374, 55, 1
2, 446, 892, 223.0, 0.439, 0.603, 17.82, 392, 538, 22, 2
66, 3, 198, 0.045, 0.657, 0.909, 2.6, 130, 180, 50, 4
2, 236, 472, 118.0, 0.566, 0.689, 10.27, 267, 325, 26, 2
9, 174, 1566, 19.333, 0.178, 0.737, 1.71, 279, 1154, 163, 1
304, 463, 140752, 1.523, 0.063, 0.121, 3.91, 8898, 17081, 2273, 5
12, 118, 1416, 9.833, 0.253, 0.767, 1.95, 358, 1086, 184, 1
9, 93, 837, 10.333, 0.323, 0.888, 2.06, 270, 743, 131, 1
306, 465, 142290, 1.52, 0.055, 0.123, 2.69, 7861, 17452, 2925, 5
1, 51, 51, 51.0, 0.471, 1.0, 2.4, 24, 51, 10, 2
5, 30, 150, 6.0, 0.16, 0.66, 1.71, 24, 99, 14, 1
11, 35, 385, 3.182, 0.335, 0.584, 4.78, 129, 225, 27, 1
19, 462, 8778, 24.316, 0.523, 0.688, 16.88, 4591, 6035, 272, 2
10, 38, 380, 3.8, 0.434, 0.892, 2.89, 165, 339, 57, 1
9, 36, 324, 4.0, 0.552, 0.926, 3.51, 179, 300, 51, 1
10, 49, 490, 4.9, 0.551, 0.943, 3.07, 270, 462, 88, 1
1, 52, 52, 52.0, 0.538, 1.0, 14.0, 28, 52, 2, 2
9, 36, 324, 4.0, 0.42, 0.889, 2.0, 136, 288, 68, 1
9, 78, 702, 8.667, 0.349, 0.863, 2.17, 245, 606, 113, 1
12, 84, 1008, 7.0, 0.282, 0.778, 1.91, 284, 784, 149, 1
22, 26, 572, 1.182, 0.283, 0.918, 1.93, 162, 525, 84, 1
10, 53, 530, 5.3, 0.34, 0.9, 1.82, 180, 477, 99, 1
10, 40, 400, 4.0, 0.338, 0.878, 1.9, 135, 351, 71, 1
8, 82, 656, 10.25, 0.288, 0.997, 1.99, 189, 654, 95, 1
10, 34, 340, 3.4, 0.356, 0.803, 1.83, 121, 273, 66, 1
11, 8, 88, 0.727, 0.25, 1.0, 2.44, 22, 88, 9, 1
1, 75, 75, 75.0, 0.92, 1.0, 11.5, 69, 75, 6, 2
11, 100, 1100, 9.091, 0.456, 0.882, 3.04, 502, 970, 165, 1
1, 40, 40, 40.0, 1.0, 1.0, 40.0, 40, 40, 1, 2
1, 55, 55, 55.0, 0.564, 1.0, 10.33, 31, 55, 3, 2
14, 340, 4760, 24.286, 0.259, 0.592, 2.45, 1232, 2819, 503, 1
1, 46, 46, 46.0, 0.783, 1.0, 12.0, 36, 46, 3, 2
7, 17, 119, 2.429, 0.412, 0.933, 2.72, 49, 111, 18, 1
8, 32, 256, 4.0, 0.336, 0.789, 2.46, 86, 202, 35, 1
12, 8, 96, 0.667, 0.792, 1.0, 15.2, 76, 96, 5, 1
14, 18, 252, 1.286, 0.159, 0.607, 3.33, 40, 153, 12, 1
9, 24, 216, 2.667, 0.537, 1.0, 2.9, 116, 216, 40, 1
37, 101, 3737, 2.73, 0.282, 0.695, 2.44, 1053, 2596, 432, 1
10, 34, 340, 3.4, 0.421, 0.906, 2.01, 143, 308, 71, 1
11, 86, 946, 7.818, 0.332, 0.808, 2.2, 314, 764, 143, 1
11, 92, 1012, 8.364, 0.361, 0.851, 2.3, 365, 861, 159, 1
1, 48, 48, 48.0, 0.875, 1.0, 10.5, 42, 48, 4, 2
1, 29, 29, 29.0, 0.586, 1.0, 2.13, 17, 29, 8, 2
8, 46, 368, 5.75, 0.318, 0.818, 2.09, 117, 301, 56, 1
10, 66, 660, 6.6, 0.324, 0.78, 2.25, 214, 515, 95, 1
10, 11, 110, 1.1, 0.427, 1.0, 1.52, 47, 110, 31, 1
10, 80, 800, 8.0, 0.308, 0.838, 2.02, 246, 670, 122, 1
10, 48, 480, 4.8, 0.331, 0.742, 2.37, 159, 356, 67, 1
9, 47, 423, 5.222, 0.371, 0.825, 2.75, 157, 349, 57, 1
24, 340, 8160, 14.167, 0.211, 0.468, 2.67, 1718, 3822, 643, 1
1, 35, 35, 35.0, 0.829, 1.0, 9.67, 29, 35, 3, 2
7, 23, 161, 3.286, 0.093, 0.54, 1.36, 15, 87, 11, 1
11, 98, 1078, 8.909, 0.397, 0.778, 2.61, 428, 839, 164, 1
1, 23, 23, 23.0, 0.826, 1.0, 19.0, 19, 23, 1, 2
11, 75, 825, 6.818, 0.27, 0.679, 2.08, 223, 560, 107, 1
10, 12, 120, 1.2, 0.367, 1.0, 1.57, 44, 120, 28, 1
12, 90, 1080, 7.5, 0.183, 0.716, 1.92, 198, 773, 103, 1
12, 41, 492, 3.417, 0.289, 0.74, 2.06, 142, 364, 69, 1
1, 79, 79, 79.0, 0.608, 1.0, 6.86, 48, 79, 7, 2
1, 11, 11, 11.0, 0.727, 1.0, 4.0, 8, 11, 2, 2
8, 44, 352, 5.5, 0.455, 0.949, 3.2, 160, 334, 50, 1
8, 40, 320, 5.0, 0.409, 0.997, 2.22, 131, 319, 59, 1
9, 45, 405, 5.0, 0.447, 0.896, 3.23, 181, 363, 56, 1
7, 35, 245, 5.0, 0.482, 0.841, 2.81, 118, 206, 42, 1
9, 122, 1098, 13.556, 0.333, 0.829, 2.54, 366, 910, 144, 1
7, 31, 217, 4.429, 0.221, 0.853, 1.78, 48, 185, 27, 1
6, 28, 168, 4.667, 0.143, 0.53, 1.71, 24, 89, 14, 1
7, 121, 847, 17.286, 0.305, 0.675, 1.79, 258, 572, 144, 1
11, 22, 242, 2.0, 0.417, 0.694, 4.04, 101, 168, 25, 1
10, 38, 380, 3.8, 0.424, 0.939, 2.78, 161, 357, 58, 1
9, 36, 324, 4.0, 0.506, 0.91, 2.93, 164, 295, 56, 1
9, 49, 441, 5.444, 0.58, 0.995, 2.98, 256, 439, 86, 1
1, 15, 15, 15.0, 0.867, 1.0, 6.5, 13, 15, 2, 2
9, 12, 108, 1.333, 0.444, 1.0, 1.78, 48, 108, 27, 1
9, 12, 108, 1.333, 0.426, 1.0, 1.59, 46, 108, 29, 1
9, 81, 729, 9.0, 0.332, 0.974, 2.09, 242, 710, 116, 1
10, 46, 460, 4.6, 0.363, 0.843, 2.01, 167, 388, 83, 1
9, 33, 297, 3.667, 0.424, 0.97, 1.85, 126, 288, 68, 1
9, 81, 729, 9.0, 0.328, 0.916, 2.04, 239, 668, 117, 1
9, 75, 675, 8.333, 0.373, 0.913, 2.23, 252, 616, 113, 1
9, 9, 81, 1.0, 0.383, 0.802, 2.38, 31, 65, 13, 1
12, 117, 1404, 9.75, 0.231, 0.712, 1.68, 324, 1000, 193, 1
9, 40, 360, 4.444, 0.386, 0.889, 2.44, 139, 320, 57, 1
8, 44, 352, 5.5, 0.486, 0.952, 2.95, 171, 335, 58, 1
9, 42, 378, 4.667, 0.381, 0.931, 2.48, 144, 352, 58, 1
9, 122, 1098, 13.556, 0.378, 0.961, 2.73, 415, 1055, 152, 1
5, 23, 115, 4.6, 0.226, 1.0, 1.63, 26, 115, 16, 1
3, 56, 168, 18.667, 0.065, 0.5, 1.38, 11, 84, 8, 1
4, 32, 128, 8.0, 0.313, 1.0, 2.11, 40, 128, 19, 1
17, 77, 1309, 4.529, 0.314, 0.76, 2.94, 411, 995, 140, 1
12, 8, 96, 0.667, 0.438, 0.51, 42.0, 42, 49, 1, 1
12, 9, 108, 0.75, 0.509, 0.657, 9.17, 55, 71, 6, 1
25, 300, 7500, 12.0, 0.065, 0.071, 40.33, 484, 531, 12, 2
7, 11, 77, 1.571, 0.143, 0.558, 1.57, 11, 43, 7, 1
9, 99, 891, 11.0, 0.288, 0.801, 1.95, 257, 714, 132, 1
11, 101, 1111, 9.182, 0.267, 0.849, 1.72, 297, 943, 173, 1
12, 43, 516, 3.583, 0.31, 0.793, 2.32, 160, 409, 69, 1
9, 65, 585, 7.222, 0.463, 0.901, 2.66, 271, 527, 102, 1
9, 123, 1107, 13.667, 0.359, 0.898, 2.78, 397, 994, 143, 1
6, 142, 852, 23.667, 0.115, 0.173, 6.53, 98, 147, 15, 2
8, 5, 40, 0.625, 0.325, 0.9, 6.5, 13, 36, 2, 1
8, 23, 184, 2.875, 0.255, 1.0, 2.14, 47, 184, 22, 1
8, 15, 120, 1.875, 0.258, 0.683, 3.88, 31, 82, 8, 1
7, 121, 847, 17.286, 0.272, 0.646, 1.54, 230, 547, 149, 1
10, 8, 80, 0.8, 0.675, 1.0, 9.0, 54, 80, 6, 1
10, 7, 70, 0.7, 0.429, 0.429, 30.0, 30, 30, 1, 1
10, 8, 80, 0.8, 0.575, 0.888, 9.2, 46, 71, 5, 1
9, 11, 99, 1.222, 0.343, 1.0, 1.42, 34, 99, 24, 1
9, 12, 108, 1.333, 0.407, 0.898, 1.63, 44, 97, 27, 1
8, 53, 424, 6.625, 0.33, 0.894, 1.63, 140, 379, 86, 1
11, 101, 1111, 9.182, 0.253, 0.77, 1.71, 281, 856, 164, 1
12, 72, 864, 6.0, 0.228, 0.78, 1.79, 197, 674, 110, 1
9, 97, 873, 10.778, 0.317, 0.863, 1.76, 277, 753, 157, 1
9, 26, 234, 2.889, 0.299, 0.953, 1.67, 70, 223, 42, 1
8, 18, 144, 2.25, 0.472, 1.0, 2.52, 68, 144, 27, 1
1, 73, 73, 73.0, 0.616, 1.0, 3.75, 45, 73, 12, 2
10, 118, 1180, 11.8, 0.277, 0.745, 2.02, 327, 879, 162, 1
21, 2, 42, 0.095, 0.738, 0.738, 31.0, 31, 31, 1, 2
8, 41, 328, 5.125, 0.351, 0.963, 1.92, 115, 316, 60, 1
1, 147, 147, 147.0, 0.864, 1.0, 11.55, 127, 147, 11, 2
10, 31, 310, 3.1, 0.3, 0.813, 3.32, 93, 252, 28, 1
8, 71, 568, 8.875, 0.312, 0.866, 1.86, 177, 492, 95, 1
8, 71, 568, 8.875, 0.31, 0.861, 1.85, 176, 489, 95, 1
8, 64, 512, 8.0, 0.301, 0.857, 1.93, 154, 439, 80, 1
26, 1, 26, 0.038, 1.0, 1.0, 26.0, 26, 26, 1, 4
10, 121, 1210, 12.1, 0.37, 0.873, 2.41, 448, 1056, 186, 1
23, 1, 23, 0.043, 1.0, 1.0, 23.0, 23, 23, 1, 4
8, 185, 1480, 23.125, 0.235, 0.659, 1.82, 348, 975, 191, 1
7, 46, 322, 6.571, 0.304, 0.963, 2.58, 98, 310, 38, 1
7, 29, 203, 4.143, 0.266, 0.813, 2.7, 54, 165, 20, 1
5, 99, 495, 19.8, 0.356, 0.881, 1.5, 176, 436, 117, 1
12, 307, 3684, 25.583, 0.29, 0.771, 2.41, 1068, 2842, 444, 1
25, 410, 10250, 16.4, 0.272, 0.67, 2.29, 2792, 6872, 1218, 1
9, 33, 297, 3.667, 0.377, 0.842, 2.24, 112, 250, 50, 1
10, 75, 750, 7.5, 0.428, 0.909, 2.28, 321, 682, 141, 1
18, 168, 3024, 9.333, 0.187, 0.73, 2.34, 564, 2207, 241, 1
8, 70, 560, 8.75, 0.371, 0.911, 1.7, 208, 510, 122, 1
14, 217, 3038, 15.5, 0.268, 0.632, 2.12, 813, 1919, 383, 1
9, 84, 756, 9.333, 0.407, 0.878, 2.75, 308, 664, 112, 1
9, 119, 1071, 13.222, 0.422, 0.965, 2.34, 452, 1033, 193, 1
12, 84, 1008, 7.0, 0.331, 0.792, 2.35, 334, 798, 142, 1
5, 39, 195, 7.8, 0.41, 0.867, 1.67, 80, 169, 48, 1
8, 130, 1040, 16.25, 0.36, 0.876, 2.21, 374, 911, 169, 1
6, 100, 600, 16.667, 0.385, 0.828, 1.72, 231, 497, 134, 1
6, 50, 300, 8.333, 0.397, 0.713, 2.38, 119, 214, 50, 1
11, 35, 385, 3.182, 0.351, 0.652, 2.25, 135, 251, 60, 1
9, 40, 360, 4.444, 0.506, 0.964, 3.08, 182, 347, 59, 1
9, 42, 378, 4.667, 0.378, 0.841, 2.65, 143, 318, 54, 1
26, 412, 10712, 15.846, 0.32, 0.664, 3.0, 3424, 7118, 1142, 1
12, 410, 4920, 34.167, 0.324, 0.706, 2.47, 1595, 3474, 645, 1
10, 119, 1190, 11.9, 0.39, 0.81, 2.75, 464, 964, 169, 1
8, 69, 552, 8.625, 0.415, 0.984, 2.16, 229, 543, 106, 1
8, 70, 560, 8.75, 0.388, 0.841, 2.21, 217, 471, 98, 1
8, 62, 496, 7.75, 0.363, 0.925, 2.12, 180, 459, 85, 1
13, 30, 390, 2.308, 0.356, 0.649, 3.23, 139, 253, 43, 1
8, 132, 1056, 16.5, 0.311, 0.873, 2.01, 328, 922, 163, 1
6, 50, 300, 8.333, 0.327, 0.687, 2.0, 98, 206, 49, 1
6, 46, 276, 7.667, 0.315, 0.75, 2.12, 87, 207, 41, 1
9, 37, 333, 4.111, 0.517, 0.934, 2.82, 172, 311, 61, 1
12, 176, 2112, 14.667, 0.302, 0.599, 2.61, 637, 1265, 244, 1
12, 122, 1464, 10.167, 0.26, 0.881, 2.3, 381, 1290, 166, 1
10, 54, 540, 5.4, 0.378, 0.622, 3.14, 204, 336, 65, 1
12, 37, 444, 3.083, 0.41, 0.748, 3.87, 182, 332, 47, 1
12, 25, 300, 2.083, 0.32, 0.643, 2.59, 96, 193, 37, 1
6, 184, 1104, 30.667, 0.323, 0.752, 1.99, 357, 830, 179, 1
7, 17, 119, 2.429, 0.412, 0.807, 2.58, 49, 96, 19, 1
8, 123, 984, 15.375, 0.255, 0.827, 1.71, 251, 814, 147, 1
12, 67, 804, 5.583, 0.35, 0.693, 2.84, 281, 557, 99, 1
7, 183, 1281, 26.143, 0.265, 0.664, 1.88, 340, 850, 181, 1
8, 68, 544, 8.5, 0.336, 0.868, 1.91, 183, 472, 96, 1
8, 61, 488, 7.625, 0.316, 0.967, 2.03, 154, 472, 76, 1
8, 127, 1016, 15.875, 0.314, 0.825, 1.98, 319, 838, 161, 1
5, 29, 145, 5.8, 0.4, 0.89, 1.87, 58, 129, 31, 1
7, 100, 700, 14.286, 0.294, 0.633, 1.67, 206, 443, 123, 1
13, 84, 1092, 6.462, 0.35, 0.59, 3.16, 382, 644, 121, 1
38, 410, 15580, 10.789, 0.279, 0.696, 2.39, 4341, 10849, 1815, 1
10, 119, 1190, 11.9, 0.392, 0.891, 2.46, 467, 1060, 190, 1
10, 33, 330, 3.3, 0.294, 0.791, 1.83, 97, 261, 53, 1
11, 101, 1111, 9.182, 0.33, 0.734, 2.68, 367, 815, 137, 1
9, 108, 972, 12.0, 0.364, 0.794, 2.15, 354, 772, 165, 1
7, 116, 812, 16.571, 0.309, 0.676, 2.2, 251, 549, 114, 1
8, 70, 560, 8.75, 0.464, 0.988, 2.36, 260, 553, 110, 1
6, 51, 306, 8.5, 0.454, 0.817, 2.44, 139, 250, 57, 1
11, 104, 1144, 9.455, 0.367, 0.747, 2.56, 420, 854, 164, 1
10, 181, 1810, 18.1, 0.491, 0.866, 3.25, 888, 1567, 273, 1
10, 51, 510, 5.1, 0.41, 0.667, 3.12, 209, 340, 67, 1
10, 33, 330, 3.3, 0.282, 0.839, 1.82, 93, 277, 51, 1
10, 98, 980, 9.8, 0.392, 0.849, 2.49, 384, 832, 154, 1
6, 39, 234, 6.5, 0.466, 0.889, 2.1, 109, 208, 52, 1
18, 64, 1152, 3.556, 0.261, 0.705, 3.24, 301, 812, 93, 1
4, 5, 20, 1.25, 0.35, 0.8, 2.33, 7, 16, 3, 5
4, 7, 28, 1.75, 0.286, 1.0, 2.0, 8, 28, 4, 5
4, 5, 20, 1.25, 0.35, 0.8, 2.33, 7, 16, 3, 5
23, 271, 6233, 11.783, 0.126, 0.359, 1.87, 786, 2239, 420, 1
8, 7, 56, 0.875, 0.304, 0.946, 1.55, 17, 53, 11, 1
8, 240, 1920, 30.0, 0.194, 0.515, 1.34, 373, 988, 279, 1
8, 272, 2176, 34.0, 0.189, 0.688, 1.32, 411, 1497, 311, 1
8, 272, 2176, 34.0, 0.186, 0.539, 1.35, 404, 1172, 299, 1
11, 271, 2981, 24.636, 0.177, 0.588, 1.49, 527, 1752, 353, 1
7, 7, 49, 1.0, 0.367, 1.0, 1.38, 18, 49, 13, 1
100, 49, 4900, 0.49, 0.093, 0.4, 1.77, 458, 1958, 259, 5
10, 7, 70, 0.7, 0.157, 0.6, 1.57, 11, 42, 7, 5
10, 179, 1790, 17.9, 0.2, 0.758, 1.41, 358, 1356, 254, 1
8, 25, 200, 3.125, 0.33, 1.0, 1.65, 66, 200, 40, 1
6, 6, 36, 1.0, 0.194, 0.417, 3.5, 7, 15, 2, 5
8, 9, 72, 1.125, 0.125, 0.319, 4.5, 9, 23, 2, 5
8, 37, 296, 4.625, 0.334, 0.993, 1.29, 99, 294, 77, 1
7, 38, 266, 5.429, 0.308, 0.789, 1.55, 82, 210, 53, 1
10, 272, 2720, 27.2, 0.191, 0.578, 1.49, 520, 1571, 348, 1
8, 98, 784, 12.25, 0.282, 0.864, 1.42, 221, 677, 156, 1
10, 60, 600, 6.0, 0.223, 0.607, 1.47, 134, 364, 91, 1
8, 65, 520, 8.125, 0.269, 0.725, 1.4, 140, 377, 100, 1
9, 258, 2322, 28.667, 0.173, 0.581, 1.28, 401, 1350, 313, 1
8, 46, 368, 5.75, 0.285, 0.791, 1.42, 105, 291, 74, 1
10, 271, 2710, 27.1, 0.168, 0.612, 1.29, 454, 1659, 351, 1
8, 71, 568, 8.875, 0.136, 0.384, 1.31, 77, 218, 59, 1
2, 7, 14, 3.5, 0.5, 0.929, 3.5, 7, 13, 2, 1
7, 7, 49, 1.0, 0.286, 0.633, 1.56, 14, 31, 9, 1
5, 12, 60, 2.4, 0.383, 0.883, 1.92, 23, 53, 12, 1
9, 81, 729, 9.0, 0.187, 0.542, 1.49, 136, 395, 91, 1
6, 25, 150, 4.167, 0.34, 0.887, 1.42, 51, 133, 36, 1
6, 2, 12, 0.333, 0.583, 1.0, 7.0, 7, 12, 1, 1
7, 14, 98, 2.0, 0.337, 0.99, 1.65, 33, 97, 20, 1
7, 9, 63, 1.286, 0.317, 0.984, 2.22, 20, 62, 9, 1
9, 29, 261, 3.222, 0.234, 0.709, 1.3, 61, 185, 47, 1
9, 16, 144, 1.778, 0.222, 0.479, 1.33, 32, 69, 24, 1
10, 79, 790, 7.9, 0.163, 0.42, 1.25, 129, 332, 103, 1
1, 114, 114, 114.0, 0.939, 1.0, 21.4, 107, 114, 5, 2
6, 32, 192, 5.333, 0.292, 0.698, 1.37, 56, 134, 41, 1
7, 41, 287, 5.857, 0.22, 0.756, 1.47, 63, 217, 43, 1
6, 13, 78, 2.167, 0.295, 0.872, 1.44, 23, 68, 16, 1
6, 40, 240, 6.667, 0.221, 0.983, 1.26, 53, 236, 42, 1
6, 7, 42, 1.167, 0.31, 0.786, 1.86, 13, 33, 7, 1
6, 40, 240, 6.667, 0.313, 0.996, 1.27, 75, 239, 59, 1
9, 23, 207, 2.556, 0.213, 0.507, 1.57, 44, 105, 28, 1
6, 13, 78, 2.167, 0.308, 0.872, 1.6, 24, 68, 15, 1
5, 13, 65, 2.6, 0.246, 0.831, 1.33, 16, 54, 12, 1
6, 24, 144, 4.0, 0.257, 0.771, 1.42, 37, 111, 26, 1
7, 41, 287, 5.857, 0.226, 0.784, 1.48, 65, 225, 44, 1
9, 107, 963, 11.889, 0.204, 0.683, 1.42, 196, 658, 138, 1
6, 7, 42, 1.167, 0.262, 0.786, 1.83, 11, 33, 6, 1
7, 16, 112, 2.286, 0.304, 0.696, 1.36, 34, 78, 25, 1
5, 11, 55, 2.2, 0.345, 0.873, 1.46, 19, 48, 13, 1
9, 21, 189, 2.333, 0.243, 0.757, 1.31, 46, 143, 35, 1
7, 49, 343, 7.0, 0.318, 0.735, 1.54, 109, 252, 71, 1
5, 17, 85, 3.4, 0.412, 0.941, 1.75, 35, 80, 20, 1
7, 9, 63, 1.286, 0.349, 0.905, 2.2, 22, 57, 10, 1
7, 38, 266, 5.429, 0.301, 0.85, 1.45, 80, 226, 55, 1
7, 8, 56, 1.143, 0.286, 0.732, 1.78, 16, 41, 9, 1
9, 220, 1980, 24.444, 0.23, 0.758, 1.44, 456, 1501, 316, 1
7, 29, 203, 4.143, 0.305, 0.837, 1.48, 62, 170, 42, 1
7, 13, 91, 1.857, 0.264, 0.648, 1.41, 24, 59, 17, 1
7, 54, 378, 7.714, 0.254, 0.608, 1.39, 96, 230, 69, 1
7, 7, 49, 1.0, 0.408, 0.857, 2.22, 20, 42, 9, 1
7, 21, 147, 3.0, 0.354, 0.939, 1.63, 52, 138, 32, 1
8, 47, 376, 5.875, 0.221, 0.702, 1.26, 83, 264, 66, 1
7, 35, 245, 5.0, 0.31, 1.0, 1.55, 76, 245, 49, 1
10, 49, 490, 4.9, 0.196, 0.751, 1.26, 96, 368, 76, 1
9, 49, 441, 5.444, 0.231, 0.685, 1.46, 102, 302, 70, 1
6, 11, 66, 1.833, 0.303, 0.712, 1.54, 20, 47, 13, 1
6, 6, 36, 1.0, 0.417, 0.944, 1.5, 15, 34, 10, 1
7, 11, 77, 1.571, 0.351, 0.922, 1.59, 27, 71, 17, 1
7, 20, 140, 2.857, 0.364, 0.871, 1.46, 51, 122, 35, 1
7, 49, 343, 7.0, 0.3, 0.72, 1.34, 103, 247, 77, 1
7, 66, 462, 9.429, 0.294, 0.924, 1.46, 136, 427, 93, 1
9, 54, 486, 6.0, 0.27, 0.852, 1.49, 131, 414, 88, 1
7, 9, 63, 1.286, 0.381, 0.952, 1.85, 24, 60, 13, 1
5, 5, 25, 1.0, 0.52, 1.0, 2.17, 13, 25, 6, 1
7, 38, 266, 5.429, 0.226, 0.639, 1.4, 60, 170, 43, 1
8, 23, 184, 2.875, 0.239, 0.554, 1.76, 44, 102, 25, 1
9, 41, 369, 4.556, 0.244, 0.661, 1.32, 90, 244, 68, 1
6, 19, 114, 3.167, 0.36, 0.711, 1.58, 41, 81, 26, 1
7, 13, 91, 1.857, 0.374, 0.978, 1.79, 34, 89, 19, 1
7, 18, 126, 2.571, 0.365, 0.968, 2.0, 46, 122, 23, 1
7, 7, 49, 1.0, 0.245, 1.0, 1.71, 12, 49, 7, 1
7, 32, 224, 4.571, 0.232, 0.804, 1.3, 52, 180, 40, 1
7, 15, 105, 2.143, 0.333, 0.838, 1.46, 35, 88, 24, 1
8, 57, 456, 7.125, 0.268, 0.798, 1.45, 122, 364, 84, 1
8, 25, 200, 3.125, 0.285, 0.88, 1.36, 57, 176, 42, 1
10, 47, 470, 4.7, 0.198, 0.781, 1.29, 93, 367, 72, 1
7, 39, 273, 5.571, 0.253, 0.853, 1.33, 69, 233, 52, 1
7, 13, 91, 1.857, 0.33, 0.835, 1.43, 30, 76, 21, 1
7, 40, 280, 5.714, 0.336, 0.782, 1.47, 94, 219, 64, 1
7, 23, 161, 3.286, 0.329, 0.845, 1.66, 53, 136, 32, 1
7, 10, 70, 1.429, 0.329, 1.0, 1.77, 23, 70, 13, 1
7, 13, 91, 1.857, 0.319, 0.846, 1.61, 29, 77, 18, 1
7, 9, 63, 1.286, 0.381, 0.857, 2.0, 24, 54, 12, 1
7, 51, 357, 7.286, 0.322, 0.784, 1.49, 115, 280, 77, 1
7, 10, 70, 1.429, 0.286, 0.829, 1.33, 20, 58, 15, 1
10, 13, 130, 1.3, 0.231, 0.8, 1.76, 30, 104, 17, 1
8, 20, 160, 2.5, 0.206, 0.813, 1.38, 33, 130, 24, 1
7, 17, 119, 2.429, 0.261, 0.95, 1.82, 31, 113, 17, 1
7, 34, 238, 4.857, 0.273, 0.584, 1.55, 65, 139, 42, 1
7, 18, 126, 2.571, 0.286, 0.627, 1.57, 36, 79, 23, 1
7, 14, 98, 2.0, 0.286, 0.755, 1.56, 28, 74, 18, 1
5, 18, 90, 3.6, 0.4, 0.811, 1.64, 36, 73, 22, 1
5, 36, 180, 7.2, 0.406, 0.961, 1.35, 73, 173, 54, 1
7, 16, 112, 2.286, 0.295, 0.92, 1.18, 33, 103, 28, 1
5, 14, 70, 2.8, 0.457, 1.0, 1.52, 32, 70, 21, 1
7, 17, 119, 2.429, 0.336, 0.908, 1.48, 40, 108, 27, 1
7, 12, 84, 1.714, 0.357, 0.81, 1.67, 30, 68, 18, 1
7, 30, 210, 4.286, 0.329, 1.0, 1.38, 69, 210, 50, 1
7, 20, 140, 2.857, 0.257, 0.75, 1.33, 36, 105, 27, 1
7, 22, 154, 3.143, 0.247, 0.714, 1.23, 38, 110, 31, 1
7, 41, 287, 5.857, 0.328, 0.774, 1.42, 94, 222, 66, 1
7, 21, 147, 3.0, 0.32, 0.714, 1.68, 47, 105, 28, 1
10, 63, 630, 6.3, 0.184, 0.617, 1.4, 116, 389, 83, 1
7, 43, 301, 6.143, 0.292, 0.85, 1.33, 88, 256, 66, 1
7, 24, 168, 3.429, 0.28, 0.607, 1.38, 47, 102, 34, 1
7, 7, 49, 1.0, 0.306, 0.898, 1.36, 15, 44, 11, 1
6, 11, 66, 1.833, 0.348, 1.0, 1.53, 23, 66, 15, 1
6, 19, 114, 3.167, 0.307, 0.904, 1.59, 35, 103, 22, 1
9, 24, 216, 2.667, 0.213, 0.468, 1.28, 46, 101, 36, 1
7, 51, 357, 7.286, 0.325, 0.871, 1.66, 116, 311, 70, 1
7, 25, 175, 3.571, 0.189, 0.806, 1.22, 33, 141, 27, 1
9, 9, 81, 1.0, 0.272, 0.753, 1.38, 22, 61, 16, 1
6, 13, 78, 2.167, 0.333, 0.91, 1.37, 26, 71, 19, 1
5, 12, 60, 2.4, 0.483, 1.0, 1.38, 29, 60, 21, 1
6, 11, 66, 1.833, 0.394, 0.955, 1.53, 26, 63, 17, 1
7, 41, 287, 5.857, 0.341, 0.721, 1.58, 98, 207, 62, 1
8, 19, 152, 2.375, 0.178, 0.724, 1.5, 27, 110, 18, 1
7, 6, 42, 0.857, 0.333, 0.643, 1.75, 14, 27, 8, 1
6, 6, 36, 1.0, 0.417, 1.0, 1.88, 15, 36, 8, 1
7, 16, 112, 2.286, 0.313, 0.973, 1.75, 35, 109, 20, 1
7, 11, 77, 1.571, 0.39, 0.766, 1.76, 30, 59, 17, 1
7, 31, 217, 4.429, 0.286, 0.673, 1.55, 62, 146, 40, 1
7, 24, 168, 3.429, 0.196, 0.762, 1.38, 33, 128, 24, 1
6, 27, 162, 4.5, 0.241, 0.988, 1.11, 39, 160, 35, 1
6, 19, 114, 3.167, 0.333, 0.93, 1.27, 38, 106, 30, 1
7, 51, 357, 7.286, 0.283, 0.91, 1.35, 101, 325, 75, 1
8, 30, 240, 3.75, 0.242, 0.667, 1.35, 58, 160, 43, 1
9, 65, 585, 7.222, 0.265, 0.73, 1.67, 155, 427, 93, 1
9, 44, 396, 4.889, 0.24, 0.775, 1.42, 95, 307, 67, 1
7, 23, 161, 3.286, 0.273, 0.839, 1.47, 44, 135, 30, 1
4, 4, 16, 1.0, 0.563, 0.938, 4.5, 9, 15, 2, 1
7, 19, 133, 2.714, 0.398, 1.0, 1.71, 53, 133, 31, 1
7, 23, 161, 3.286, 0.28, 0.783, 1.29, 45, 126, 35, 1
7, 7, 49, 1.0, 0.347, 1.0, 1.42, 17, 49, 12, 1
9, 24, 216, 2.667, 0.287, 0.912, 1.72, 62, 197, 36, 1
9, 39, 351, 4.333, 0.259, 0.695, 1.49, 91, 244, 61, 1
7, 45, 315, 6.429, 0.254, 0.708, 1.29, 80, 223, 62, 1
9, 34, 306, 3.778, 0.209, 0.493, 1.42, 64, 151, 45, 1
7, 59, 413, 8.429, 0.228, 0.659, 1.24, 94, 272, 76, 1
6, 13, 78, 2.167, 0.308, 0.974, 1.41, 24, 76, 17, 1
7, 5, 35, 0.714, 0.429, 0.886, 2.5, 15, 31, 6, 1
7, 11, 77, 1.571, 0.364, 0.948, 1.47, 28, 73, 19, 1
5, 4, 20, 0.8, 0.6, 1.0, 2.4, 12, 20, 5, 1
7, 20, 140, 2.857, 0.25, 0.593, 1.35, 35, 83, 26, 1
7, 17, 119, 2.429, 0.361, 0.782, 1.65, 43, 93, 26, 1
9, 92, 828, 10.222, 0.24, 0.641, 1.54, 199, 531, 129, 1
6, 14, 84, 2.333, 0.298, 0.619, 1.79, 25, 52, 14, 1
7, 36, 252, 5.143, 0.262, 0.671, 1.27, 66, 169, 52, 1
7, 11, 77, 1.571, 0.377, 1.0, 1.53, 29, 77, 19, 1
9, 17, 153, 1.889, 0.307, 0.987, 1.38, 47, 151, 34, 1
9, 262, 2358, 29.111, 0.209, 0.703, 1.38, 492, 1657, 356, 1
5, 32, 160, 6.4, 0.413, 0.994, 1.35, 66, 159, 49, 1
9, 16, 144, 1.778, 0.174, 0.819, 1.32, 25, 118, 19, 1
9, 53, 477, 5.889, 0.252, 0.677, 1.54, 120, 323, 78, 1
7, 53, 371, 7.571, 0.299, 0.927, 1.29, 111, 344, 86, 1
9, 107, 963, 11.889, 0.217, 0.842, 1.34, 209, 811, 156, 1
6, 33, 198, 5.5, 0.303, 0.874, 1.46, 60, 173, 41, 1
7, 25, 175, 3.571, 0.331, 0.891, 1.41, 58, 156, 41, 1
7, 41, 287, 5.857, 0.321, 0.725, 1.48, 92, 208, 62, 1
6, 17, 102, 2.833, 0.294, 0.863, 1.15, 30, 88, 26, 1
6, 7, 42, 1.167, 0.262, 0.929, 1.38, 11, 39, 8, 1
9, 184, 1656, 20.444, 0.206, 0.659, 1.36, 341, 1091, 251, 1
5, 11, 55, 2.2, 0.4, 0.927, 1.57, 22, 51, 14, 1
7, 18, 126, 2.571, 0.27, 0.881, 1.36, 34, 111, 25, 1
7, 11, 77, 1.571, 0.221, 0.922, 1.21, 17, 71, 14, 1
6, 20, 120, 3.333, 0.258, 0.975, 1.29, 31, 117, 24, 1
5, 10, 50, 2.0, 0.36, 1.0, 1.29, 18, 50, 14, 1
7, 19, 133, 2.714, 0.263, 0.662, 1.35, 35, 88, 26, 1
5, 4, 20, 0.8, 0.45, 0.75, 2.25, 9, 15, 4, 1
5, 6, 30, 1.2, 0.433, 0.9, 1.63, 13, 27, 8, 1
8, 9, 72, 1.125, 0.319, 0.639, 2.09, 23, 46, 11, 1
11, 25, 275, 2.273, 0.276, 0.629, 1.9, 76, 173, 40, 1
10, 12, 120, 1.2, 0.208, 0.583, 1.67, 25, 70, 15, 5
8, 13, 104, 1.625, 0.442, 0.981, 2.0, 46, 102, 23, 1
10, 33, 330, 3.3, 0.321, 0.852, 2.47, 106, 281, 43, 1
8, 26, 208, 3.25, 0.423, 0.851, 2.44, 88, 177, 36, 1
36, 48, 1728, 1.333, 0.143, 0.437, 3.58, 247, 755, 69, 5
8, 7, 56, 0.875, 0.375, 1.0, 2.1, 21, 56, 10, 1
8, 19, 152, 2.375, 0.388, 1.0, 1.74, 59, 152, 34, 1
10, 23, 230, 2.3, 0.361, 0.774, 2.44, 83, 178, 34, 1
8, 30, 240, 3.75, 0.433, 1.0, 2.12, 104, 240, 49, 1
8, 4, 32, 0.5, 0.469, 0.875, 5.0, 15, 28, 3, 1
27, 4, 108, 0.148, 0.333, 0.667, 2.57, 36, 72, 14, 4
11, 32, 352, 2.909, 0.301, 0.895, 1.89, 106, 315, 56, 1
12, 271, 3252, 22.583, 0.238, 0.571, 1.98, 773, 1857, 391, 1
11, 94, 1034, 8.545, 0.28, 0.675, 2.03, 290, 698, 143, 1
9, 16, 144, 1.778, 0.375, 1.0, 2.08, 54, 144, 26, 1
9, 15, 135, 1.667, 0.378, 0.963, 2.43, 51, 130, 21, 1
3, 129, 387, 43.0, 0.305, 0.377, 11.8, 118, 146, 10, 2
9, 12, 108, 1.333, 0.389, 0.852, 2.33, 42, 92, 18, 1
9, 18, 162, 2.0, 0.414, 0.877, 2.31, 67, 142, 29, 1
8, 23, 184, 2.875, 0.359, 0.94, 1.65, 66, 173, 40, 1
11, 39, 429, 3.545, 0.317, 0.711, 2.47, 136, 305, 55, 1
10, 25, 250, 2.5, 0.392, 0.904, 2.09, 98, 226, 47, 1
12, 4, 48, 0.333, 0.292, 1.0, 2.0, 14, 48, 7, 5
8, 12, 96, 1.5, 0.417, 0.802, 2.11, 40, 77, 19, 1
10, 35, 350, 3.5, 0.337, 0.711, 2.62, 118, 249, 45, 1
8, 36, 288, 4.5, 0.406, 1.0, 1.89, 117, 288, 62, 1
54, 48, 2592, 0.889, 0.143, 0.264, 6.85, 370, 685, 54, 5
11, 52, 572, 4.727, 0.28, 0.605, 2.05, 160, 346, 78, 1
9, 4, 36, 0.444, 0.472, 0.861, 5.67, 17, 31, 3, 1
11, 25, 275, 2.273, 0.327, 0.84, 1.96, 90, 231, 46, 1
9, 38, 342, 4.222, 0.371, 0.874, 1.87, 127, 299, 68, 1
11, 45, 495, 4.091, 0.267, 0.733, 2.0, 132, 363, 66, 1
8, 12, 96, 1.5, 0.583, 0.896, 2.8, 56, 86, 20, 1
10, 36, 360, 3.6, 0.367, 0.844, 2.24, 132, 304, 59, 1
9, 240, 2160, 26.667, 0.259, 0.714, 1.66, 559, 1542, 336, 1
11, 29, 319, 2.636, 0.298, 0.752, 2.21, 95, 240, 43, 1
8, 15, 120, 1.875, 0.475, 0.992, 2.59, 57, 119, 22, 1
8, 8, 64, 1.0, 0.391, 0.781, 2.78, 25, 50, 9, 1
8, 9, 72, 1.125, 0.458, 0.986, 2.2, 33, 71, 15, 1
8, 14, 112, 1.75, 0.42, 0.848, 2.04, 47, 95, 23, 1
8, 15, 120, 1.875, 0.517, 0.867, 2.48, 62, 104, 25, 1
8, 25, 200, 3.125, 0.405, 0.755, 1.98, 81, 151, 41, 1
8, 18, 144, 2.25, 0.403, 0.931, 1.81, 58, 134, 32, 1
8, 6, 48, 0.75, 0.396, 0.813, 1.58, 19, 39, 12, 1
11, 44, 484, 4.0, 0.308, 0.818, 2.01, 149, 396, 74, 1
11, 25, 275, 2.273, 0.36, 0.909, 2.11, 99, 250, 47, 1
8, 4, 32, 0.5, 0.406, 1.0, 2.17, 13, 32, 6, 1
8, 14, 112, 1.75, 0.357, 0.67, 2.0, 40, 75, 20, 1
8, 24, 192, 3.0, 0.406, 0.818, 2.23, 78, 157, 35, 1
8, 202, 1616, 25.25, 0.313, 0.689, 1.83, 505, 1114, 276, 1
12, 272, 3264, 22.667, 0.249, 0.602, 2.01, 812, 1965, 404, 1
8, 12, 96, 1.5, 0.448, 0.896, 2.05, 43, 86, 21, 1
9, 17, 153, 1.889, 0.451, 0.941, 2.46, 69, 144, 28, 1
9, 47, 423, 5.222, 0.336, 0.891, 1.78, 142, 377, 80, 1
8, 20, 160, 2.5, 0.456, 1.0, 2.35, 73, 160, 31, 1
8, 13, 104, 1.625, 0.49, 0.913, 2.68, 51, 95, 19, 1
8, 15, 120, 1.875, 0.5, 1.0, 2.14, 60, 120, 28, 1
8, 21, 168, 2.625, 0.411, 0.994, 2.56, 69, 167, 27, 1
8, 12, 96, 1.5, 0.438, 1.0, 2.0, 42, 96, 21, 1
8, 8, 64, 1.0, 0.516, 1.0, 2.36, 33, 64, 14, 1
9, 43, 387, 4.778, 0.3, 0.713, 1.78, 116, 276, 65, 1
10, 53, 530, 5.3, 0.306, 0.889, 1.84, 162, 471, 88, 1
8, 55, 440, 6.875, 0.225, 0.645, 1.77, 99, 284, 56, 1
8, 69, 552, 8.625, 0.366, 0.897, 1.94, 202, 495, 104, 1
8, 47, 376, 5.875, 0.34, 0.753, 2.0, 128, 283, 64, 1
10, 19, 190, 1.9, 0.311, 1.0, 1.69, 59, 190, 35, 1
10, 50, 500, 5.0, 0.326, 0.868, 2.01, 163, 434, 81, 1
9, 7, 63, 0.778, 0.365, 0.937, 1.77, 23, 59, 13, 1
11, 50, 550, 4.545, 0.255, 0.56, 1.89, 140, 308, 74, 1
8, 16, 128, 2.0, 0.43, 1.0, 2.04, 55, 128, 27, 1
11, 272, 2992, 24.727, 0.26, 0.681, 1.82, 778, 2038, 428, 1
9, 18, 162, 2.0, 0.352, 0.901, 1.84, 57, 146, 31, 1
8, 42, 336, 5.25, 0.369, 1.0, 1.85, 124, 336, 67, 1
8, 32, 256, 4.0, 0.352, 0.973, 1.8, 90, 249, 50, 1
9, 41, 369, 4.556, 0.374, 0.881, 2.26, 138, 325, 61, 1
8, 10, 80, 1.25, 0.375, 0.85, 1.88, 30, 68, 16, 1
11, 40, 440, 3.636, 0.27, 0.618, 1.8, 119, 272, 66, 1
9, 20, 180, 2.222, 0.361, 0.872, 1.86, 65, 157, 35, 1
8, 4, 32, 0.5, 0.438, 0.656, 4.67, 14, 21, 3, 1
10, 26, 260, 2.6, 0.3, 0.954, 1.59, 78, 248, 49, 1
11, 42, 462, 3.818, 0.284, 0.654, 1.93, 131, 302, 68, 1
8, 14, 112, 1.75, 0.375, 0.839, 2.1, 42, 94, 20, 1
8, 37, 296, 4.625, 0.375, 0.922, 1.61, 111, 273, 69, 1
8, 43, 344, 5.375, 0.343, 0.977, 1.71, 118, 336, 69, 1
8, 38, 304, 4.75, 0.408, 0.964, 1.65, 124, 293, 75, 1
11, 26, 286, 2.364, 0.262, 0.804, 1.79, 75, 230, 42, 1
6, 10, 60, 1.667, 0.433, 0.867, 1.86, 26, 52, 14, 1
8, 42, 336, 5.25, 0.375, 0.899, 2.07, 126, 302, 61, 1
6, 21, 126, 3.5, 0.246, 0.254, 31.0, 31, 32, 1, 2
6, 146, 876, 24.333, 0.325, 0.691, 1.83, 285, 605, 156, 1
68, 34, 2312, 0.5, 0.224, 0.526, 2.44, 519, 1215, 213, 5
11, 261, 2871, 23.727, 0.233, 0.637, 1.75, 668, 1830, 381, 1
6, 17, 102, 2.833, 0.137, 0.627, 2.8, 14, 64, 5, 5
10, 15, 150, 1.5, 0.273, 0.947, 1.41, 41, 142, 29, 1
8, 29, 232, 3.625, 0.444, 1.0, 2.15, 103, 232, 48, 1
9, 19, 171, 2.111, 0.298, 0.737, 2.68, 51, 126, 19, 1
10, 51, 510, 5.1, 0.28, 0.814, 1.66, 143, 415, 86, 1
10, 37, 370, 3.7, 0.327, 0.954, 1.83, 121, 353, 66, 1
1, 7, 7, 7.0, 1.0, 1.0, 7.0, 7, 7, 1, 1
10, 34, 340, 3.4, 0.321, 0.853, 2.02, 109, 290, 54, 1
9, 20, 180, 2.222, 0.322, 0.717, 2.15, 58, 129, 27, 1
5, 20, 100, 4.0, 0.47, 0.73, 2.35, 47, 73, 20, 1
5, 13, 65, 2.6, 0.554, 0.8, 2.57, 36, 52, 14, 1
10, 62, 620, 6.2, 0.265, 0.656, 2.19, 164, 407, 75, 1
8, 16, 128, 2.0, 0.328, 0.969, 1.91, 42, 124, 22, 1
10, 39, 390, 3.9, 0.295, 0.908, 2.09, 115, 354, 55, 1
2, 14, 28, 7.0, 0.464, 0.536, 13.0, 13, 15, 1, 2
8, 14, 112, 1.75, 0.411, 0.991, 2.56, 46, 111, 18, 1
16, 29, 464, 1.813, 0.144, 0.496, 2.58, 67, 230, 26, 5
10, 15, 150, 1.5, 0.313, 0.78, 2.24, 47, 117, 21, 1
6, 3, 18, 0.5, 0.556, 0.556, 10.0, 10, 10, 1, 1
7, 4, 28, 0.571, 0.5, 1.0, 2.33, 14, 28, 6, 1
8, 14, 112, 1.75, 0.482, 0.679, 3.0, 54, 76, 18, 1
6, 16, 96, 2.667, 0.281, 0.542, 2.45, 27, 52, 11, 1
10, 28, 280, 2.8, 0.311, 0.957, 1.78, 87, 268, 49, 1
8, 12, 96, 1.5, 0.438, 1.0, 2.1, 42, 96, 20, 1
6, 26, 156, 4.333, 0.423, 0.769, 2.36, 66, 120, 28, 1
7, 20, 140, 2.857, 0.464, 0.9, 2.71, 65, 126, 24, 1
9, 18, 162, 2.0, 0.321, 0.654, 2.26, 52, 106, 23, 1
8, 14, 112, 1.75, 0.438, 0.768, 2.23, 49, 86, 22, 1
10, 76, 760, 7.6, 0.322, 0.689, 1.99, 245, 524, 123, 1
8, 21, 168, 2.625, 0.435, 0.917, 2.35, 73, 154, 31, 1
7, 7, 49, 1.0, 0.347, 0.633, 2.83, 17, 31, 6, 1
5, 5, 25, 1.0, 0.52, 1.0, 2.17, 13, 25, 6, 1
10, 41, 410, 4.1, 0.302, 0.69, 2.07, 124, 283, 60, 1
10, 228, 2280, 22.8, 0.26, 0.61, 1.87, 592, 1390, 316, 1
10, 23, 230, 2.3, 0.348, 0.891, 2.22, 80, 205, 36, 1
10, 10, 100, 1.0, 0.34, 0.93, 1.89, 34, 93, 18, 1
6, 18, 108, 3.0, 0.491, 0.88, 2.04, 53, 95, 26, 1
8, 19, 152, 2.375, 0.395, 0.704, 1.94, 60, 107, 31, 1
8, 8, 64, 1.0, 0.438, 0.813, 4.67, 28, 52, 6, 1
10, 262, 2620, 26.2, 0.288, 0.742, 1.79, 754, 1945, 421, 1
10, 23, 230, 2.3, 0.287, 0.617, 2.2, 66, 142, 30, 1
7, 27, 189, 3.857, 0.402, 0.746, 1.81, 76, 141, 42, 1
10, 30, 300, 3.0, 0.333, 0.93, 1.79, 100, 279, 56, 1
8, 41, 328, 5.125, 0.378, 0.945, 1.61, 124, 310, 77, 1
10, 45, 450, 4.5, 0.296, 0.558, 2.25, 133, 251, 59, 1
8, 5, 40, 0.625, 0.4, 1.0, 2.67, 16, 40, 6, 1
10, 41, 410, 4.1, 0.278, 0.632, 1.93, 114, 259, 59, 1
8, 23, 184, 2.875, 0.451, 0.832, 2.08, 83, 153, 40, 1
8, 16, 128, 2.0, 0.359, 0.781, 2.0, 46, 100, 23, 1
8, 33, 264, 4.125, 0.345, 0.886, 1.57, 91, 234, 58, 1
8, 34, 272, 4.25, 0.357, 0.75, 1.87, 97, 204, 52, 1
10, 30, 300, 3.0, 0.363, 0.71, 2.42, 109, 213, 45, 1
8, 30, 240, 3.75, 0.342, 0.896, 2.0, 82, 215, 41, 1
8, 18, 144, 2.25, 0.389, 0.931, 2.24, 56, 134, 25, 1
10, 34, 340, 3.4, 0.303, 0.815, 1.84, 103, 277, 56, 1
8, 25, 200, 3.125, 0.415, 1.0, 1.89, 83, 200, 44, 1
10, 262, 2620, 26.2, 0.281, 0.691, 1.89, 736, 1811, 390, 1
8, 10, 80, 1.25, 0.363, 0.913, 3.22, 29, 73, 9, 1
9, 30, 270, 3.333, 0.304, 0.711, 1.86, 82, 192, 44, 1
5, 26, 130, 5.2, 0.523, 0.985, 1.89, 68, 128, 36, 1
8, 12, 96, 1.5, 0.427, 0.906, 2.16, 41, 87, 19, 1
10, 31, 310, 3.1, 0.339, 0.713, 2.14, 105, 221, 49, 1
8, 15, 120, 1.875, 0.417, 0.925, 2.17, 50, 111, 23, 1
8, 24, 192, 3.0, 0.438, 0.839, 1.95, 84, 161, 43, 1
10, 39, 390, 3.9, 0.308, 0.721, 1.69, 120, 281, 71, 1
5, 8, 40, 1.6, 0.675, 0.975, 3.0, 27, 39, 9, 1
6, 4, 24, 0.667, 0.583, 0.792, 3.5, 14, 19, 4, 1
9, 29, 261, 3.222, 0.318, 0.893, 1.73, 83, 233, 48, 1
8, 5, 40, 0.625, 0.425, 1.0, 1.55, 17, 40, 11, 1
11, 261, 2871, 23.727, 0.246, 0.638, 1.93, 707, 1833, 366, 1
10, 41, 410, 4.1, 0.324, 0.81, 1.87, 133, 332, 71, 1
8, 22, 176, 2.75, 0.375, 0.909, 1.78, 66, 160, 37, 1
7, 53, 371, 7.571, 0.342, 0.58, 2.4, 127, 215, 53, 1
7, 20, 140, 2.857, 0.407, 0.929, 1.97, 57, 130, 29, 1
9, 29, 261, 3.222, 0.307, 0.648, 1.95, 80, 169, 41, 1
9, 46, 414, 5.111, 0.316, 0.857, 1.72, 131, 355, 76, 1
8, 13, 104, 1.625, 0.365, 0.933, 1.65, 38, 97, 23, 1
7, 9, 63, 1.286, 0.365, 0.698, 1.64, 23, 44, 14, 1
10, 27, 270, 2.7, 0.3, 0.644, 1.98, 81, 174, 41, 1
7, 41, 287, 5.857, 0.422, 1.0, 1.73, 121, 287, 70, 1
8, 25, 200, 3.125, 0.38, 0.795, 1.81, 76, 159, 42, 1
10, 119, 1190, 11.9, 0.275, 0.665, 1.84, 327, 791, 178, 1
6, 8, 48, 1.333, 0.5, 1.0, 2.18, 24, 48, 11, 1
6, 7, 42, 1.167, 0.5, 1.0, 1.75, 21, 42, 12, 1
10, 44, 440, 4.4, 0.35, 0.957, 1.9, 154, 421, 81, 1
10, 52, 520, 5.2, 0.269, 0.85, 2.0, 140, 442, 70, 1
10, 36, 360, 3.6, 0.264, 0.711, 1.86, 95, 256, 51, 1
10, 45, 450, 4.5, 0.282, 0.718, 1.84, 127, 323, 69, 1
6, 16, 96, 2.667, 0.49, 0.844, 1.96, 47, 81, 24, 1
8, 4, 32, 0.5, 0.406, 0.781, 2.17, 13, 25, 6, 1
11, 262, 2882, 23.818, 0.251, 0.677, 1.85, 722, 1951, 391, 1
8, 14, 112, 1.75, 0.42, 0.786, 1.88, 47, 88, 25, 1
7, 31, 217, 4.429, 0.461, 0.922, 2.13, 100, 200, 47, 1
5, 15, 75, 3.0, 0.56, 0.92, 2.21, 42, 69, 19, 1
9, 10, 90, 1.111, 0.389, 0.889, 1.94, 35, 80, 18, 1
8, 36, 288, 4.5, 0.323, 0.781, 1.86, 93, 225, 50, 1
7, 9, 63, 1.286, 0.46, 0.889, 2.42, 29, 56, 12, 1
7, 8, 56, 1.143, 0.411, 0.714, 2.3, 23, 40, 10, 1
8, 18, 144, 2.25, 0.354, 0.757, 1.65, 51, 109, 31, 1
10, 22, 220, 2.2, 0.318, 0.777, 1.79, 70, 171, 39, 1
10, 176, 1760, 17.6, 0.257, 0.583, 1.72, 452, 1026, 263, 1
7, 12, 84, 1.714, 0.405, 0.988, 1.62, 34, 83, 21, 1
8, 41, 328, 5.125, 0.323, 0.643, 1.66, 106, 211, 64, 1
9, 111, 999, 12.333, 0.188, 0.769, 1.49, 188, 768, 126, 1
7, 214, 1498, 30.571, 0.449, 0.899, 2.77, 672, 1346, 243, 1
8, 82, 656, 10.25, 0.396, 0.713, 2.63, 260, 468, 99, 1
6, 32, 192, 5.333, 0.286, 0.891, 1.41, 55, 171, 39, 1
7, 13, 91, 1.857, 0.264, 0.879, 1.85, 24, 80, 13, 1
9, 347, 3123, 38.556, 0.111, 0.433, 1.26, 347, 1351, 275, 1
2, 536, 1072, 268.0, 0.537, 0.622, 24.0, 576, 667, 24, 2
7, 11, 77, 1.571, 0.234, 0.935, 1.64, 18, 72, 11, 1
6, 82, 492, 13.667, 0.274, 0.925, 1.39, 135, 455, 97, 1
6, 12, 72, 2.0, 0.292, 0.778, 1.62, 21, 56, 13, 1
8, 344, 2752, 43.0, 0.216, 0.838, 1.22, 595, 2307, 486, 1
6, 13, 78, 2.167, 0.282, 0.808, 1.57, 22, 63, 14, 1
6, 13, 78, 2.167, 0.256, 0.974, 1.54, 20, 76, 13, 1
9, 518, 4662, 57.556, 0.096, 0.429, 1.25, 449, 2001, 360, 1
13, 57, 741, 4.385, 0.745, 1.0, 11.5, 552, 741, 48, 1
5, 4, 20, 0.8, 0.4, 0.4, 8.0, 8, 8, 1, 1
8, 73, 584, 9.125, 0.433, 0.875, 2.75, 253, 511, 92, 1
28, 31, 868, 1.107, 0.492, 0.745, 7.49, 427, 647, 57, 3
8, 102, 816, 12.75, 0.403, 0.929, 2.7, 329, 758, 122, 1
4, 4, 16, 1.0, 0.438, 0.438, 7.0, 7, 7, 1, 1
9, 166, 1494, 18.444, 0.392, 0.75, 3.08, 585, 1120, 190, 1
9, 240, 2160, 26.667, 0.179, 0.605, 1.26, 386, 1307, 306, 1
9, 148, 1332, 16.444, 0.194, 0.685, 1.37, 258, 912, 189, 1
9, 535, 4815, 59.444, 0.126, 0.444, 1.29, 606, 2136, 469, 1
9, 520, 4680, 57.778, 0.081, 0.308, 1.37, 378, 1441, 276, 1
9, 534, 4806, 59.333, 0.134, 0.503, 1.34, 644, 2419, 482, 1
9, 534, 4806, 59.333, 0.131, 0.516, 1.31, 629, 2482, 479, 1
8, 101, 808, 12.625, 0.222, 0.834, 1.29, 179, 674, 139, 1
3, 536, 1608, 178.67, 0.341, 0.353, 61.0, 549, 567, 9, 2
24, 468, 11232, 19.5, 0.472, 0.922, 7.69, 5296, 10359, 689, 1
28, 32, 896, 1.143, 0.481, 0.742, 7.43, 431, 665, 58, 3
8, 83, 664, 10.375, 0.404, 0.741, 2.58, 268, 492, 104, 1
9, 103, 927, 11.444, 0.383, 0.825, 2.75, 355, 765, 129, 1
8, 275, 2200, 34.375, 0.209, 0.737, 1.31, 460, 1621, 351, 1
9, 534, 4806, 59.333, 0.163, 0.633, 1.34, 784, 3043, 585, 1
8, 508, 4064, 63.5, 0.092, 0.393, 1.28, 372, 1599, 290, 1
6, 103, 618, 17.167, 0.248, 0.909, 1.23, 153, 562, 124, 1
9, 533, 4797, 59.222, 0.167, 0.592, 1.34, 799, 2841, 596, 1
9, 464, 4176, 51.556, 0.158, 0.55, 1.3, 658, 2297, 505, 1
8, 256, 2048, 32.0, 0.124, 0.563, 1.26, 253, 1153, 200, 1
1, 263, 263, 263.0, 0.152, 1.0, 1.03, 40, 263, 39, 1
8, 62, 496, 7.75, 0.296, 0.869, 1.81, 147, 431, 81, 1
7, 216, 1512, 30.857, 0.458, 0.856, 3.11, 693, 1294, 223, 1
8, 535, 4280, 66.875, 0.164, 0.6, 1.35, 704, 2566, 520, 1
6, 76, 456, 12.667, 0.353, 0.961, 1.49, 161, 438, 108, 1
10, 535, 5350, 53.5, 0.166, 0.681, 1.32, 889, 3646, 671, 1
25, 494, 12350, 19.76, 0.462, 0.93, 7.35, 5707, 11482, 776, 1
9, 109, 981, 12.111, 0.219, 0.774, 1.69, 215, 759, 127, 1
9, 102, 918, 11.333, 0.386, 0.895, 2.77, 354, 822, 128, 1
9, 250, 2250, 27.778, 0.347, 0.737, 2.44, 781, 1659, 320, 1
9, 535, 4815, 59.444, 0.163, 0.6, 1.4, 786, 2887, 561, 1
9, 279, 2511, 31.0, 0.097, 0.339, 1.34, 243, 851, 181, 1
2, 537, 1074, 268.5, 0.52, 0.621, 26.57, 558, 667, 21, 2
8, 198, 1584, 24.75, 0.215, 0.832, 1.31, 341, 1318, 260, 1
1, 537, 537, 537.0, 1.0, 1.0, 537.0, 537, 537, 1, 2
28, 32, 896, 1.143, 0.462, 0.722, 7.02, 414, 647, 59, 3
9, 169, 1521, 18.778, 0.333, 0.726, 2.3, 507, 1104, 220, 1
8, 151, 1208, 18.875, 0.174, 0.627, 1.18, 210, 758, 178, 1
9, 262, 2358, 29.111, 0.089, 0.43, 1.19, 210, 1015, 176, 1
9, 270, 2430, 30.0, 0.111, 0.495, 1.27, 270, 1204, 213, 1
7, 198, 1386, 28.286, 0.17, 0.713, 1.36, 236, 988, 174, 1
1, 143, 143, 143.0, 0.133, 1.0, 1.06, 19, 143, 18, 1
9, 151, 1359, 16.778, 0.139, 0.549, 1.17, 189, 746, 162, 1
9, 127, 1143, 14.111, 0.174, 0.718, 1.28, 199, 821, 155, 1
8, 203, 1624, 25.375, 0.149, 0.767, 1.27, 242, 1246, 191, 1
8, 69, 552, 8.625, 0.159, 0.772, 1.29, 88, 426, 68, 1
10, 250, 2500, 25.0, 0.12, 0.603, 1.19, 301, 1507, 253, 1
24, 84, 2016, 3.5, 0.474, 0.872, 8.69, 956, 1758, 110, 1
9, 183, 1647, 20.333, 0.327, 0.744, 2.25, 538, 1225, 239, 1
6, 32, 192, 5.333, 0.365, 0.958, 1.67, 70, 184, 42, 1
10, 309, 3090, 30.9, 0.2, 0.73, 1.4, 618, 2257, 441, 1
8, 40, 320, 5.0, 0.281, 0.872, 1.45, 90, 279, 62, 1
10, 511, 5110, 51.1, 0.115, 0.414, 1.53, 588, 2114, 385, 1
10, 83, 830, 8.3, 0.208, 0.667, 1.44, 173, 554, 120, 1
13, 375, 4875, 28.846, 0.154, 0.519, 1.44, 751, 2531, 521, 1
8, 38, 304, 4.75, 0.128, 0.444, 1.86, 39, 135, 21, 1
7, 41, 287, 5.857, 0.254, 0.697, 1.43, 73, 200, 51, 1
9, 195, 1755, 21.667, 0.126, 0.383, 1.53, 221, 673, 144, 1
14, 57, 798, 4.071, 0.742, 0.97, 12.08, 592, 774, 49, 1
7, 215, 1505, 30.714, 0.538, 0.993, 3.2, 810, 1495, 253, 1
9, 82, 738, 9.111, 0.383, 0.641, 2.62, 283, 473, 108, 1
5, 31, 155, 6.2, 0.419, 0.948, 1.91, 65, 147, 34, 1
7, 34, 238, 4.857, 0.265, 0.748, 1.4, 63, 178, 45, 1
9, 511, 4599, 56.778, 0.164, 0.509, 1.42, 755, 2339, 530, 1
1, 167, 167, 167.0, 0.192, 1.0, 1.03, 32, 167, 31, 1
9, 536, 4824, 59.556, 0.126, 0.493, 1.34, 609, 2377, 456, 1
7, 53, 371, 7.571, 0.267, 0.679, 1.57, 99, 252, 63, 1
9, 194, 1746, 21.556, 0.191, 0.691, 1.4, 333, 1207, 238, 1
6, 80, 480, 13.333, 0.352, 0.96, 1.51, 169, 461, 112, 1
8, 148, 1184, 18.5, 0.196, 0.718, 1.28, 232, 850, 181, 1
7, 143, 1001, 20.429, 0.113, 0.528, 1.47, 113, 529, 77, 1
8, 72, 576, 9.0, 0.198, 0.736, 1.25, 114, 424, 91, 1
8, 60, 480, 7.5, 0.433, 0.842, 3.01, 208, 404, 69, 1
8, 216, 1728, 27.0, 0.408, 0.747, 3.18, 705, 1290, 222, 1
8, 82, 656, 10.25, 0.434, 0.75, 2.91, 285, 492, 98, 1
9, 186, 1674, 20.667, 0.425, 0.786, 3.24, 712, 1315, 220, 1
7, 105, 735, 15.0, 0.127, 0.41, 1.39, 93, 301, 67, 1
6, 32, 192, 5.333, 0.286, 0.76, 1.41, 55, 146, 39, 1
8, 216, 1728, 27.0, 0.156, 0.511, 1.33, 270, 883, 203, 1
7, 13, 91, 1.857, 0.363, 0.835, 1.57, 33, 76, 21, 1
9, 341, 3069, 37.889, 0.072, 0.305, 1.35, 222, 935, 165, 1
9, 172, 1548, 19.111, 0.167, 0.678, 1.28, 258, 1050, 202, 1
6, 13, 78, 2.167, 0.346, 0.846, 2.7, 27, 66, 10, 1
8, 510, 4080, 63.75, 0.144, 0.531, 1.32, 586, 2166, 444, 1
9, 177, 1593, 19.667, 0.196, 0.75, 1.38, 313, 1195, 227, 1
7, 71, 497, 10.143, 0.193, 0.672, 1.43, 96, 334, 67, 1
9, 510, 4590, 56.667, 0.149, 0.592, 1.28, 684, 2717, 533, 1
7, 223, 1561, 31.857, 0.121, 0.527, 1.33, 189, 823, 142, 1
7, 50, 350, 7.143, 0.214, 0.96, 1.23, 75, 336, 61, 1
24, 178, 4272, 7.417, 0.491, 0.969, 7.86, 2099, 4141, 267, 1
29, 32, 928, 1.103, 0.432, 0.689, 6.27, 401, 639, 64, 3
8, 148, 1184, 18.5, 0.182, 0.625, 1.2, 216, 740, 180, 1
9, 509, 4581, 56.556, 0.096, 0.379, 1.34, 439, 1736, 328, 1
7, 168, 1176, 24.0, 0.081, 0.369, 1.14, 95, 434, 83, 1
7, 13, 91, 1.857, 0.275, 0.758, 2.27, 25, 69, 11, 1
9, 101, 909, 11.222, 0.196, 0.771, 1.22, 178, 701, 146, 1
7, 71, 497, 10.143, 0.231, 0.757, 1.37, 115, 376, 84, 1
7, 169, 1183, 24.143, 0.167, 0.785, 1.28, 197, 929, 154, 1
9, 233, 2097, 25.889, 0.165, 0.687, 1.26, 345, 1441, 274, 1
9, 535, 4815, 59.444, 0.157, 0.594, 1.23, 757, 2861, 617, 1
7, 69, 483, 9.857, 0.188, 0.754, 1.28, 91, 364, 71, 1
2, 14, 28, 7.0, 0.393, 0.536, 3.67, 11, 15, 3, 1
5, 10, 50, 2.0, 0.28, 0.74, 7.0, 14, 37, 2, 1
7, 75, 525, 10.714, 0.661, 0.907, 5.51, 347, 476, 63, 1
153, 158, 24174, 1.033, 0.587, 0.641, 46.95, 14180, 15491, 302, 3
39, 1, 39, 0.026, 1.0, 1.0, 39.0, 39, 39, 1, 4
10, 40, 400, 4.0, 0.278, 0.615, 2.09, 111, 246, 53, 1
11, 53, 583, 4.818, 0.225, 0.485, 3.45, 131, 283, 38, 1
1, 413, 413, 413.0, 0.998, 1.0, 412.0, 412, 413, 1, 2
58, 3, 174, 0.052, 0.339, 0.345, 59.0, 59, 60, 1, 4
3, 3, 9, 1.0, 0.778, 0.778, 7.0, 7, 7, 1, 1
13, 80, 1040, 6.154, 0.434, 0.536, 5.57, 451, 557, 81, 1
9, 14, 126, 1.556, 0.706, 0.865, 7.42, 89, 109, 12, 1
11, 41, 451, 3.727, 0.337, 0.634, 2.92, 152, 286, 52, 1
10, 18, 180, 1.8, 0.55, 0.656, 7.62, 99, 118, 13, 1
11, 185, 2035, 16.818, 0.356, 0.772, 2.94, 724, 1572, 246, 1
9, 8, 72, 0.889, 0.583, 0.972, 21.0, 42, 70, 2, 1
13, 67, 871, 5.154, 0.441, 0.83, 5.19, 384, 723, 74, 1
168, 145, 24360, 0.863, 0.798, 0.963, 13.06, 19430, 23457, 1488, 3
8, 139, 1112, 17.375, 0.16, 0.692, 2.17, 178, 769, 82, 1
4, 137, 548, 34.25, 0.173, 0.622, 3.28, 95, 341, 29, 1
10, 10, 100, 1.0, 0.5, 0.53, 50.0, 50, 53, 1, 1
24, 337, 8088, 14.042, 0.945, 1.0, 18.29, 7647, 8088, 418, 1
13, 441, 5733, 33.923, 0.374, 0.625, 4.63, 2144, 3582, 463, 1
10, 18, 180, 1.8, 0.539, 0.811, 8.82, 97, 146, 11, 1
10, 258, 2580, 25.8, 0.337, 0.648, 2.67, 869, 1672, 325, 1
10, 154, 1540, 15.4, 0.342, 0.664, 2.55, 527, 1022, 207, 1
10, 82, 820, 8.2, 0.362, 0.69, 2.75, 297, 566, 108, 1
14, 321, 4494, 22.929, 0.361, 0.595, 4.71, 1624, 2675, 345, 1
8, 63, 504, 7.875, 0.435, 0.843, 2.41, 219, 425, 91, 1
1, 52, 52, 52.0, 0.962, 1.0, 25.0, 50, 52, 2, 2
1, 27, 27, 27.0, 0.259, 1.0, 1.4, 7, 27, 5, 2
9, 9, 81, 1.0, 0.519, 0.531, 42.0, 42, 43, 1, 1
8, 52, 416, 6.5, 0.45, 0.921, 2.88, 187, 383, 65, 1
14, 359, 5026, 25.643, 0.368, 0.615, 4.56, 1848, 3093, 405, 1
10, 18, 180, 1.8, 0.467, 0.778, 8.4, 84, 140, 10, 1
11, 245, 2695, 22.273, 0.353, 0.765, 2.77, 952, 2063, 344, 1
24, 124, 2976, 5.167, 0.902, 0.961, 16.66, 2683, 2859, 161, 1
14, 153, 2142, 10.929, 0.38, 0.643, 4.44, 813, 1378, 183, 1
11, 251, 2761, 22.818, 0.355, 0.743, 2.93, 979, 2052, 334, 1
1, 10, 10, 10.0, 1.0, 1.0, 10.0, 10, 10, 1, 2
9, 1, 9, 0.111, 1.0, 1.0, 9.0, 9, 9, 1, 4
8, 54, 432, 6.75, 0.537, 0.951, 3.36, 232, 411, 69, 1
1, 19, 19, 19.0, 0.632, 1.0, 4.0, 12, 19, 3, 2
1, 44, 44, 44.0, 0.727, 1.0, 5.33, 32, 44, 6, 2
10, 170, 1700, 17.0, 0.499, 0.928, 4.35, 849, 1577, 195, 1
9, 14, 126, 1.556, 0.587, 0.944, 6.17, 74, 119, 12, 1
9, 18, 162, 2.0, 0.58, 0.852, 7.83, 94, 138, 12, 1
9, 86, 774, 9.556, 0.394, 0.705, 2.85, 305, 546, 107, 1
27, 1, 27, 0.037, 1.0, 1.0, 27.0, 27, 27, 1, 4
10, 18, 180, 1.8, 0.522, 0.694, 9.4, 94, 125, 10, 1
10, 205, 2050, 20.5, 0.381, 0.708, 3.04, 781, 1451, 257, 1
1, 94, 94, 94.0, 0.564, 1.0, 3.31, 53, 94, 16, 2
25, 169, 4225, 6.76, 0.218, 0.971, 1.58, 923, 4101, 586, 1
13, 136, 1768, 10.462, 0.415, 0.778, 4.58, 733, 1375, 160, 1
10, 19, 190, 1.9, 0.542, 0.768, 7.36, 103, 146, 14, 1
3, 3, 9, 1.0, 0.889, 0.889, 8.0, 8, 8, 1, 1
14, 201, 2814, 14.357, 0.373, 0.641, 4.84, 1050, 1804, 217, 1
10, 20, 200, 2.0, 0.605, 0.795, 8.07, 121, 159, 15, 1
14, 319, 4466, 22.786, 0.37, 0.577, 4.54, 1654, 2577, 364, 1
9, 20, 180, 2.222, 0.628, 0.856, 8.07, 113, 154, 14, 1
14, 340, 4760, 24.286, 0.344, 0.563, 4.6, 1636, 2682, 356, 1
9, 83, 747, 9.222, 0.351, 0.726, 2.94, 262, 542, 89, 1
1, 32, 32, 32.0, 0.469, 1.0, 1.88, 15, 32, 8, 2
25, 261, 6525, 10.44, 0.887, 0.945, 17.75, 5785, 6164, 326, 1
13, 369, 4797, 28.385, 0.397, 0.662, 4.79, 1906, 3176, 398, 1
28, 281, 7868, 10.036, 0.318, 0.551, 4.72, 2502, 4339, 530, 1
9, 18, 162, 2.0, 0.543, 0.815, 8.8, 88, 132, 10, 1
9, 152, 1368, 16.889, 0.379, 0.765, 2.77, 518, 1047, 187, 1
8, 215, 1720, 26.875, 0.366, 0.792, 2.86, 629, 1362, 220, 1
14, 420, 5880, 30.0, 0.376, 0.571, 4.92, 2209, 3356, 449, 1
10, 16, 160, 1.6, 0.425, 0.794, 7.56, 68, 127, 9, 1
14, 320, 4480, 22.857, 0.354, 0.585, 4.46, 1584, 2621, 355, 1
9, 250, 2250, 27.778, 0.36, 0.733, 2.56, 810, 1649, 316, 1
10, 18, 180, 1.8, 0.583, 0.894, 7.5, 105, 161, 14, 1
9, 249, 2241, 27.667, 0.346, 0.77, 2.54, 776, 1725, 306, 1
27, 267, 7209, 9.889, 0.362, 0.674, 4.36, 2610, 4860, 599, 1
10, 19, 190, 1.9, 0.611, 0.874, 8.92, 116, 166, 13, 1
13, 1, 13, 0.077, 1.0, 1.0, 13.0, 13, 13, 1, 4
1, 7, 7, 7.0, 1.0, 1.0, 7.0, 7, 7, 1, 1
12, 409, 4908, 34.083, 0.302, 0.604, 2.88, 1482, 2966, 515, 1
11, 205, 2255, 18.636, 0.371, 0.717, 3.01, 837, 1616, 278, 1
15, 138, 2070, 9.2, 0.431, 0.75, 5.45, 893, 1552, 164, 1
17, 382, 6494, 22.471, 0.363, 0.567, 5.46, 2355, 3680, 431, 1
1, 42, 42, 42.0, 0.19, 1.0, 1.6, 8, 42, 5, 2
8, 82, 656, 10.25, 0.412, 0.803, 2.78, 270, 527, 97, 1
16, 391, 6256, 24.438, 0.401, 0.674, 5.26, 2508, 4219, 477, 1
3, 4, 12, 1.333, 0.917, 0.917, 11.0, 11, 11, 1, 1
39, 353, 13767, 9.051, 0.557, 0.608, 16.89, 7667, 8370, 454, 1
16, 415, 6640, 25.938, 0.389, 0.675, 5.17, 2582, 4480, 499, 1
15, 222, 3330, 14.8, 0.414, 0.728, 5.34, 1378, 2425, 258, 1
83, 314, 26062, 3.783, 0.282, 0.619, 8.77, 7353, 16139, 838, 5
11, 19, 209, 1.727, 0.579, 0.957, 7.56, 121, 200, 16, 1
12, 22, 264, 1.833, 0.58, 0.814, 7.65, 153, 215, 20, 1
16, 399, 6384, 24.938, 0.369, 0.577, 5.34, 2357, 3685, 441, 1
16, 405, 6480, 25.313, 0.382, 0.596, 5.3, 2476, 3863, 467, 1
1, 9, 9, 9.0, 1.0, 1.0, 9.0, 9, 9, 1, 1
9, 82, 738, 9.111, 0.306, 0.695, 2.86, 226, 513, 79, 1
15, 154, 2310, 10.267, 0.423, 0.704, 5.84, 976, 1626, 167, 1
12, 404, 4848, 33.667, 0.334, 0.674, 2.82, 1617, 3267, 573, 1
4, 2, 8, 0.5, 1.0, 1.0, 8.0, 8, 8, 1, 4
17, 403, 6851, 23.706, 0.349, 0.521, 5.43, 2388, 3568, 440, 1
12, 22, 264, 1.833, 0.568, 0.837, 7.5, 150, 221, 20, 1
16, 410, 6560, 25.625, 0.381, 0.569, 5.55, 2497, 3731, 450, 1
16, 243, 3888, 15.188, 0.394, 0.709, 5.5, 1530, 2756, 278, 1
10, 177, 1770, 17.7, 0.26, 0.693, 1.77, 461, 1226, 261, 1
8, 13, 104, 1.625, 0.683, 0.817, 7.1, 71, 85, 10, 1
10, 398, 3980, 39.8, 0.342, 0.745, 2.44, 1361, 2965, 557, 1
10, 238, 2380, 23.8, 0.353, 0.727, 2.85, 840, 1730, 295, 1
10, 88, 880, 8.8, 0.257, 0.668, 1.82, 226, 588, 124, 1
7, 13, 91, 1.857, 0.67, 0.89, 7.63, 61, 81, 8, 1
9, 163, 1467, 18.111, 0.264, 0.51, 2.98, 387, 748, 130, 1
8, 162, 1296, 20.25, 0.327, 0.79, 2.85, 424, 1024, 149, 1
9, 163, 1467, 18.111, 0.263, 0.549, 2.82, 386, 805, 137, 1
11, 63, 693, 5.727, 0.413, 0.804, 3.08, 286, 557, 93, 1
24, 510, 12240, 21.25, 0.846, 0.927, 38.65, 10359, 11341, 268, 2
6, 217, 1302, 36.167, 0.25, 0.684, 1.52, 326, 890, 214, 1
6, 184, 1104, 30.667, 0.272, 0.697, 1.54, 300, 770, 195, 1
17, 23, 391, 1.353, 0.419, 0.808, 6.56, 164, 316, 25, 1
5, 27, 135, 5.4, 0.296, 0.496, 3.08, 40, 67, 13, 1
5, 51, 255, 10.2, 0.314, 0.831, 1.63, 80, 212, 49, 1
8, 231, 1848, 28.875, 0.228, 0.569, 1.64, 421, 1052, 257, 1
5, 70, 350, 14.0, 0.18, 0.417, 1.4, 63, 146, 45, 1
17, 24, 408, 1.412, 0.426, 0.792, 4.46, 174, 323, 39, 1
17, 22, 374, 1.294, 0.425, 0.765, 4.68, 159, 286, 34, 1
5, 46, 230, 9.2, 0.174, 0.804, 1.43, 40, 185, 28, 1
19, 130, 2470, 6.842, 0.208, 0.65, 1.93, 514, 1606, 267, 1
7, 192, 1344, 27.429, 0.136, 0.385, 1.36, 183, 518, 135, 1
7, 48, 336, 6.857, 0.298, 0.613, 1.67, 100, 206, 60, 1
6, 60, 360, 10.0, 0.292, 0.822, 1.57, 105, 296, 67, 1
5, 17, 85, 3.4, 0.376, 0.741, 2.91, 32, 63, 11, 1
7, 223, 1561, 31.857, 0.205, 0.664, 1.4, 320, 1036, 229, 1
9, 169, 1521, 18.778, 0.26, 0.619, 1.82, 396, 942, 217, 1
7, 133, 931, 19.0, 0.211, 0.559, 1.75, 196, 520, 112, 1
7, 37, 259, 5.286, 0.521, 0.954, 3.14, 135, 247, 43, 1
9, 33, 297, 3.667, 0.34, 0.677, 2.53, 101, 201, 40, 1
10, 292, 2920, 29.2, 0.203, 0.649, 1.5, 594, 1896, 397, 1
4, 95, 380, 23.75, 0.311, 0.979, 1.51, 118, 372, 78, 1
17, 24, 408, 1.412, 0.407, 0.809, 4.88, 166, 330, 34, 1
13, 239, 3107, 18.385, 0.239, 0.615, 2.16, 742, 1912, 343, 1
6, 96, 576, 16.0, 0.297, 0.811, 2.25, 171, 467, 76, 1
5, 82, 410, 16.4, 0.361, 0.802, 2.11, 148, 329, 70, 1
136, 1, 136, 0.0070, 0.993, 1.0, 135.0, 135, 136, 1, 4
6, 96, 576, 16.0, 0.26, 0.856, 1.53, 150, 493, 98, 1
5, 94, 470, 18.8, 0.313, 0.751, 1.91, 147, 353, 77, 1
6, 97, 582, 16.167, 0.282, 0.794, 1.84, 164, 462, 89, 1
6, 96, 576, 16.0, 0.198, 0.668, 1.61, 114, 385, 71, 1
7, 140, 980, 20.0, 0.253, 0.886, 1.49, 248, 868, 167, 1
4, 69, 276, 17.25, 0.377, 0.96, 1.82, 104, 265, 57, 1
6, 96, 576, 16.0, 0.318, 0.575, 3.0, 183, 331, 61, 1
4, 96, 384, 24.0, 0.479, 0.878, 2.56, 184, 337, 72, 1
5, 39, 195, 7.8, 0.436, 0.656, 3.54, 85, 128, 24, 1
91, 285, 25935, 3.132, 0.158, 0.165, 113.89, 4100, 4287, 36, 5
11, 252, 2772, 22.909, 0.092, 0.095, 63.75, 255, 262, 4, 2
10, 88, 880, 8.8, 0.248, 0.49, 2.16, 218, 431, 101, 1
1, 42, 42, 42.0, 0.405, 1.0, 1.06, 17, 42, 16, 1
8, 129, 1032, 16.125, 0.232, 0.823, 1.46, 239, 849, 164, 1
7, 12, 84, 1.714, 0.226, 0.607, 2.38, 19, 51, 8, 1
1, 95, 95, 95.0, 0.379, 1.0, 1.03, 36, 95, 35, 1
9, 102, 918, 11.333, 0.166, 0.56, 1.58, 152, 514, 96, 1
7, 12, 84, 1.714, 0.25, 0.524, 1.75, 21, 44, 12, 1
1, 22, 22, 22.0, 0.318, 1.0, 1.17, 7, 22, 6, 1
7, 30, 210, 4.286, 0.271, 0.871, 1.33, 57, 183, 43, 1
7, 31, 217, 4.429, 0.3, 0.88, 1.97, 65, 191, 33, 1
6, 104, 624, 17.333, 0.099, 0.258, 2.0, 62, 161, 31, 1
23, 92, 2116, 4.0, 0.145, 0.532, 1.44, 306, 1126, 212, 1
7, 21, 147, 3.0, 0.286, 0.85, 1.35, 42, 125, 31, 1
5, 28, 140, 5.6, 0.307, 0.821, 1.39, 43, 115, 31, 1
7, 61, 427, 8.714, 0.321, 0.667, 1.9, 137, 285, 72, 1
5, 2, 10, 0.4, 0.7, 0.7, 7.0, 7, 7, 1, 4
6, 45, 270, 7.5, 0.422, 0.881, 1.73, 114, 238, 66, 1
5, 27, 135, 5.4, 0.267, 0.622, 1.71, 36, 84, 21, 1
8, 69, 552, 8.625, 0.216, 0.643, 1.43, 119, 355, 83, 1
7, 96, 672, 13.714, 0.271, 0.688, 1.54, 182, 462, 118, 1
8, 42, 336, 5.25, 0.259, 0.756, 1.74, 87, 254, 50, 1
7, 10, 70, 1.429, 0.286, 0.771, 2.22, 20, 54, 9, 1
5, 18, 90, 3.6, 0.322, 1.0, 1.45, 29, 90, 20, 1
7, 108, 756, 15.429, 0.362, 0.807, 2.11, 274, 610, 130, 1
20, 39, 780, 1.95, 0.232, 0.585, 3.42, 181, 456, 53, 1
14, 18, 252, 1.286, 0.298, 0.655, 5.0, 75, 165, 15, 1
10, 22, 220, 2.2, 0.323, 0.814, 2.09, 71, 179, 34, 1
12, 117, 1404, 9.75, 0.2, 0.714, 1.6, 281, 1002, 176, 1
10, 23, 230, 2.3, 0.261, 0.787, 1.76, 60, 181, 34, 1
10, 18, 180, 1.8, 0.289, 0.744, 2.6, 52, 134, 20, 1
10, 94, 940, 9.4, 0.286, 1.0, 1.78, 269, 940, 151, 1
10, 18, 180, 1.8, 0.294, 0.872, 2.3, 53, 157, 23, 1
10, 23, 230, 2.3, 0.313, 0.891, 2.4, 72, 205, 30, 1
13, 423, 5499, 32.538, 0.188, 0.762, 1.64, 1034, 4191, 632, 1
1, 8, 8, 8.0, 1.0, 1.0, 8.0, 8, 8, 1, 2
13, 377, 4901, 29.0, 0.178, 0.746, 1.59, 872, 3655, 548, 1
14, 348, 4872, 24.857, 0.169, 0.676, 1.56, 822, 3293, 526, 1
10, 20, 200, 2.0, 0.275, 0.91, 1.9, 55, 182, 29, 1
10, 23, 230, 2.3, 0.317, 0.891, 2.35, 73, 205, 31, 1
1, 277, 277, 277.0, 0.993, 1.0, 137.5, 275, 277, 2, 2
10, 553, 5530, 55.3, 0.797, 0.884, 21.3, 4409, 4890, 207, 2
38, 342, 12996, 9.0, 0.275, 0.466, 12.99, 3573, 6053, 275, 1
8, 65, 520, 8.125, 0.302, 0.908, 1.74, 157, 472, 90, 1
9, 137, 1233, 15.222, 0.235, 0.693, 1.7, 290, 854, 171, 1
7, 41, 287, 5.857, 0.261, 0.885, 1.32, 75, 254, 57, 1
118, 105, 12390, 0.89, 0.052, 0.105, 3.33, 642, 1296, 193, 5
158, 167, 26386, 1.057, 0.16, 0.276, 8.24, 4213, 7279, 511, 5
8, 108, 864, 13.5, 0.196, 0.686, 1.34, 169, 593, 126, 1
7, 35, 245, 5.0, 0.188, 0.849, 1.21, 46, 208, 38, 1
7, 75, 525, 10.714, 0.156, 0.758, 1.28, 82, 398, 64, 1
7, 85, 595, 12.143, 0.192, 0.869, 1.3, 114, 517, 88, 1
7, 70, 490, 10.0, 0.371, 0.971, 1.9, 182, 476, 96, 1
7, 92, 644, 13.143, 0.309, 0.896, 1.88, 199, 577, 106, 1
8, 90, 720, 11.25, 0.207, 0.738, 1.54, 149, 531, 97, 1
1, 288, 288, 288.0, 0.424, 1.0, 1.02, 122, 288, 120, 2
8, 346, 2768, 43.25, 0.144, 0.581, 1.31, 398, 1607, 304, 1
4, 10, 40, 2.5, 0.3, 0.65, 3.0, 12, 26, 4, 1
20, 32, 640, 1.6, 0.43, 0.555, 21.15, 275, 355, 13, 1
19, 28, 532, 1.474, 0.588, 0.912, 13.04, 313, 485, 24, 1
1, 8, 8, 8.0, 1.0, 1.0, 8.0, 8, 8, 1, 2
8, 21, 168, 2.625, 0.482, 0.827, 13.5, 81, 139, 6, 1
8, 22, 176, 2.75, 0.398, 0.79, 2.59, 70, 139, 27, 1
10, 10, 100, 1.0, 0.56, 0.91, 4.0, 56, 91, 14, 1
9, 10, 90, 1.111, 0.344, 0.533, 3.88, 31, 48, 8, 1
17, 342, 5814, 20.118, 0.916, 0.996, 30.27, 5328, 5790, 176, 2
9, 38, 342, 4.222, 0.211, 0.561, 2.25, 72, 192, 32, 1
9, 33, 297, 3.667, 0.347, 0.929, 2.58, 103, 276, 40, 1
9, 7, 63, 0.778, 0.349, 0.603, 3.67, 22, 38, 6, 1
10, 36, 360, 3.6, 0.356, 0.672, 2.33, 128, 242, 55, 1
14, 98, 1372, 7.0, 0.308, 0.768, 2.43, 422, 1054, 174, 1
1, 159, 159, 159.0, 0.994, 1.0, 158.0, 158, 159, 1, 2
1, 199, 199, 199.0, 0.99, 1.0, 197.0, 197, 199, 1, 2
14, 187, 2618, 13.357, 0.265, 0.477, 2.31, 693, 1248, 300, 1
11, 11, 121, 1.0, 0.455, 0.818, 5.5, 55, 99, 10, 1
10, 183, 1830, 18.3, 0.267, 0.682, 1.67, 488, 1248, 293, 1
10, 11, 110, 1.1, 0.491, 0.845, 4.5, 54, 93, 12, 1
22, 208, 4576, 9.455, 0.203, 0.555, 1.59, 928, 2539, 585, 1
11, 65, 715, 5.909, 0.178, 0.662, 1.65, 127, 473, 77, 1
9, 45, 405, 5.0, 0.306, 0.6, 1.68, 124, 243, 74, 1
11, 193, 2123, 17.545, 0.243, 0.683, 1.59, 516, 1451, 325, 1
1, 16, 16, 16.0, 1.0, 1.0, 16.0, 16, 16, 1, 2
5, 7, 35, 1.4, 0.486, 0.914, 8.5, 17, 32, 2, 1
3, 132, 396, 44.0, 0.505, 0.558, 20.0, 200, 221, 10, 2
10, 96, 960, 9.6, 0.418, 0.886, 2.49, 401, 851, 161, 1
9, 45, 405, 5.0, 0.442, 0.956, 3.31, 179, 387, 54, 1
8, 2, 16, 0.25, 0.563, 0.563, 9.0, 9, 9, 1, 1
1, 152, 152, 152.0, 0.822, 1.0, 11.36, 125, 152, 11, 2
6, 22, 132, 3.667, 0.197, 1.0, 2.89, 26, 132, 9, 1
9, 5, 45, 0.556, 0.711, 0.889, 10.67, 32, 40, 3, 1
7, 7, 49, 1.0, 0.327, 0.898, 2.29, 16, 44, 7, 1
1, 46, 46, 46.0, 0.239, 1.0, 1.38, 11, 46, 8, 2
9, 64, 576, 7.111, 0.302, 0.92, 1.98, 174, 530, 88, 1
1, 35, 35, 35.0, 0.857, 1.0, 10.0, 30, 35, 3, 2
15, 61, 915, 4.067, 0.247, 0.515, 1.87, 226, 471, 121, 1
6, 51, 306, 8.5, 0.294, 0.775, 1.48, 90, 237, 61, 1
9, 107, 963, 11.889, 0.375, 0.861, 1.94, 361, 829, 186, 1
11, 337, 3707, 30.636, 0.175, 0.637, 2.2, 650, 2361, 296, 1
9, 43, 387, 4.778, 0.388, 0.886, 2.73, 150, 343, 55, 1
153, 442, 67626, 2.889, 0.114, 0.215, 6.27, 7689, 14538, 1227, 5
11, 38, 418, 3.455, 0.328, 0.852, 1.96, 137, 356, 70, 1
8, 40, 320, 5.0, 0.463, 0.969, 2.47, 148, 310, 60, 1
7, 17, 119, 2.429, 0.454, 0.866, 3.18, 54, 103, 17, 1
9, 42, 378, 4.667, 0.45, 0.905, 2.79, 170, 342, 61, 1
9, 42, 378, 4.667, 0.452, 0.942, 2.85, 171, 356, 60, 1
9, 21, 189, 2.333, 0.302, 0.614, 1.9, 57, 116, 30, 1
7, 13, 91, 1.857, 0.154, 0.484, 2.0, 14, 44, 7, 5
8, 28, 224, 3.5, 0.299, 0.969, 1.6, 67, 217, 42, 1
10, 261, 2610, 26.1, 0.183, 0.515, 1.49, 477, 1343, 321, 1
8, 71, 568, 8.875, 0.238, 0.701, 1.47, 135, 398, 92, 1
8, 261, 2088, 32.625, 0.218, 0.773, 1.34, 455, 1615, 340, 1
9, 34, 306, 3.778, 0.225, 0.755, 1.57, 69, 231, 44, 1
7, 11, 77, 1.571, 0.351, 0.87, 1.5, 27, 67, 18, 1
6, 17, 102, 2.833, 0.245, 0.598, 1.56, 25, 61, 16, 1
9, 16, 144, 1.778, 0.16, 0.5, 1.92, 23, 72, 12, 1
7, 6, 42, 0.857, 0.476, 0.881, 1.82, 20, 37, 11, 1
7, 11, 77, 1.571, 0.351, 0.961, 1.35, 27, 74, 20, 1
7, 26, 182, 3.714, 0.352, 1.0, 1.36, 64, 182, 47, 1
7, 14, 98, 2.0, 0.337, 0.98, 1.83, 33, 96, 18, 1
7, 14, 98, 2.0, 0.378, 1.0, 1.95, 37, 98, 19, 1
6, 17, 102, 2.833, 0.324, 1.0, 1.32, 33, 102, 25, 1
7, 15, 105, 2.143, 0.229, 0.886, 1.6, 24, 93, 15, 1
7, 11, 77, 1.571, 0.286, 0.909, 1.29, 22, 70, 17, 1
7, 14, 98, 2.0, 0.214, 0.786, 1.11, 21, 77, 19, 1
7, 11, 77, 1.571, 0.364, 0.935, 1.4, 28, 72, 20, 1
7, 40, 280, 5.714, 0.311, 0.939, 1.43, 87, 263, 61, 1
9, 26, 234, 2.889, 0.291, 0.795, 1.74, 68, 186, 39, 1
5, 28, 140, 5.6, 0.321, 0.95, 1.45, 45, 133, 31, 1
9, 42, 378, 4.667, 0.198, 0.563, 1.15, 75, 213, 65, 1
8, 13, 104, 1.625, 0.529, 0.798, 2.89, 55, 83, 19, 1
10, 17, 170, 1.7, 0.382, 1.0, 2.41, 65, 170, 27, 1
8, 23, 184, 2.875, 0.337, 0.783, 1.94, 62, 144, 32, 1
8, 4, 32, 0.5, 0.469, 0.719, 5.0, 15, 23, 3, 1
10, 25, 250, 2.5, 0.392, 0.808, 2.51, 98, 202, 39, 1
11, 245, 2695, 22.273, 0.252, 0.829, 1.86, 678, 2235, 365, 1
5, 7, 35, 1.4, 0.6, 0.886, 3.5, 21, 31, 6, 1
9, 12, 108, 1.333, 0.491, 0.889, 2.41, 53, 96, 22, 1
8, 15, 120, 1.875, 0.433, 0.625, 2.74, 52, 75, 19, 1
8, 13, 104, 1.625, 0.413, 1.0, 1.95, 43, 104, 22, 1
8, 8, 64, 1.0, 0.391, 1.0, 2.5, 25, 64, 10, 1
10, 16, 160, 1.6, 0.375, 0.769, 2.14, 60, 123, 28, 1
5, 7, 35, 1.4, 0.457, 1.0, 1.45, 16, 35, 11, 1
8, 76, 608, 9.5, 0.314, 0.711, 1.87, 191, 432, 102, 1
6, 9, 54, 1.5, 0.37, 0.722, 2.0, 20, 39, 10, 1
10, 57, 570, 5.7, 0.326, 0.695, 1.98, 186, 396, 94, 1
5, 2, 10, 0.4, 0.7, 0.7, 7.0, 7, 7, 1, 1
8, 12, 96, 1.5, 0.396, 0.969, 1.81, 38, 93, 21, 1
7, 41, 287, 5.857, 0.355, 0.857, 1.85, 102, 246, 55, 1
11, 175, 1925, 15.909, 0.21, 0.469, 1.98, 405, 902, 205, 1
8, 24, 192, 3.0, 0.328, 0.625, 1.75, 63, 120, 36, 1
7, 36, 252, 5.143, 0.409, 0.861, 1.84, 103, 217, 56, 1
8, 43, 344, 5.375, 0.326, 0.75, 1.81, 112, 258, 62, 1
24, 280, 6720, 11.667, 0.449, 0.904, 7.76, 3018, 6072, 389, 1
13, 226, 2938, 17.385, 0.258, 0.971, 3.12, 759, 2852, 243, 1
10, 535, 5350, 53.5, 0.113, 0.458, 1.36, 606, 2448, 447, 1
8, 233, 1864, 29.125, 0.151, 0.665, 1.36, 282, 1239, 207, 1
6, 75, 450, 12.5, 0.356, 0.973, 1.47, 160, 438, 109, 1
9, 535, 4815, 59.444, 0.106, 0.47, 1.21, 510, 2262, 422, 1
8, 86, 688, 10.75, 0.494, 0.945, 2.64, 340, 650, 129, 1
10, 511, 5110, 51.1, 0.141, 0.542, 1.36, 721, 2772, 532, 1
28, 61, 1708, 2.179, 0.172, 0.509, 1.97, 294, 870, 149, 5
9, 148, 1332, 16.444, 0.198, 0.77, 1.33, 264, 1025, 198, 1
9, 180, 1620, 20.0, 0.16, 0.523, 1.39, 259, 847, 186, 1
13, 38, 494, 2.923, 0.334, 0.937, 3.93, 165, 463, 42, 1
8, 100, 800, 12.5, 0.245, 0.863, 1.58, 196, 690, 124, 1
7, 14, 98, 2.0, 0.327, 0.939, 1.88, 32, 92, 17, 1
6, 13, 78, 2.167, 0.359, 1.0, 1.87, 28, 78, 15, 1
9, 186, 1674, 20.667, 0.16, 0.814, 1.26, 268, 1363, 213, 1
14, 58, 812, 4.143, 0.683, 0.927, 12.07, 555, 753, 46, 1
25, 292, 7300, 11.68, 0.45, 0.914, 7.23, 3283, 6670, 454, 1
53, 1, 53, 0.019, 1.0, 1.0, 53.0, 53, 53, 1, 4
14, 5, 70, 0.357, 0.443, 0.514, 6.2, 31, 36, 5, 1
1, 29, 29, 29.0, 0.931, 1.0, 13.5, 27, 29, 2, 2
8, 155, 1240, 19.375, 0.452, 0.882, 2.78, 561, 1094, 202, 1
11, 1, 11, 0.091, 1.0, 1.0, 11.0, 11, 11, 1, 4
9, 17, 153, 1.889, 0.608, 0.856, 7.15, 93, 131, 13, 1
12, 332, 3984, 27.667, 0.402, 0.659, 4.5, 1602, 2626, 356, 1
9, 19, 171, 2.111, 0.667, 0.895, 7.6, 114, 153, 15, 1
11, 302, 3322, 27.455, 0.379, 0.804, 2.81, 1260, 2670, 448, 1
8, 152, 1216, 19.0, 0.27, 0.623, 2.0, 328, 757, 164, 1
7, 110, 770, 15.714, 0.174, 0.447, 1.25, 134, 344, 107, 1
5, 96, 480, 19.2, 0.342, 0.738, 2.13, 164, 354, 77, 1
5, 6, 30, 1.2, 0.233, 1.0, 1.4, 7, 30, 5, 1
105, 2, 210, 0.019, 0.529, 0.533, 111.0, 111, 112, 1, 4
1, 85, 85, 85.0, 0.882, 1.0, 12.5, 75, 85, 6, 2
11, 357, 3927, 32.455, 0.215, 0.823, 1.55, 845, 3232, 546, 1
6, 263, 1578, 43.833, 0.124, 0.66, 1.11, 196, 1041, 177, 1
11, 119, 1309, 10.818, 0.268, 0.678, 1.72, 351, 887, 204, 1
2, 62, 124, 31.0, 0.452, 0.565, 11.2, 56, 70, 5, 2
