@relation page-blocks
@attribute Height integer [1, 804]
@attribute Lenght integer [1, 553]
@attribute Area integer [7, 143993]
@attribute Eccen real [0.0070, 537.0]
@attribute P_black real [0.052, 1.0]
@attribute P_and real [0.062, 1.0]
@attribute Mean_tr real [1.0, 4955.0]
@attribute Blackpix integer [1, 33017]
@attribute Blackand integer [7, 46133]
@attribute Wb_trans integer [1, 3212]
@attribute Class {1, 2, 3, 4, 5}
@inputs Height, Lenght, Area, Eccen, P_black, P_and, Mean_tr, Blackpix, Blackand, Wb_trans
@outputs Class
@data
6, 7, 42, 1.167, 0.429, 0.881, 3.6, 18, 37, 5, 1
5, 7, 35, 1.4, 0.371, 0.743, 4.33, 13, 26, 3, 1
5, 6, 30, 1.2, 0.333, 0.333, 10.0, 10, 10, 1, 1
5, 7, 35, 1.4, 0.429, 0.857, 5.0, 15, 30, 3, 1
6, 7, 42, 1.167, 0.405, 0.881, 4.25, 1, 737, 4, 1
4, 6, 24, 1.5, 0.417, 0.5, 10.0, 10, 12, 1, 1
4, 6, 24, 1.5, 0.458, 0.792, 5.5, 11, 19, 2, 1
5, 4, 20, 0.8, 0.5, 0.8, 10.0, 10, 16, 1, 1
11, 8, 88, 0.727, 0.409, 0.477, 36.0, 36, 42, 1, 1
11, 8, 88, 0.727, 0.602, 1.0, 5.89, 53, 88, 9, 1
10, 98, 980, 9.8, 0.379, 0.835, 2.22, 371, 818, 167, 1
2, 18, 36, 9.0, 0.806, 0.833, 29.0, 29, 30, 1, 2
2, 22, 44, 11.0, 0.705, 0.864, 15.5, 31, 38, 2, 2
11, 102, 1122, 9.273, 0.223, 0.768, 1.53, 250, 862, 163, 1
9, 41, 369, 4.556, 0.298, 0.775, 1.9, 110, 286, 58, 1
10, 4, 40, 0.4, 0.375, 0.4, 15.0, 15, 16, 1, 1
10, 34, 340, 3.4, 0.297, 0.885, 1.71, 101, 301, 59, 1
12, 7, 84, 0.583, 0.214, 0.583, 3.6, 18, 49, 5, 1
10, 63, 630, 6.3, 0.233, 0.705, 1.69, 147, 444, 87, 1
1, 10, 10, 10.0, 1.0, 1.0, 10.0, 10, 10, 1, 2
3, 113, 339, 37.667, 0.357, 0.378, 30.25, 121, 128, 4, 2
9, 37, 333, 4.111, 0.526, 0.898, 3.18, 175, 299, 55, 1
10, 100, 1000, 10.0, 0.436, 0.91, 2.53, 436, 910, 172, 1
10, 44, 440, 4.4, 0.393, 0.852, 3.15, 173, 375, 55, 1
2, 18, 36, 9.0, 0.722, 0.722, 26.0, 26, 26, 1, 2
1, 17, 17, 17.0, 0.765, 1.0, 3.25, 13, 17, 4, 2
11, 7, 77, 0.636, 0.597, 1.0, 5.75, 46, 77, 8, 1
9, 55, 495, 6.111, 0.299, 1.0, 1.92, 148, 495, 77, 1
9, 14, 126, 1.556, 0.127, 0.937, 1.78, 16, 118, 9, 1
8, 23, 184, 2.875, 0.288, 1.0, 1.47, 53, 184, 36, 1
8, 35, 280, 4.375, 0.379, 0.886, 1.66, 106, 248, 64, 1
8, 83, 664, 10.375, 0.325, 0.908, 1.76, 216, 603, 123, 1
9, 99, 891, 11.0, 0.27, 0.818, 1.93, 241, 729, 125, 1
9, 80, 720, 8.889, 0.293, 0.868, 1.85, 211, 625, 114, 1
11, 101, 1111, 9.182, 0.239, 0.818, 1.61, 265, 909, 165, 1
12, 26, 312, 2.167, 0.221, 1.0, 1.6, 69, 312, 43, 1
12, 40, 480, 3.333, 0.271, 0.733, 1.97, 130, 352, 66, 1
8, 26, 208, 3.25, 0.375, 0.947, 1.77, 78, 197, 44, 1
8, 75, 600, 9.375, 0.328, 0.888, 1.86, 197, 533, 106, 1
8, 18, 144, 2.25, 0.479, 0.986, 2.16, 69, 142, 32, 1
9, 99, 891, 11.0, 0.464, 0.942, 2.52, 413, 839, 164, 1
8, 31, 248, 3.875, 0.327, 0.79, 1.84, 81, 196, 44, 1
9, 101, 909, 11.222, 0.442, 0.861, 2.68, 402, 783, 150, 1
11, 118, 1298, 10.727, 0.26, 0.817, 2.01, 338, 1061, 168, 1
10, 126, 1260, 12.6, 0.41, 0.833, 2.63, 516, 1049, 196, 1
8, 41, 328, 5.125, 0.335, 0.933, 2.08, 110, 306, 53, 1
6, 27, 162, 4.5, 0.136, 0.673, 2.0, 22, 109, 11, 1
5, 8, 40, 1.6, 0.35, 0.675, 4.67, 14, 27, 3, 1
5, 35, 175, 7.0, 0.2, 0.829, 4.38, 35, 145, 8, 1
11, 21, 231, 1.909, 0.411, 0.68, 3.96, 95, 157, 24, 1
10, 8, 80, 0.8, 0.5, 1.0, 5.0, 40, 80, 8, 1
9, 23, 207, 2.556, 0.304, 1.0, 1.62, 63, 207, 39, 1
9, 37, 333, 4.111, 0.381, 0.808, 2.05, 127, 269, 62, 1
10, 64, 640, 6.4, 0.295, 0.808, 2.25, 189, 517, 84, 1
11, 83, 913, 7.545, 0.274, 0.9, 1.71, 250, 822, 146, 1
9, 32, 288, 3.556, 0.333, 0.861, 1.68, 96, 248, 57, 1
12, 13, 156, 1.083, 0.372, 0.981, 2.32, 58, 153, 25, 1
2, 123, 246, 61.5, 0.5, 0.504, 123.0, 123, 124, 1, 2
19, 123, 2337, 6.474, 0.089, 0.089, 207.0, 207, 208, 1, 1
8, 6, 48, 0.75, 0.5, 0.646, 8.0, 24, 31, 3, 1
10, 65, 650, 6.5, 0.445, 0.911, 2.58, 289, 592, 112, 1
9, 37, 333, 4.111, 0.598, 0.946, 3.49, 199, 315, 57, 1
12, 116, 1392, 9.667, 0.246, 0.707, 1.99, 343, 984, 172, 1
4, 2, 8, 0.5, 0.875, 0.875, 7.0, 7, 7, 1, 4
8, 45, 360, 5.625, 0.367, 0.897, 2.44, 132, 323, 54, 1
8, 41, 328, 5.125, 0.424, 0.966, 2.53, 139, 317, 55, 1
14, 339, 4746, 24.214, 0.248, 0.547, 2.44, 1175, 2596, 481, 1
44, 3, 132, 0.068, 0.598, 0.841, 2.47, 79, 111, 32, 4
1, 61, 61, 61.0, 1.0, 1.0, 61.0, 61, 61, 1, 2
10, 20, 200, 2.0, 0.435, 0.89, 2.9, 87, 178, 30, 1
7, 9, 63, 1.286, 0.333, 0.492, 21.0, 21, 31, 1, 1
4, 16, 64, 4.0, 0.391, 0.938, 1.67, 25, 60, 15, 1
10, 122, 1220, 12.2, 0.273, 0.54, 2.03, 333, 659, 164, 1
10, 33, 330, 3.3, 0.367, 0.864, 1.95, 121, 285, 62, 1
9, 82, 738, 9.111, 0.379, 0.879, 2.35, 280, 649, 119, 1
11, 102, 1122, 9.273, 0.289, 0.829, 1.87, 324, 930, 173, 1
11, 43, 473, 3.909, 0.334, 0.875, 2.47, 158, 414, 64, 1
9, 121, 1089, 13.444, 0.356, 0.817, 2.2, 388, 890, 176, 1
10, 40, 400, 4.0, 0.428, 0.895, 3.05, 171, 358, 56, 1
9, 41, 369, 4.556, 0.425, 0.962, 2.71, 157, 355, 58, 1
1, 11, 11, 11.0, 1.0, 1.0, 11.0, 11, 11, 1, 2
4, 115, 460, 28.75, 0.426, 0.487, 17.82, 196, 224, 11, 2
12, 8, 96, 0.667, 0.615, 0.969, 5.9, 59, 93, 10, 1
10, 22, 220, 2.2, 0.336, 0.836, 2.74, 74, 184, 27, 1
12, 83, 996, 6.917, 0.301, 0.814, 1.99, 300, 811, 151, 1
12, 43, 516, 3.583, 0.357, 0.849, 2.71, 184, 438, 68, 1
11, 118, 1298, 10.727, 0.348, 0.797, 2.71, 452, 1035, 167, 1
10, 21, 210, 2.1, 0.362, 0.819, 2.11, 76, 172, 36, 1
9, 41, 369, 4.556, 0.444, 0.976, 2.88, 164, 360, 57, 1
8, 59, 472, 7.375, 0.292, 0.888, 1.82, 138, 419, 76, 1
10, 83, 830, 8.3, 0.357, 0.813, 2.28, 296, 675, 130, 1
9, 82, 738, 9.111, 0.408, 0.924, 2.39, 301, 682, 126, 1
23, 26, 598, 1.13, 0.278, 0.96, 1.8, 166, 574, 92, 1
23, 47, 1081, 2.043, 0.315, 0.747, 2.2, 341, 808, 155, 1
10, 34, 340, 3.4, 0.388, 0.891, 2.1, 132, 303, 63, 1
12, 13, 156, 1.083, 0.391, 0.981, 2.35, 61, 153, 26, 1
12, 8, 96, 0.667, 0.302, 1.0, 2.9, 29, 96, 10, 1
12, 42, 504, 3.5, 0.355, 0.788, 2.71, 179, 397, 66, 1
10, 86, 860, 8.6, 0.326, 0.844, 1.85, 280, 726, 151, 1
9, 76, 684, 8.444, 0.38, 0.95, 2.2, 260, 650, 118, 1
9, 36, 324, 4.0, 0.586, 0.948, 3.45, 190, 307, 55, 1
9, 22, 198, 2.444, 0.389, 0.843, 1.93, 77, 167, 40, 1
11, 100, 1100, 9.091, 0.473, 0.882, 3.29, 520, 970, 158, 1
23, 118, 2714, 5.13, 0.293, 0.784, 2.06, 795, 2129, 385, 1
9, 44, 396, 4.889, 0.449, 0.879, 2.97, 178, 348, 60, 1
10, 130, 1300, 13.0, 0.486, 0.856, 3.18, 632, 1113, 199, 1
1, 28, 28, 28.0, 0.964, 1.0, 27.0, 27, 28, 1, 2
6, 13, 78, 2.167, 0.128, 0.577, 1.67, 10, 45, 6, 1
7, 18, 126, 2.571, 0.119, 0.452, 2.14, 15, 57, 7, 1
7, 16, 112, 2.286, 0.241, 0.634, 2.45, 27, 71, 11, 1
11, 9, 99, 0.818, 0.515, 0.768, 8.5, 51, 76, 6, 1
11, 7, 77, 0.636, 0.468, 0.481, 36.0, 36, 37, 1, 1
9, 78, 702, 8.667, 0.329, 0.896, 2.1, 231, 629, 110, 1
8, 24, 192, 3.0, 0.297, 0.974, 1.43, 57, 187, 40, 1
8, 36, 288, 4.5, 0.465, 0.885, 2.13, 134, 255, 63, 1
8, 38, 304, 4.75, 0.349, 0.757, 1.93, 106, 230, 55, 1
9, 63, 567, 7.0, 0.298, 0.787, 2.01, 169, 446, 84, 1
9, 82, 738, 9.111, 0.309, 0.778, 1.93, 228, 574, 118, 1
8, 16, 128, 2.0, 0.156, 0.859, 5.0, 20, 110, 4, 5
10, 63, 630, 6.3, 0.251, 0.898, 1.84, 158, 566, 86, 1
9, 34, 306, 3.778, 0.363, 0.863, 1.76, 111, 264, 63, 1
12, 26, 312, 2.167, 0.276, 0.83, 2.21, 86, 259, 39, 1
12, 43, 516, 3.583, 0.328, 0.789, 2.56, 169, 407, 66, 1
8, 6, 48, 0.75, 0.583, 0.813, 7.0, 28, 39, 4, 1
1, 98, 98, 98.0, 0.939, 1.0, 30.67, 92, 98, 3, 2
8, 8, 64, 1.0, 0.25, 0.672, 1.6, 16, 43, 10, 1
11, 118, 1298, 10.727, 0.29, 0.798, 1.99, 376, 1036, 189, 1
9, 126, 1134, 14.0, 0.466, 0.907, 2.84, 528, 1029, 186, 1
8, 48, 384, 6.0, 0.328, 0.885, 2.0, 126, 340, 63, 1
1, 17, 17, 17.0, 0.824, 1.0, 4.67, 14, 17, 3, 2
8, 43, 344, 5.375, 0.372, 0.956, 2.1, 128, 329, 61, 1
3, 14, 42, 4.667, 0.381, 0.881, 3.2, 16, 37, 5, 1
8, 18, 144, 2.25, 0.215, 0.813, 2.38, 31, 117, 13, 1
7, 40, 280, 5.714, 0.186, 0.754, 2.26, 52, 211, 23, 1
13, 77, 1001, 5.923, 0.258, 0.564, 3.04, 258, 565, 85, 1
9, 23, 207, 2.556, 0.324, 0.986, 1.63, 67, 204, 41, 1
9, 100, 900, 11.111, 0.276, 0.847, 1.91, 248, 762, 130, 1
11, 84, 924, 7.636, 0.291, 0.843, 1.74, 269, 779, 155, 1
10, 80, 800, 8.0, 0.279, 0.8, 1.92, 223, 640, 116, 1
12, 72, 864, 6.0, 0.281, 0.807, 2.15, 243, 697, 113, 1
9, 84, 756, 9.333, 0.25, 0.955, 1.83, 189, 722, 103, 1
6, 7, 42, 1.167, 0.238, 0.69, 10.0, 10, 29, 1, 2
11, 8, 88, 0.727, 0.261, 1.0, 2.09, 23, 88, 11, 1
8, 33, 264, 4.125, 0.314, 0.705, 2.13, 83, 186, 39, 1
10, 99, 990, 9.9, 0.443, 0.912, 2.64, 439, 903, 166, 1
12, 118, 1416, 9.833, 0.266, 0.734, 1.99, 377, 1039, 189, 1
9, 47, 423, 5.222, 0.286, 0.738, 1.95, 121, 312, 62, 1
1, 42, 42, 42.0, 0.31, 1.0, 2.6, 13, 42, 5, 2
15, 300, 4500, 20.0, 0.252, 0.576, 2.36, 1136, 2594, 481, 1
1, 17, 17, 17.0, 0.765, 1.0, 6.5, 13, 17, 2, 2
5, 44, 220, 8.8, 0.241, 0.791, 2.52, 53, 174, 21, 1
14, 34, 476, 2.429, 0.279, 0.851, 3.09, 133, 405, 43, 1
11, 8, 88, 0.727, 0.705, 1.0, 8.86, 62, 88, 7, 1
1, 29, 29, 29.0, 1.0, 1.0, 29.0, 29, 29, 1, 2
1, 14, 14, 14.0, 0.929, 1.0, 13.0, 13, 14, 1, 2
1, 45, 45, 45.0, 0.933, 1.0, 21.0, 42, 45, 2, 2
9, 21, 189, 2.333, 0.497, 0.958, 3.62, 94, 181, 26, 1
2, 50, 100, 25.0, 0.46, 0.51, 15.33, 46, 51, 3, 2
9, 79, 711, 8.778, 0.323, 0.873, 2.19, 230, 621, 105, 1
9, 81, 729, 9.0, 0.357, 0.863, 2.22, 260, 629, 117, 1
12, 2, 24, 0.167, 0.625, 0.667, 15.0, 15, 16, 1, 4
9, 12, 108, 1.333, 0.38, 1.0, 1.46, 41, 108, 28, 1
11, 82, 902, 7.455, 0.236, 0.814, 1.97, 213, 734, 108, 1
9, 36, 324, 4.0, 0.565, 0.944, 3.16, 183, 306, 58, 1
11, 116, 1276, 10.545, 0.274, 0.804, 1.8, 350, 1026, 194, 1
8, 46, 368, 5.75, 0.315, 0.938, 1.78, 116, 345, 65, 1
9, 42, 378, 4.667, 0.347, 0.915, 2.34, 131, 346, 56, 1
14, 301, 4214, 21.5, 0.257, 0.564, 2.37, 1084, 2378, 458, 1
8, 14, 112, 1.75, 0.321, 0.938, 1.71, 36, 105, 21, 1
7, 2, 14, 0.286, 0.643, 0.929, 2.25, 9, 13, 4, 1
11, 9, 99, 0.818, 0.465, 0.687, 5.75, 46, 68, 8, 1
10, 8, 80, 0.8, 0.6, 1.0, 6.0, 48, 80, 8, 1
10, 38, 380, 3.8, 0.397, 0.887, 2.7, 151, 337, 56, 1
10, 97, 970, 9.7, 0.425, 0.825, 2.71, 412, 800, 152, 1
9, 21, 189, 2.333, 0.365, 0.82, 2.88, 69, 155, 24, 1
9, 50, 450, 5.556, 0.32, 0.716, 2.67, 144, 322, 54, 1
8, 11, 88, 1.375, 0.443, 1.0, 1.63, 39, 88, 24, 1
10, 84, 840, 8.4, 0.279, 0.896, 1.65, 234, 753, 142, 1
9, 12, 108, 1.333, 0.426, 1.0, 1.64, 46, 108, 28, 1
8, 6, 48, 0.75, 0.542, 0.646, 13.0, 26, 31, 2, 1
10, 64, 640, 6.4, 0.439, 0.889, 2.58, 281, 569, 109, 1
8, 21, 168, 2.625, 0.363, 0.774, 1.69, 61, 130, 36, 1
9, 126, 1134, 14.0, 0.484, 0.953, 2.83, 549, 1081, 194, 1
9, 1, 9, 0.111, 1.0, 1.0, 9.0, 9, 9, 1, 4
36, 172, 6192, 4.778, 0.128, 0.337, 4.84, 793, 2086, 164, 5
22, 72, 1584, 3.273, 0.469, 0.848, 8.64, 743, 1343, 86, 1
7, 190, 1330, 27.143, 0.293, 0.847, 1.79, 390, 1126, 218, 1
9, 133, 1197, 14.778, 0.236, 0.718, 1.89, 283, 859, 150, 1
6, 100, 600, 16.667, 0.342, 0.822, 1.71, 205, 493, 120, 1
10, 48, 480, 4.8, 0.313, 0.76, 2.5, 150, 365, 60, 1
12, 168, 2016, 14.0, 0.255, 0.719, 2.1, 515, 1449, 245, 1
13, 65, 845, 5.0, 0.302, 0.677, 2.58, 255, 572, 99, 1
17, 1, 17, 0.059, 1.0, 1.0, 17.0, 17, 17, 1, 4
13, 106, 1378, 8.154, 0.306, 0.688, 2.37, 422, 948, 178, 1
13, 1, 13, 0.077, 1.0, 1.0, 13.0, 13, 13, 1, 4
14, 1, 14, 0.071, 1.0, 1.0, 14.0, 14, 14, 1, 4
2, 6, 12, 3.0, 0.667, 1.0, 4.0, 8, 12, 2, 2
5, 39, 195, 7.8, 0.338, 0.882, 1.74, 66, 172, 38, 1
6, 172, 1032, 28.667, 0.294, 0.907, 1.73, 303, 936, 175, 1
10, 108, 1080, 10.8, 0.297, 0.831, 1.84, 321, 897, 174, 1
8, 64, 512, 8.0, 0.336, 0.846, 2.12, 172, 433, 81, 1
13, 407, 5291, 31.308, 0.266, 0.649, 2.31, 1406, 3435, 609, 1
10, 34, 340, 3.4, 0.426, 0.656, 3.02, 145, 223, 48, 1
38, 410, 15580, 10.789, 0.254, 0.604, 2.4, 3957, 9403, 1651, 1
8, 14, 112, 1.75, 0.518, 0.964, 3.22, 58, 108, 18, 1
8, 46, 368, 5.75, 0.266, 0.886, 1.85, 98, 326, 53, 1
6, 29, 174, 4.833, 0.333, 0.799, 1.53, 58, 139, 38, 1
14, 418, 5852, 29.857, 0.261, 0.619, 2.16, 1525, 3625, 707, 1
13, 77, 1001, 5.923, 0.298, 0.7, 2.4, 298, 701, 124, 1
13, 116, 1508, 8.923, 0.292, 0.703, 2.49, 441, 1060, 177, 1
11, 33, 363, 3.0, 0.295, 0.694, 1.98, 107, 252, 54, 1
10, 128, 1280, 12.8, 0.355, 0.751, 2.25, 455, 961, 202, 1
7, 14, 98, 2.0, 0.49, 0.939, 2.53, 48, 92, 19, 1
5, 115, 575, 23.0, 0.417, 0.92, 2.03, 240, 529, 118, 1
3, 90, 270, 30.0, 0.511, 0.907, 2.34, 138, 245, 59, 1
9, 172, 1548, 19.111, 0.353, 0.799, 2.43, 546, 1237, 225, 1
9, 45, 405, 5.0, 0.279, 0.785, 2.17, 113, 318, 52, 1
11, 29, 319, 2.636, 0.408, 0.765, 3.1, 130, 244, 42, 1
13, 83, 1079, 6.385, 0.373, 0.628, 3.5, 403, 678, 115, 1
14, 234, 3276, 16.714, 0.383, 0.634, 4.2, 1256, 2077, 299, 1
13, 152, 1976, 11.692, 0.312, 0.714, 2.8, 617, 1410, 220, 1
10, 90, 900, 9.0, 0.501, 0.868, 3.92, 451, 781, 115, 1
12, 67, 804, 5.583, 0.403, 0.704, 3.68, 324, 566, 88, 1
3, 11, 33, 3.667, 0.364, 0.667, 3.0, 12, 22, 4, 2
9, 91, 819, 10.111, 0.321, 0.908, 1.95, 263, 744, 135, 1
3, 259, 777, 86.333, 0.411, 0.481, 13.29, 319, 374, 24, 2
10, 22, 220, 2.2, 0.491, 0.932, 3.72, 108, 205, 29, 1
9, 5, 45, 0.556, 0.467, 0.556, 10.5, 21, 25, 2, 1
12, 497, 5964, 41.417, 0.278, 0.751, 2.27, 1657, 4478, 731, 1
12, 500, 6000, 41.667, 0.264, 0.595, 2.45, 1584, 3568, 646, 1
8, 75, 600, 9.375, 0.375, 0.86, 2.05, 225, 516, 110, 1
11, 34, 374, 3.091, 0.364, 0.642, 2.78, 136, 240, 49, 1
6, 99, 594, 16.5, 0.301, 0.803, 1.46, 179, 477, 123, 1
9, 118, 1062, 13.111, 0.372, 0.818, 2.41, 395, 869, 164, 1
8, 74, 592, 9.25, 0.412, 0.845, 2.14, 244, 500, 114, 1
10, 105, 1050, 10.5, 0.234, 0.811, 1.7, 246, 852, 145, 1
10, 35, 350, 3.5, 0.434, 0.803, 2.34, 152, 281, 65, 1
9, 40, 360, 4.444, 0.494, 0.925, 2.92, 178, 333, 61, 1
43, 62, 2666, 1.442, 0.08, 0.17, 6.63, 212, 454, 32, 5
5, 38, 190, 7.6, 0.316, 0.695, 2.07, 60, 132, 29, 1
8, 28, 224, 3.5, 0.308, 0.835, 3.14, 69, 187, 22, 1
10, 75, 750, 7.5, 0.451, 0.86, 2.84, 338, 645, 119, 1
11, 90, 990, 8.182, 0.362, 0.808, 2.82, 358, 800, 127, 1
6, 45, 270, 7.5, 0.456, 0.967, 1.64, 123, 261, 75, 1
10, 20, 200, 2.0, 0.4, 0.605, 3.48, 80, 121, 23, 1
10, 413, 4130, 41.3, 0.315, 0.731, 2.47, 1302, 3018, 527, 1
18, 79, 1422, 4.389, 0.257, 0.616, 3.17, 365, 876, 115, 1
9, 77, 693, 8.556, 0.251, 0.56, 1.87, 174, 388, 93, 1
10, 26, 260, 2.6, 0.312, 0.577, 2.03, 81, 150, 40, 1
9, 264, 2376, 29.333, 0.261, 0.612, 1.99, 619, 1455, 311, 1
5, 7, 35, 1.4, 0.229, 0.6, 2.67, 8, 21, 3, 5
9, 17, 153, 1.889, 0.144, 0.458, 3.14, 22, 70, 7, 5
4, 8, 32, 2.0, 0.344, 0.531, 5.5, 11, 17, 2, 5
8, 35, 280, 4.375, 0.321, 0.775, 1.76, 90, 217, 51, 1
9, 272, 2448, 30.222, 0.269, 0.696, 1.93, 659, 1704, 342, 1
14, 19, 266, 1.357, 0.128, 0.541, 2.83, 34, 144, 12, 5
10, 272, 2720, 27.2, 0.232, 0.65, 1.98, 631, 1767, 319, 1
10, 271, 2710, 27.1, 0.249, 0.704, 1.89, 675, 1908, 358, 1
9, 271, 2439, 30.111, 0.285, 0.707, 1.82, 696, 1724, 382, 1
9, 198, 1782, 22.0, 0.289, 0.681, 1.88, 515, 1213, 274, 1
7, 65, 455, 9.286, 0.316, 0.848, 1.52, 144, 386, 95, 1
8, 29, 232, 3.625, 0.384, 0.884, 2.07, 89, 205, 43, 1
8, 11, 88, 1.375, 0.318, 0.864, 1.33, 28, 76, 21, 1
7, 22, 154, 3.143, 0.156, 0.519, 1.6, 24, 80, 15, 1
7, 12, 84, 1.714, 0.369, 0.857, 1.55, 31, 72, 20, 1
8, 54, 432, 6.75, 0.245, 0.745, 1.29, 106, 322, 82, 1
10, 271, 2710, 27.1, 0.188, 0.665, 1.31, 509, 1803, 388, 1
21, 68, 1428, 3.238, 0.052, 0.109, 5.69, 74, 156, 13, 5
10, 272, 2720, 27.2, 0.206, 0.786, 1.4, 559, 2139, 399, 1
10, 51, 510, 5.1, 0.22, 0.841, 1.29, 112, 429, 87, 1
8, 272, 2176, 34.0, 0.187, 0.568, 1.41, 407, 1236, 288, 1
10, 93, 930, 9.3, 0.206, 0.794, 1.48, 192, 738, 130, 1
7, 23, 161, 3.286, 0.373, 0.851, 1.71, 60, 137, 35, 1
7, 7, 49, 1.0, 0.429, 1.0, 1.91, 21, 49, 11, 1
11, 271, 2981, 24.636, 0.168, 0.598, 1.35, 502, 1784, 371, 1
8, 78, 624, 9.75, 0.244, 0.745, 1.35, 152, 465, 113, 1
7, 14, 98, 2.0, 0.357, 0.959, 1.84, 35, 94, 19, 1
9, 238, 2142, 26.444, 0.168, 0.614, 1.26, 359, 1316, 285, 1
6, 15, 90, 2.5, 0.278, 0.744, 1.92, 25, 67, 13, 1
10, 215, 2150, 21.5, 0.133, 0.464, 1.2, 287, 997, 239, 1
1, 10, 10, 10.0, 0.8, 1.0, 4.0, 8, 10, 2, 1
5, 6, 30, 1.2, 0.333, 0.967, 2.5, 10, 29, 4, 1
5, 15, 75, 3.0, 0.4, 0.947, 1.67, 30, 71, 18, 1
5, 53, 265, 10.6, 0.223, 0.611, 1.28, 59, 162, 46, 1
5, 30, 150, 6.0, 0.36, 0.947, 1.26, 54, 142, 43, 1
7, 14, 98, 2.0, 0.255, 0.735, 1.56, 25, 72, 16, 1
5, 8, 40, 1.6, 0.425, 0.975, 1.55, 17, 39, 11, 1
4, 6, 24, 1.5, 0.333, 0.792, 2.0, 8, 19, 4, 1
4, 28, 112, 7.0, 0.455, 1.0, 1.27, 51, 112, 40, 1
9, 16, 144, 1.778, 0.208, 0.542, 2.14, 30, 78, 14, 1
7, 27, 189, 3.857, 0.164, 0.397, 2.58, 31, 75, 12, 1
6, 6, 36, 1.0, 0.306, 0.556, 3.67, 11, 20, 3, 1
6, 13, 78, 2.167, 0.295, 0.897, 1.64, 23, 70, 14, 1
6, 7, 42, 1.167, 0.405, 0.833, 1.89, 17, 35, 9, 1
4, 12, 48, 3.0, 0.146, 1.0, 1.0, 7, 48, 7, 1
6, 11, 66, 1.833, 0.333, 0.803, 1.69, 22, 53, 13, 1
7, 40, 280, 5.714, 0.229, 0.686, 1.28, 64, 192, 50, 1
6, 14, 84, 2.333, 0.274, 0.893, 1.64, 23, 75, 14, 1
6, 13, 78, 2.167, 0.282, 0.936, 1.57, 22, 73, 14, 1
1, 41, 41, 41.0, 0.78, 1.0, 4.57, 32, 41, 7, 2
9, 15, 135, 1.667, 0.178, 0.556, 1.6, 24, 75, 15, 1
9, 17, 153, 1.889, 0.183, 0.529, 1.75, 28, 81, 16, 1
1, 22, 22, 22.0, 0.5, 1.0, 1.83, 11, 22, 6, 2
9, 73, 657, 8.111, 0.174, 0.434, 1.44, 114, 285, 79, 1
9, 18, 162, 2.0, 0.278, 0.716, 1.67, 45, 116, 27, 1
10, 53, 530, 5.3, 0.215, 0.781, 1.44, 114, 414, 79, 1
6, 59, 354, 9.833, 0.268, 0.692, 1.27, 95, 245, 75, 1
7, 18, 126, 2.571, 0.27, 0.714, 1.36, 34, 90, 25, 1
9, 55, 495, 6.111, 0.251, 0.808, 1.43, 124, 400, 87, 1
7, 14, 98, 2.0, 0.327, 1.0, 1.6, 32, 98, 20, 1
8, 27, 216, 3.375, 0.269, 0.764, 1.29, 58, 165, 45, 1
7, 6, 42, 0.857, 0.452, 1.0, 1.9, 19, 42, 10, 1
7, 11, 77, 1.571, 0.312, 0.844, 1.5, 24, 65, 16, 1
8, 41, 328, 5.125, 0.232, 0.527, 1.55, 76, 173, 49, 1
9, 56, 504, 6.222, 0.21, 0.603, 1.26, 106, 304, 84, 1
6, 22, 132, 3.667, 0.326, 1.0, 1.3, 43, 132, 33, 1
9, 135, 1215, 15.0, 0.249, 0.626, 1.56, 302, 761, 193, 1
7, 21, 147, 3.0, 0.34, 0.85, 1.35, 50, 125, 37, 1
7, 14, 98, 2.0, 0.388, 0.847, 1.65, 38, 83, 23, 1
7, 11, 77, 1.571, 0.364, 0.922, 1.75, 28, 71, 16, 1
7, 13, 91, 1.857, 0.297, 0.835, 1.69, 27, 76, 16, 1
7, 41, 287, 5.857, 0.345, 0.777, 1.55, 99, 223, 64, 1
7, 46, 322, 6.571, 0.354, 1.0, 1.46, 114, 322, 78, 1
7, 5, 35, 0.714, 0.257, 0.571, 2.25, 9, 20, 4, 1
9, 56, 504, 6.222, 0.196, 0.617, 1.24, 99, 311, 80, 1
8, 23, 184, 2.875, 0.31, 0.88, 1.84, 57, 162, 31, 1
7, 29, 203, 4.143, 0.36, 0.936, 1.4, 73, 190, 52, 1
7, 9, 63, 1.286, 0.286, 0.968, 1.2, 18, 61, 15, 1
7, 15, 105, 2.143, 0.229, 0.981, 1.41, 24, 103, 17, 1
7, 26, 182, 3.714, 0.269, 0.929, 1.23, 49, 169, 40, 1
6, 26, 156, 4.333, 0.34, 0.974, 1.33, 53, 152, 40, 1
5, 5, 25, 1.0, 0.36, 1.0, 1.29, 9, 25, 7, 1
6, 18, 108, 3.0, 0.306, 0.787, 1.32, 33, 85, 25, 1
9, 32, 288, 3.556, 0.24, 0.913, 1.5, 69, 263, 46, 1
7, 56, 392, 8.0, 0.227, 0.602, 1.25, 89, 236, 71, 1
6, 33, 198, 5.5, 0.247, 0.813, 1.2, 49, 161, 41, 1
9, 19, 171, 2.111, 0.251, 0.977, 1.34, 43, 167, 32, 1
8, 54, 432, 6.75, 0.275, 0.778, 1.37, 119, 336, 87, 1
8, 11, 88, 1.375, 0.318, 1.0, 1.4, 28, 88, 20, 1
7, 24, 168, 3.429, 0.274, 0.661, 1.48, 46, 111, 31, 1
7, 19, 133, 2.714, 0.398, 0.977, 1.77, 53, 130, 30, 1
7, 7, 49, 1.0, 0.347, 0.98, 2.13, 17, 48, 8, 1
7, 19, 133, 2.714, 0.286, 0.669, 1.36, 38, 89, 28, 1
7, 57, 399, 8.143, 0.273, 0.659, 1.3, 109, 263, 84, 1
7, 7, 49, 1.0, 0.245, 0.878, 1.71, 12, 43, 7, 1
6, 11, 66, 1.833, 0.364, 0.955, 1.33, 24, 63, 18, 1
8, 30, 240, 3.75, 0.225, 0.671, 1.23, 54, 161, 44, 1
6, 16, 96, 2.667, 0.198, 0.76, 2.38, 19, 73, 8, 1
7, 27, 189, 3.857, 0.37, 0.841, 1.79, 70, 159, 39, 1
7, 8, 56, 1.143, 0.357, 0.786, 1.54, 20, 44, 13, 1
7, 11, 77, 1.571, 0.364, 0.922, 2.0, 28, 71, 14, 1
9, 29, 261, 3.222, 0.287, 0.747, 1.53, 75, 195, 49, 1
8, 26, 208, 3.25, 0.236, 0.779, 1.26, 49, 162, 39, 1
7, 30, 210, 4.286, 0.3, 0.886, 1.43, 63, 186, 44, 1
7, 11, 77, 1.571, 0.247, 0.61, 1.36, 19, 47, 14, 1
7, 19, 133, 2.714, 0.406, 0.94, 1.74, 54, 125, 31, 1
7, 11, 77, 1.571, 0.312, 0.844, 1.33, 24, 65, 18, 1
7, 4, 28, 0.571, 0.25, 0.857, 1.75, 7, 24, 4, 1
9, 72, 648, 8.0, 0.241, 0.548, 1.61, 156, 355, 97, 1
7, 32, 224, 4.571, 0.308, 0.777, 1.25, 69, 174, 55, 1
7, 30, 210, 4.286, 0.338, 0.762, 1.54, 71, 160, 46, 1
7, 14, 98, 2.0, 0.265, 0.827, 1.18, 26, 81, 22, 1
6, 11, 66, 1.833, 0.303, 0.97, 1.33, 20, 64, 15, 1
7, 11, 77, 1.571, 0.416, 0.961, 1.6, 32, 74, 20, 1
7, 21, 147, 3.0, 0.388, 0.912, 1.84, 57, 134, 31, 1
9, 11, 99, 1.222, 0.253, 0.778, 1.92, 25, 77, 13, 1
10, 31, 310, 3.1, 0.197, 0.652, 1.3, 61, 202, 47, 1
7, 7, 49, 1.0, 0.286, 1.0, 1.27, 14, 49, 11, 1
5, 6, 30, 1.2, 0.433, 0.967, 1.63, 13, 29, 8, 1
5, 21, 105, 4.2, 0.333, 0.79, 1.46, 35, 83, 24, 1
9, 20, 180, 2.222, 0.233, 0.5, 1.62, 42, 90, 26, 1
7, 14, 98, 2.0, 0.327, 0.847, 1.45, 32, 83, 22, 1
7, 11, 77, 1.571, 0.364, 0.896, 1.47, 28, 69, 19, 1
7, 42, 294, 6.0, 0.235, 0.571, 1.33, 69, 168, 52, 1
7, 6, 42, 0.857, 0.333, 1.0, 1.4, 14, 42, 10, 1
7, 11, 77, 1.571, 0.403, 0.961, 1.55, 31, 74, 20, 1
9, 26, 234, 2.889, 0.175, 0.517, 1.37, 41, 121, 30, 1
10, 11, 110, 1.1, 0.2, 0.545, 2.2, 22, 60, 10, 1
9, 17, 153, 1.889, 0.229, 0.582, 1.67, 35, 89, 21, 1
7, 26, 182, 3.714, 0.192, 0.626, 1.52, 35, 114, 23, 1
7, 207, 1449, 29.571, 0.249, 0.771, 1.29, 361, 1117, 279, 1
7, 20, 140, 2.857, 0.357, 0.7, 1.85, 50, 98, 27, 1
7, 41, 287, 5.857, 0.307, 0.808, 1.52, 88, 232, 58, 1
7, 7, 49, 1.0, 0.327, 1.0, 2.0, 16, 49, 8, 1
7, 18, 126, 2.571, 0.238, 0.714, 1.15, 30, 90, 26, 1
5, 43, 215, 8.6, 0.456, 1.0, 1.42, 98, 215, 69, 1
5, 13, 65, 2.6, 0.431, 0.923, 1.87, 28, 60, 15, 1
5, 6, 30, 1.2, 0.433, 1.0, 1.63, 13, 30, 8, 1
7, 33, 231, 4.714, 0.364, 0.753, 1.68, 84, 174, 50, 1
9, 157, 1413, 17.444, 0.222, 0.54, 1.58, 313, 763, 198, 1
5, 4, 20, 0.8, 0.45, 0.8, 3.0, 9, 16, 3, 1
7, 65, 455, 9.286, 0.284, 0.846, 1.57, 129, 385, 82, 1
7, 52, 364, 7.429, 0.266, 0.959, 1.21, 97, 349, 80, 1
7, 30, 210, 4.286, 0.324, 0.948, 1.55, 68, 199, 44, 1
7, 18, 126, 2.571, 0.254, 0.841, 1.39, 32, 106, 23, 1
7, 11, 77, 1.571, 0.299, 0.987, 1.35, 23, 76, 17, 1
8, 17, 136, 2.125, 0.228, 0.882, 1.24, 31, 120, 25, 1
8, 41, 328, 5.125, 0.293, 0.872, 1.43, 96, 286, 67, 1
7, 47, 329, 6.714, 0.258, 0.763, 1.29, 85, 251, 66, 1
7, 9, 63, 1.286, 0.302, 0.841, 1.73, 19, 53, 11, 1
7, 17, 119, 2.429, 0.269, 0.899, 1.52, 32, 107, 21, 1
7, 11, 77, 1.571, 0.338, 0.883, 1.63, 26, 68, 16, 1
7, 13, 91, 1.857, 0.286, 0.868, 1.37, 26, 79, 19, 1
7, 18, 126, 2.571, 0.214, 0.929, 1.13, 27, 117, 24, 1
7, 45, 315, 6.429, 0.238, 0.67, 1.15, 75, 211, 65, 1
9, 202, 1818, 22.444, 0.087, 0.254, 1.3, 158, 462, 122, 1
9, 19, 171, 2.111, 0.275, 0.643, 1.52, 47, 110, 31, 1
8, 54, 432, 6.75, 0.183, 0.734, 1.34, 79, 317, 59, 1
6, 10, 60, 1.667, 0.267, 0.55, 1.78, 16, 33, 9, 1
9, 29, 261, 3.222, 0.188, 0.502, 1.48, 49, 131, 33, 1
1, 65, 65, 65.0, 0.646, 1.0, 3.0, 42, 65, 14, 2
8, 20, 160, 2.5, 0.375, 0.725, 1.88, 60, 116, 32, 1
8, 9, 72, 1.125, 0.361, 0.792, 1.53, 26, 57, 17, 1
8, 8, 64, 1.0, 0.516, 1.0, 2.54, 33, 64, 13, 1
9, 36, 324, 4.0, 0.349, 0.707, 1.82, 113, 229, 62, 1
5, 7, 35, 1.4, 0.543, 1.0, 2.11, 19, 35, 9, 1
8, 10, 80, 1.25, 0.475, 0.888, 2.92, 38, 71, 13, 1
8, 12, 96, 1.5, 0.427, 1.0, 1.64, 41, 96, 25, 1
8, 6, 48, 0.75, 0.458, 0.833, 2.75, 22, 40, 8, 1
22, 22, 484, 1.0, 0.107, 0.473, 1.79, 52, 229, 29, 5
16, 21, 336, 1.313, 0.095, 0.515, 1.6, 32, 173, 20, 5
8, 16, 128, 2.0, 0.477, 0.875, 2.44, 61, 112, 25, 1
8, 16, 128, 2.0, 0.383, 0.867, 1.96, 49, 111, 25, 1
7, 11, 77, 1.571, 0.117, 0.494, 1.8, 9, 38, 5, 5
55, 48, 2640, 0.873, 0.142, 0.364, 4.26, 375, 960, 88, 5
8, 13, 104, 1.625, 0.49, 0.933, 2.32, 51, 97, 22, 1
29, 48, 1392, 1.655, 0.116, 0.268, 5.06, 162, 373, 32, 5
9, 12, 108, 1.333, 0.37, 1.0, 2.0, 40, 108, 20, 1
10, 60, 600, 6.0, 0.365, 0.788, 2.35, 219, 473, 93, 1
10, 42, 420, 4.2, 0.355, 0.862, 2.13, 149, 362, 70, 1
8, 36, 288, 4.5, 0.458, 0.875, 2.03, 132, 252, 65, 1
8, 14, 112, 1.75, 0.455, 1.0, 1.96, 51, 112, 26, 1
8, 42, 336, 5.25, 0.414, 0.955, 1.88, 139, 321, 74, 1
8, 4, 32, 0.5, 0.438, 0.594, 7.0, 14, 19, 2, 5
8, 19, 152, 2.375, 0.355, 0.868, 1.74, 54, 132, 31, 1
6, 13, 78, 2.167, 0.551, 0.923, 2.53, 43, 72, 17, 1
10, 18, 180, 1.8, 0.306, 0.617, 2.5, 55, 111, 22, 1
8, 34, 272, 4.25, 0.371, 0.765, 2.1, 101, 208, 48, 1
6, 13, 78, 2.167, 0.103, 0.449, 4.0, 8, 35, 2, 5
9, 20, 180, 2.222, 0.367, 0.9, 2.2, 66, 162, 30, 1
11, 30, 330, 2.727, 0.297, 0.6, 2.39, 98, 198, 41, 1
8, 10, 80, 1.25, 0.425, 0.925, 2.13, 34, 74, 16, 1
6, 14, 84, 2.333, 0.571, 0.976, 2.4, 48, 82, 20, 1
9, 25, 225, 2.778, 0.378, 0.938, 2.13, 85, 211, 40, 1
8, 56, 448, 7.0, 0.424, 0.942, 2.09, 190, 422, 91, 1
11, 134, 1474, 12.182, 0.286, 0.777, 2.36, 422, 1145, 179, 1
11, 79, 869, 7.182, 0.321, 0.713, 2.11, 279, 620, 132, 1
11, 272, 2992, 24.727, 0.275, 0.743, 2.1, 824, 2222, 392, 1
1, 47, 47, 47.0, 1.0, 1.0, 47.0, 47, 47, 1, 2
1, 17, 17, 17.0, 1.0, 1.0, 17.0, 17, 17, 1, 2
12, 271, 3252, 22.583, 0.259, 0.689, 1.99, 843, 2241, 423, 1
8, 7, 56, 0.875, 0.411, 1.0, 1.92, 23, 56, 12, 1
8, 29, 232, 3.625, 0.453, 0.996, 2.1, 105, 231, 50, 1
9, 22, 198, 2.444, 0.268, 0.596, 3.31, 53, 118, 16, 1
7, 23, 161, 3.286, 0.447, 0.764, 1.89, 72, 123, 38, 1
8, 25, 200, 3.125, 0.365, 0.73, 1.83, 73, 146, 40, 1
11, 32, 352, 2.909, 0.344, 0.767, 2.69, 121, 270, 45, 1
8, 14, 112, 1.75, 0.464, 0.768, 2.6, 52, 86, 20, 1
8, 32, 256, 4.0, 0.367, 0.688, 2.47, 94, 176, 38, 1
7, 17, 119, 2.429, 0.429, 0.748, 2.22, 51, 89, 23, 1
9, 37, 333, 4.111, 0.333, 0.655, 2.22, 111, 218, 50, 1
8, 38, 304, 4.75, 0.401, 0.747, 2.65, 122, 227, 46, 1
9, 35, 315, 3.889, 0.381, 0.806, 2.14, 120, 254, 56, 1
9, 19, 171, 2.111, 0.392, 0.83, 2.31, 67, 142, 29, 1
8, 36, 288, 4.5, 0.427, 1.0, 2.05, 123, 288, 60, 1
5, 18, 90, 3.6, 0.689, 1.0, 3.44, 62, 90, 18, 1
11, 185, 2035, 16.818, 0.295, 0.826, 1.94, 600, 1681, 310, 1
8, 82, 656, 10.25, 0.402, 0.991, 2.1, 264, 650, 126, 1
8, 12, 96, 1.5, 0.479, 0.938, 2.3, 46, 90, 20, 1
8, 38, 304, 4.75, 0.461, 0.803, 2.3, 140, 244, 61, 1
8, 9, 72, 1.125, 0.528, 0.958, 3.17, 38, 69, 12, 1
5, 4, 20, 0.8, 0.65, 0.85, 3.25, 13, 17, 4, 1
11, 271, 2981, 24.636, 0.278, 0.728, 1.99, 829, 2171, 417, 1
8, 26, 208, 3.25, 0.37, 0.654, 2.41, 77, 136, 32, 1
11, 272, 2992, 24.727, 0.281, 0.68, 2.0, 840, 2036, 420, 1
8, 13, 104, 1.625, 0.394, 0.913, 2.28, 41, 95, 18, 1
9, 34, 306, 3.778, 0.386, 0.706, 2.41, 118, 216, 49, 1
9, 23, 207, 2.556, 0.362, 0.831, 1.92, 75, 172, 39, 1
6, 33, 198, 5.5, 0.52, 0.995, 2.24, 103, 197, 46, 1
9, 19, 171, 2.111, 0.386, 0.912, 2.2, 66, 156, 30, 1
11, 12, 132, 1.091, 0.295, 0.818, 3.0, 39, 108, 13, 1
11, 51, 561, 4.636, 0.294, 0.824, 2.06, 165, 462, 80, 1
8, 21, 168, 2.625, 0.411, 0.786, 2.23, 69, 132, 31, 1
8, 7, 56, 0.875, 0.446, 0.768, 3.13, 25, 43, 8, 1
11, 24, 264, 2.182, 0.307, 0.795, 2.08, 81, 210, 39, 1
8, 12, 96, 1.5, 0.438, 1.0, 1.91, 42, 96, 22, 1
8, 16, 128, 2.0, 0.438, 0.891, 2.67, 56, 114, 21, 1
10, 19, 190, 1.9, 0.337, 0.911, 2.0, 64, 173, 32, 1
11, 96, 1056, 8.727, 0.277, 0.68, 1.83, 292, 718, 160, 1
11, 76, 836, 6.909, 0.254, 0.688, 2.08, 212, 575, 102, 1
8, 16, 128, 2.0, 0.43, 0.859, 2.2, 55, 110, 25, 1
10, 27, 270, 2.7, 0.344, 0.804, 2.38, 93, 217, 39, 1
7, 15, 105, 2.143, 0.448, 0.829, 1.74, 47, 87, 27, 1
10, 36, 360, 3.6, 0.319, 0.817, 1.98, 115, 294, 58, 1
8, 31, 248, 3.875, 0.415, 1.0, 1.87, 103, 248, 55, 1
10, 7, 70, 0.7, 0.329, 0.986, 1.77, 23, 69, 13, 1
10, 145, 1450, 14.5, 0.278, 0.724, 1.9, 403, 1050, 212, 1
9, 49, 441, 5.444, 0.306, 0.773, 1.82, 135, 341, 74, 1
8, 12, 96, 1.5, 0.417, 0.969, 2.11, 40, 93, 19, 1
11, 126, 1386, 11.455, 0.273, 0.649, 2.11, 379, 900, 180, 1
8, 7, 56, 0.875, 0.464, 1.0, 2.36, 26, 56, 11, 1
8, 16, 128, 2.0, 0.344, 0.742, 1.52, 44, 95, 29, 1
11, 233, 2563, 21.182, 0.245, 0.677, 1.8, 629, 1734, 349, 1
7, 35, 245, 5.0, 0.408, 0.755, 2.38, 100, 185, 42, 1
8, 12, 96, 1.5, 0.438, 0.927, 2.1, 42, 89, 20, 1
8, 10, 80, 1.25, 0.4, 1.0, 1.88, 32, 80, 17, 1
6, 14, 84, 2.333, 0.56, 0.929, 2.24, 47, 78, 21, 1
11, 33, 363, 3.0, 0.278, 0.73, 2.1, 101, 265, 48, 1
8, 37, 296, 4.625, 0.392, 0.753, 1.93, 116, 223, 60, 1
11, 29, 319, 2.636, 0.32, 0.618, 2.22, 102, 197, 46, 1
8, 50, 400, 6.25, 0.405, 0.993, 1.93, 162, 397, 84, 1
8, 26, 208, 3.25, 0.409, 0.933, 2.18, 85, 194, 39, 1
6, 7, 42, 1.167, 0.5, 0.976, 2.1, 21, 41, 10, 1
10, 35, 350, 3.5, 0.326, 0.583, 2.24, 114, 204, 51, 1
8, 27, 216, 3.375, 0.343, 0.778, 1.76, 74, 168, 42, 1
8, 8, 64, 1.0, 0.406, 0.953, 2.17, 26, 61, 12, 1
8, 13, 104, 1.625, 0.365, 0.808, 1.9, 38, 84, 20, 1
11, 27, 297, 2.455, 0.303, 0.596, 2.43, 90, 177, 37, 1
7, 26, 182, 3.714, 0.396, 1.0, 2.0, 72, 182, 36, 1
1, 25, 25, 25.0, 1.0, 1.0, 25.0, 25, 25, 1, 1
5, 10, 50, 2.0, 0.5, 0.84, 2.08, 25, 42, 12, 1
7, 7, 49, 1.0, 0.286, 0.571, 3.5, 14, 28, 4, 1
20, 39, 780, 1.95, 0.14, 0.405, 3.21, 109, 316, 34, 5
8, 24, 192, 3.0, 0.417, 0.953, 1.9, 80, 183, 42, 1
7, 6, 42, 0.857, 0.405, 0.929, 1.89, 17, 39, 9, 1
10, 13, 130, 1.3, 0.285, 0.885, 1.61, 37, 115, 23, 1
8, 28, 224, 3.5, 0.442, 0.795, 2.48, 99, 178, 40, 1
5, 2, 10, 0.4, 0.7, 0.7, 7.0, 7, 7, 1, 1
4, 2, 8, 0.5, 0.875, 0.875, 7.0, 7, 7, 1, 1
7, 15, 105, 2.143, 0.438, 0.895, 2.3, 46, 94, 20, 1
6, 13, 78, 2.167, 0.436, 0.756, 2.27, 34, 59, 15, 1
5, 15, 75, 3.0, 0.507, 0.787, 3.17, 38, 59, 12, 1
5, 12, 60, 2.4, 0.467, 0.6, 4.67, 28, 36, 6, 1
8, 16, 128, 2.0, 0.328, 0.961, 1.91, 42, 123, 22, 1
4, 10, 40, 2.5, 0.5, 0.9, 4.0, 20, 36, 5, 1
5, 14, 70, 2.8, 0.329, 0.5, 2.56, 23, 35, 9, 1
5, 17, 85, 3.4, 0.576, 0.953, 2.33, 49, 81, 21, 1
10, 61, 610, 6.1, 0.333, 0.954, 1.85, 203, 582, 110, 1
34, 25, 850, 0.735, 0.256, 0.534, 2.06, 218, 454, 106, 5
8, 32, 256, 4.0, 0.395, 0.773, 2.1, 101, 198, 48, 1
10, 31, 310, 3.1, 0.316, 0.752, 1.66, 98, 233, 59, 1
10, 103, 1030, 10.3, 0.25, 0.61, 1.77, 258, 628, 146, 1
9, 9, 81, 1.0, 0.358, 0.728, 2.23, 29, 59, 13, 1
8, 12, 96, 1.5, 0.375, 0.927, 1.8, 36, 89, 20, 1
10, 28, 280, 2.8, 0.343, 0.975, 2.13, 96, 273, 45, 1
9, 2, 18, 0.222, 0.611, 0.722, 11.0, 11, 13, 1, 4
8, 16, 128, 2.0, 0.422, 0.852, 1.8, 54, 109, 30, 1
5, 19, 95, 3.8, 0.505, 0.8, 2.18, 48, 76, 22, 1
5, 11, 55, 2.2, 0.6, 0.818, 2.75, 33, 45, 12, 1
5, 14, 70, 2.8, 0.443, 0.743, 2.21, 31, 52, 14, 1
8, 10, 80, 1.25, 0.35, 0.763, 1.75, 28, 61, 16, 1
8, 35, 280, 4.375, 0.425, 0.843, 2.09, 119, 236, 57, 1
8, 34, 272, 4.25, 0.36, 0.717, 1.88, 98, 195, 52, 1
4, 24, 96, 6.0, 0.573, 0.958, 2.04, 55, 92, 27, 1
10, 16, 160, 1.6, 0.3, 1.0, 1.85, 48, 160, 26, 1
10, 15, 150, 1.5, 0.3, 1.0, 1.88, 45, 150, 24, 1
11, 127, 1397, 11.545, 0.266, 0.686, 2.23, 371, 959, 166, 1
7, 25, 175, 3.571, 0.354, 0.606, 2.14, 62, 106, 29, 1
9, 53, 477, 5.889, 0.335, 0.602, 2.42, 160, 287, 66, 1
8, 8, 64, 1.0, 0.469, 0.844, 2.73, 30, 54, 11, 1
5, 10, 50, 2.0, 0.56, 0.96, 2.33, 28, 48, 12, 1
10, 18, 180, 1.8, 0.311, 0.706, 1.93, 56, 127, 29, 1
7, 62, 434, 8.857, 0.392, 0.871, 1.87, 170, 378, 91, 1
8, 14, 112, 1.75, 0.393, 0.705, 2.32, 44, 79, 19, 1
11, 262, 2882, 23.818, 0.259, 0.788, 1.94, 747, 2271, 386, 1
8, 16, 128, 2.0, 0.383, 0.742, 2.33, 49, 95, 21, 1
6, 4, 24, 0.667, 0.583, 1.0, 4.67, 14, 24, 3, 1
8, 24, 192, 3.0, 0.318, 0.688, 2.65, 61, 132, 23, 1
5, 27, 135, 5.4, 0.607, 0.993, 2.34, 82, 134, 35, 1
7, 20, 140, 2.857, 0.436, 0.736, 2.35, 61, 103, 26, 1
8, 20, 160, 2.5, 0.425, 1.0, 2.27, 68, 160, 30, 1
8, 40, 320, 5.0, 0.372, 0.919, 1.75, 119, 294, 68, 1
8, 12, 96, 1.5, 0.385, 0.948, 1.48, 37, 91, 25, 1
10, 46, 460, 4.6, 0.3, 0.604, 2.09, 138, 278, 66, 1
11, 261, 2871, 23.727, 0.243, 0.524, 1.93, 698, 1505, 361, 1
10, 262, 2620, 26.2, 0.273, 0.703, 1.83, 716, 1841, 391, 1
9, 52, 468, 5.778, 0.286, 0.652, 1.84, 134, 305, 73, 1
10, 58, 580, 5.8, 0.3, 0.84, 2.17, 174, 487, 80, 1
8, 19, 152, 2.375, 0.428, 0.961, 1.76, 65, 146, 37, 1
8, 34, 272, 4.25, 0.379, 0.971, 1.84, 103, 264, 56, 1
10, 38, 380, 3.8, 0.308, 0.632, 2.13, 117, 240, 55, 1
8, 10, 80, 1.25, 0.325, 0.913, 1.53, 26, 73, 17, 1
10, 26, 260, 2.6, 0.354, 0.769, 2.09, 92, 200, 44, 1
8, 40, 320, 5.0, 0.363, 0.806, 1.68, 116, 258, 69, 1
8, 9, 72, 1.125, 0.431, 1.0, 2.38, 31, 72, 13, 1
7, 14, 98, 2.0, 0.5, 1.0, 2.72, 49, 98, 18, 1
7, 25, 175, 3.571, 0.434, 1.0, 1.81, 76, 175, 42, 1
8, 17, 136, 2.125, 0.382, 0.86, 2.48, 52, 117, 21, 1
8, 19, 152, 2.375, 0.388, 0.809, 1.97, 59, 123, 30, 1
10, 31, 310, 3.1, 0.329, 0.952, 2.08, 102, 295, 49, 1
10, 73, 730, 7.3, 0.273, 0.79, 1.84, 199, 577, 108, 1
8, 9, 72, 1.125, 0.375, 0.986, 2.08, 27, 71, 13, 1
7, 18, 126, 2.571, 0.357, 0.865, 2.14, 45, 109, 21, 1
10, 63, 630, 6.3, 0.298, 0.795, 1.72, 188, 501, 109, 1
8, 9, 72, 1.125, 0.389, 0.708, 2.33, 28, 51, 12, 1
9, 56, 504, 6.222, 0.343, 0.706, 1.97, 173, 356, 88, 1
10, 261, 2610, 26.1, 0.269, 0.713, 1.81, 701, 1860, 388, 1
11, 262, 2882, 23.818, 0.242, 0.618, 1.91, 697, 1781, 364, 1
8, 17, 136, 2.125, 0.441, 0.978, 1.67, 60, 133, 36, 1
8, 12, 96, 1.5, 0.458, 0.865, 2.1, 44, 83, 21, 1
8, 12, 96, 1.5, 0.521, 0.958, 2.5, 50, 92, 20, 1
7, 19, 133, 2.714, 0.451, 0.97, 2.73, 60, 129, 22, 1
5, 7, 35, 1.4, 0.686, 1.0, 3.0, 24, 35, 8, 1
5, 7, 35, 1.4, 0.6, 1.0, 2.33, 21, 35, 9, 1
8, 24, 192, 3.0, 0.375, 0.964, 1.8, 72, 185, 40, 1
8, 22, 176, 2.75, 0.426, 1.0, 2.42, 75, 176, 31, 1
8, 15, 120, 1.875, 0.458, 0.95, 2.2, 55, 114, 25, 1
10, 157, 1570, 15.7, 0.233, 0.565, 1.65, 366, 887, 222, 1
8, 108, 864, 13.5, 0.348, 0.868, 1.65, 301, 750, 182, 1
10, 9, 90, 0.9, 0.344, 0.856, 1.72, 31, 77, 18, 1
10, 14, 140, 1.4, 0.314, 0.9, 1.91, 44, 126, 23, 1
10, 41, 410, 4.1, 0.266, 0.539, 1.98, 109, 221, 55, 1
8, 21, 168, 2.625, 0.417, 0.958, 1.94, 70, 161, 36, 1
8, 32, 256, 4.0, 0.387, 0.895, 1.62, 99, 229, 61, 1
9, 33, 297, 3.667, 0.36, 0.818, 2.02, 107, 243, 53, 1
8, 9, 72, 1.125, 0.278, 0.5, 2.86, 20, 36, 7, 1
7, 18, 126, 2.571, 0.413, 0.952, 1.86, 52, 120, 28, 1
11, 262, 2882, 23.818, 0.238, 0.57, 1.84, 685, 1643, 373, 1
10, 261, 2610, 26.1, 0.264, 0.679, 1.77, 689, 1771, 390, 1
8, 18, 144, 2.25, 0.174, 0.458, 2.5, 25, 66, 10, 1
8, 46, 368, 5.75, 0.356, 0.957, 1.79, 131, 352, 73, 1
8, 119, 952, 14.875, 0.337, 0.92, 1.7, 321, 876, 189, 1
10, 35, 350, 3.5, 0.091, 0.157, 2.67, 32, 55, 12, 1
8, 23, 184, 2.875, 0.321, 0.897, 1.51, 59, 165, 39, 1
8, 16, 128, 2.0, 0.383, 0.781, 1.69, 49, 100, 29, 1
8, 25, 200, 3.125, 0.355, 0.88, 1.73, 71, 176, 41, 1
7, 16, 112, 2.286, 0.42, 0.768, 1.96, 47, 86, 24, 1
10, 22, 220, 2.2, 0.277, 0.595, 1.74, 61, 131, 35, 1
6, 8, 48, 1.333, 0.458, 0.729, 2.44, 22, 35, 9, 1
12, 69, 828, 5.75, 0.407, 0.833, 3.15, 337, 690, 107, 1
25, 185, 4625, 7.4, 0.479, 0.95, 7.24, 2214, 4395, 306, 1
101, 99, 9999, 0.98, 0.14, 0.778, 2.02, 1398, 7780, 691, 5
9, 179, 1611, 19.889, 0.341, 0.745, 2.4, 550, 1200, 229, 1
9, 103, 927, 11.444, 0.369, 0.877, 2.55, 342, 813, 134, 1
9, 123, 1107, 13.667, 0.346, 0.74, 2.21, 383, 819, 173, 1
9, 165, 1485, 18.333, 0.337, 0.713, 2.54, 501, 1059, 197, 1
2, 536, 1072, 268.0, 0.538, 0.737, 30.37, 577, 790, 19, 2
7, 13, 91, 1.857, 0.242, 0.912, 1.47, 22, 83, 15, 1
7, 80, 560, 11.429, 0.102, 0.468, 1.39, 57, 262, 41, 1
9, 532, 4788, 59.111, 0.154, 0.642, 1.29, 736, 3073, 572, 1
2, 535, 1070, 267.5, 0.648, 0.92, 11.75, 693, 984, 59, 2
24, 280, 6720, 11.667, 0.456, 0.913, 7.66, 3064, 6134, 400, 1
5, 5, 25, 1.0, 0.36, 0.56, 3.0, 9, 14, 3, 1
25, 186, 4650, 7.44, 0.478, 0.953, 7.16, 2221, 4433, 310, 1
7, 214, 1498, 30.571, 0.461, 0.865, 2.95, 691, 1296, 234, 1
5, 4, 20, 0.8, 0.35, 0.6, 2.33, 7, 12, 3, 1
9, 185, 1665, 20.556, 0.398, 0.783, 2.79, 663, 1303, 238, 1
8, 174, 1392, 21.75, 0.161, 0.72, 1.3, 224, 1002, 172, 1
9, 267, 2403, 29.667, 0.131, 0.517, 1.35, 315, 1242, 234, 1
9, 534, 4806, 59.333, 0.184, 0.733, 1.34, 884, 3524, 661, 1
9, 534, 4806, 59.333, 0.102, 0.417, 1.4, 491, 2005, 351, 1
9, 275, 2475, 30.556, 0.202, 0.717, 1.39, 500, 1775, 359, 1
7, 197, 1379, 28.143, 0.072, 0.326, 1.5, 99, 450, 66, 1
13, 38, 494, 2.923, 0.332, 0.935, 4.0, 164, 462, 41, 1
6, 29, 174, 4.833, 0.368, 0.954, 1.73, 64, 166, 37, 1
7, 256, 1792, 36.571, 0.135, 0.603, 1.36, 242, 1081, 178, 1
8, 532, 4256, 66.5, 0.192, 0.72, 1.28, 816, 3066, 636, 1
8, 274, 2192, 34.25, 0.15, 0.583, 1.35, 329, 1277, 244, 1
7, 150, 1050, 21.429, 0.178, 0.774, 1.36, 187, 813, 138, 1
6, 62, 372, 10.333, 0.234, 0.852, 1.36, 87, 317, 64, 1
9, 274, 2466, 30.444, 0.158, 0.58, 1.31, 390, 1431, 298, 1
10, 499, 4990, 49.9, 0.147, 0.631, 1.27, 733, 3150, 575, 1
7, 96, 672, 13.714, 0.314, 0.988, 1.77, 211, 664, 119, 1
8, 83, 664, 10.375, 0.437, 0.866, 2.52, 290, 575, 115, 1
9, 182, 1638, 20.222, 0.378, 0.789, 2.95, 619, 1292, 210, 1
8, 152, 1216, 19.0, 0.199, 0.677, 1.27, 242, 823, 191, 1
9, 535, 4815, 59.444, 0.173, 0.667, 1.36, 832, 3214, 613, 1
9, 534, 4806, 59.333, 0.14, 0.518, 1.32, 671, 2491, 507, 1
9, 284, 2556, 31.556, 0.141, 0.601, 1.26, 361, 1537, 286, 1
9, 536, 4824, 59.556, 0.154, 0.602, 1.36, 743, 2904, 547, 1
3, 537, 1611, 179.0, 0.345, 0.405, 22.24, 556, 652, 25, 2
9, 349, 3141, 38.778, 0.125, 0.453, 1.29, 394, 1422, 306, 1
31, 105, 3255, 3.387, 0.242, 0.456, 4.89, 787, 1485, 161, 5
9, 181, 1629, 20.111, 0.361, 0.74, 2.76, 588, 1205, 213, 1
8, 107, 856, 13.375, 0.363, 0.734, 2.24, 311, 628, 139, 1
2, 98, 196, 49.0, 0.48, 0.653, 9.4, 94, 128, 10, 2
8, 525, 4200, 65.625, 0.095, 0.444, 1.34, 398, 1865, 297, 1
9, 536, 4824, 59.556, 0.091, 0.358, 1.38, 441, 1725, 320, 1
9, 217, 1953, 24.111, 0.168, 0.686, 1.4, 329, 1339, 235, 1
9, 535, 4815, 59.444, 0.165, 0.636, 1.38, 793, 3063, 573, 1
8, 298, 2384, 37.25, 0.138, 0.592, 1.18, 329, 1412, 278, 1
9, 219, 1971, 24.333, 0.109, 0.538, 1.43, 215, 1060, 150, 1
24, 178, 4272, 7.417, 0.483, 0.933, 8.0, 2063, 3987, 258, 1
24, 282, 6768, 11.75, 0.443, 0.878, 7.8, 2995, 5944, 384, 1
24, 186, 4464, 7.75, 0.505, 0.989, 7.4, 2256, 4413, 305, 1
9, 108, 972, 12.0, 0.345, 0.645, 2.45, 335, 627, 137, 1
7, 262, 1834, 37.429, 0.152, 0.684, 1.28, 279, 1254, 218, 1
8, 343, 2744, 42.875, 0.129, 0.605, 1.2, 354, 1661, 294, 1
10, 219, 2190, 21.9, 0.153, 0.601, 1.24, 334, 1317, 270, 1
1, 60, 60, 60.0, 0.2, 1.0, 1.09, 12, 60, 11, 1
8, 175, 1400, 21.875, 0.156, 0.882, 1.2, 219, 1235, 183, 1
1, 36, 36, 36.0, 0.222, 1.0, 1.14, 8, 36, 7, 1
10, 318, 3180, 31.8, 0.128, 0.511, 1.18, 406, 1625, 344, 1
1, 145, 145, 145.0, 0.972, 1.0, 35.25, 141, 145, 4, 2
1, 81, 81, 81.0, 0.901, 1.0, 24.33, 73, 81, 3, 2
13, 104, 1352, 8.0, 0.246, 0.699, 4.05, 332, 945, 82, 1
13, 38, 494, 2.923, 0.285, 0.907, 3.62, 141, 448, 39, 1
9, 108, 972, 12.0, 0.247, 0.855, 1.69, 240, 831, 142, 1
9, 110, 990, 12.222, 0.311, 0.627, 2.08, 308, 621, 148, 1
9, 105, 945, 11.667, 0.334, 0.869, 2.19, 316, 821, 144, 1
2, 538, 1076, 269.0, 0.637, 0.703, 29.78, 685, 756, 23, 2
10, 176, 1760, 17.6, 0.181, 0.552, 1.36, 319, 972, 235, 1
9, 510, 4590, 56.667, 0.075, 0.288, 1.44, 346, 1323, 241, 1
10, 474, 4740, 47.4, 0.187, 0.578, 1.51, 886, 2740, 585, 1
7, 14, 98, 2.0, 0.316, 0.776, 2.21, 31, 76, 14, 1
8, 15, 120, 1.875, 0.317, 0.742, 2.0, 38, 89, 19, 1
2, 537, 1074, 268.5, 0.538, 0.555, 82.57, 578, 596, 7, 2
8, 15, 120, 1.875, 0.283, 0.65, 2.27, 34, 78, 15, 1
3, 538, 1614, 179.33, 0.37, 0.424, 22.11, 597, 685, 27, 2
3, 537, 1611, 179.0, 0.353, 0.364, 71.13, 569, 587, 8, 2
9, 111, 999, 12.333, 0.218, 0.81, 1.7, 218, 809, 128, 1
7, 63, 441, 9.0, 0.338, 0.998, 1.8, 149, 440, 83, 1
28, 31, 868, 1.107, 0.508, 0.767, 7.47, 441, 666, 59, 3
9, 166, 1494, 18.444, 0.386, 0.75, 2.95, 576, 1121, 195, 1
7, 521, 3647, 74.429, 0.091, 0.386, 1.28, 333, 1409, 260, 1
9, 171, 1539, 19.0, 0.121, 0.574, 1.35, 186, 884, 138, 1
9, 102, 918, 11.333, 0.193, 0.768, 1.29, 177, 705, 137, 1
9, 256, 2304, 28.444, 0.099, 0.446, 1.36, 227, 1027, 167, 1
1, 60, 60, 60.0, 0.2, 1.0, 1.09, 12, 60, 11, 1
8, 218, 1744, 27.25, 0.144, 0.574, 1.29, 252, 1001, 195, 1
2, 279, 558, 139.5, 0.075, 0.545, 1.05, 42, 304, 40, 1
9, 534, 4806, 59.333, 0.169, 0.667, 1.34, 811, 3208, 607, 1
9, 213, 1917, 23.667, 0.203, 0.784, 1.41, 390, 1503, 276, 1
10, 317, 3170, 31.7, 0.124, 0.484, 1.32, 392, 1535, 298, 1
7, 205, 1435, 29.286, 0.109, 0.573, 1.26, 156, 822, 124, 1
8, 158, 1264, 19.75, 0.102, 0.346, 1.33, 129, 437, 97, 1
2, 537, 1074, 268.5, 0.556, 0.655, 24.88, 597, 704, 24, 2
14, 150, 2100, 10.714, 0.225, 0.681, 4.14, 472, 1430, 114, 1
30, 61, 1830, 2.033, 0.157, 0.483, 1.88, 288, 884, 153, 5
4, 99, 396, 24.75, 0.503, 0.942, 2.4, 199, 373, 83, 1
29, 32, 928, 1.103, 0.476, 0.72, 7.25, 442, 668, 61, 3
9, 124, 1116, 13.778, 0.367, 0.705, 2.85, 410, 787, 144, 1
7, 13, 91, 1.857, 0.33, 0.923, 1.76, 30, 84, 17, 1
2, 104, 208, 52.0, 0.063, 0.529, 1.08, 13, 110, 12, 1
9, 144, 1296, 16.0, 0.123, 0.612, 1.33, 160, 793, 120, 1
9, 164, 1476, 18.222, 0.189, 0.65, 1.26, 279, 959, 221, 1
7, 13, 91, 1.857, 0.242, 0.857, 2.0, 22, 78, 11, 1
7, 13, 91, 1.857, 0.286, 0.923, 2.6, 26, 84, 10, 1
8, 273, 2184, 34.125, 0.215, 0.808, 1.27, 469, 1764, 369, 1
9, 259, 2331, 28.778, 0.22, 0.749, 1.38, 512, 1745, 370, 1
2, 535, 1070, 267.5, 0.55, 0.586, 117.8, 589, 627, 5, 2
29, 61, 1769, 2.103, 0.121, 0.431, 1.78, 214, 762, 120, 5
8, 99, 792, 12.375, 0.211, 0.886, 1.48, 167, 702, 113, 1
8, 215, 1720, 26.875, 0.367, 0.746, 2.6, 631, 1283, 243, 1
8, 82, 656, 10.25, 0.393, 0.764, 2.41, 258, 501, 107, 1
9, 107, 963, 11.889, 0.328, 0.656, 2.08, 316, 632, 152, 1
9, 102, 918, 11.333, 0.357, 0.867, 2.43, 328, 796, 135, 1
9, 166, 1494, 18.444, 0.336, 0.723, 2.38, 502, 1080, 211, 1
9, 267, 2403, 29.667, 0.164, 0.73, 1.28, 393, 1754, 307, 1
9, 148, 1332, 16.444, 0.146, 0.558, 1.17, 195, 743, 167, 1
8, 190, 1520, 23.75, 0.118, 0.62, 1.21, 179, 943, 148, 1
6, 68, 408, 11.333, 0.172, 0.931, 1.25, 70, 380, 56, 1
6, 71, 426, 11.833, 0.131, 0.784, 1.3, 56, 334, 43, 1
10, 504, 5040, 50.4, 0.139, 0.665, 1.19, 701, 3352, 590, 1
1, 50, 50, 50.0, 0.2, 1.0, 1.11, 10, 50, 9, 1
1, 16, 16, 16.0, 1.0, 1.0, 16.0, 16, 16, 1, 2
11, 155, 1705, 14.091, 0.257, 0.584, 2.09, 438, 995, 210, 1
10, 162, 1620, 16.2, 0.454, 0.573, 5.93, 735, 928, 124, 1
12, 84, 1008, 7.0, 0.42, 0.565, 4.75, 423, 570, 89, 1
10, 79, 790, 7.9, 0.306, 0.818, 1.89, 242, 646, 128, 1
14, 11, 154, 0.786, 0.526, 0.708, 8.1, 81, 109, 10, 1
11, 123, 1353, 11.182, 0.48, 0.656, 5.74, 649, 887, 113, 1
12, 40, 480, 3.333, 0.46, 0.592, 7.62, 221, 284, 29, 1
10, 10, 100, 1.0, 0.56, 0.69, 28.0, 56, 69, 2, 1
12, 331, 3972, 27.583, 0.237, 0.535, 2.19, 942, 2125, 431, 1
13, 342, 4446, 26.308, 0.231, 0.548, 2.15, 1027, 2437, 477, 1
6, 13, 78, 2.167, 0.346, 0.577, 3.38, 27, 45, 8, 1
13, 9, 117, 0.692, 0.402, 0.684, 3.36, 47, 80, 14, 1
13, 45, 585, 3.462, 0.429, 0.566, 6.61, 251, 331, 38, 1
10, 57, 570, 5.7, 0.556, 0.719, 5.2, 317, 410, 61, 1
7, 7, 49, 1.0, 0.918, 0.959, 22.5, 45, 47, 2, 1
7, 36, 252, 5.143, 0.567, 0.929, 2.51, 143, 234, 57, 1
1, 12, 12, 12.0, 0.75, 1.0, 9.0, 9, 12, 1, 2
1, 15, 15, 15.0, 0.733, 1.0, 3.67, 11, 15, 3, 2
4, 9, 36, 2.25, 0.611, 0.611, 22.0, 22, 22, 1, 2
8, 43, 344, 5.375, 0.445, 0.86, 2.73, 153, 296, 56, 1
3, 3, 9, 1.0, 0.778, 0.778, 7.0, 7, 7, 1, 1
14, 385, 5390, 27.5, 0.369, 0.561, 4.83, 1990, 3022, 412, 1
13, 297, 3861, 22.846, 0.409, 0.6, 4.97, 1579, 2318, 318, 1
8, 68, 544, 8.5, 0.54, 0.974, 3.03, 294, 530, 97, 1
9, 82, 738, 9.111, 0.335, 0.73, 2.47, 247, 539, 100, 1
14, 435, 6090, 31.071, 0.355, 0.571, 4.58, 2164, 3478, 472, 1
10, 430, 4300, 43.0, 0.351, 0.772, 2.7, 1508, 3318, 559, 1
10, 18, 180, 1.8, 0.522, 0.772, 8.55, 94, 139, 11, 1
10, 18, 180, 1.8, 0.6, 0.844, 7.2, 108, 152, 15, 1
14, 364, 5096, 26.0, 0.366, 0.562, 4.71, 1865, 2865, 396, 1
3, 3, 9, 1.0, 0.778, 0.778, 7.0, 7, 7, 1, 1
14, 273, 3822, 19.5, 0.373, 0.701, 4.59, 1424, 2681, 310, 1
7, 1, 7, 0.143, 1.0, 1.0, 7.0, 7, 7, 1, 2
9, 82, 738, 9.111, 0.364, 0.839, 2.8, 269, 619, 96, 1
10, 155, 1550, 15.5, 0.314, 0.631, 2.64, 486, 978, 184, 1
14, 399, 5586, 28.5, 0.383, 0.593, 5.04, 2142, 3315, 425, 1
15, 419, 6285, 27.933, 0.345, 0.526, 4.5, 2170, 3309, 482, 1
3, 4, 12, 1.333, 0.667, 0.667, 8.0, 8, 8, 1, 1
3, 106, 318, 35.333, 0.258, 0.34, 6.31, 82, 108, 13, 2
1, 14, 14, 14.0, 1.0, 1.0, 14.0, 14, 14, 1, 2
13, 354, 4602, 27.231, 0.38, 0.598, 4.39, 1749, 2750, 398, 1
8, 58, 464, 7.25, 0.442, 0.903, 3.15, 205, 419, 65, 1
12, 335, 4020, 27.917, 0.4, 0.677, 4.61, 1606, 2722, 348, 1
10, 159, 1590, 15.9, 0.355, 0.719, 3.07, 564, 1144, 184, 1
12, 1, 12, 0.083, 1.0, 1.0, 12.0, 12, 12, 1, 4
11, 183, 2013, 16.636, 0.465, 0.841, 4.53, 937, 1693, 207, 1
10, 16, 160, 1.6, 0.544, 0.875, 7.25, 87, 140, 12, 1
9, 16, 144, 1.778, 0.556, 0.958, 6.67, 80, 138, 12, 1
10, 19, 190, 1.9, 0.6, 0.858, 7.6, 114, 163, 15, 1
14, 433, 6062, 30.929, 0.355, 0.572, 4.44, 2152, 3467, 485, 1
10, 19, 190, 1.9, 0.553, 0.805, 7.5, 105, 153, 14, 1
12, 1, 12, 0.083, 1.0, 1.0, 12.0, 12, 12, 1, 4
7, 45, 315, 6.429, 0.483, 0.984, 2.45, 152, 310, 62, 1
9, 17, 153, 1.889, 0.536, 0.915, 6.31, 82, 140, 13, 1
25, 340, 8500, 13.6, 0.866, 0.926, 16.57, 7358, 7872, 444, 1
11, 184, 2024, 16.727, 0.471, 0.885, 4.48, 954, 1791, 213, 1
23, 132, 3036, 5.739, 0.95, 1.0, 20.76, 2885, 3036, 139, 1
10, 9, 90, 0.9, 0.667, 0.689, 30.0, 60, 62, 2, 1
7, 43, 301, 6.143, 0.545, 0.973, 2.56, 164, 293, 64, 1
24, 198, 4752, 8.25, 0.911, 0.983, 15.8, 4329, 4670, 274, 1
10, 17, 170, 1.7, 0.571, 0.918, 6.47, 97, 156, 15, 1
13, 266, 3458, 20.462, 0.398, 0.579, 4.81, 1375, 2003, 286, 1
10, 17, 170, 1.7, 0.535, 0.853, 7.58, 91, 145, 12, 1
9, 250, 2250, 27.778, 0.366, 0.768, 2.6, 823, 1727, 317, 1
174, 471, 81954, 2.707, 0.339, 0.433, 15.84, 27820, 35499, 1756, 3
6, 72, 432, 12.0, 0.604, 0.991, 4.08, 261, 428, 64, 1
25, 198, 4950, 7.92, 0.869, 0.932, 15.94, 4304, 4611, 270, 1
16, 121, 1936, 7.563, 0.396, 0.611, 5.6, 767, 1182, 137, 1
11, 20, 220, 1.818, 0.568, 0.895, 8.93, 125, 197, 14, 1
7, 79, 553, 11.286, 0.566, 0.967, 3.56, 313, 535, 88, 1
9, 78, 702, 8.667, 0.464, 0.89, 3.33, 326, 625, 98, 1
16, 1, 16, 0.063, 1.0, 1.0, 16.0, 16, 16, 1, 4
24, 170, 4080, 7.083, 0.924, 0.997, 15.9, 3768, 4068, 237, 1
9, 82, 738, 9.111, 0.337, 0.821, 2.49, 249, 606, 100, 1
17, 389, 6613, 22.882, 0.344, 0.678, 5.0, 2273, 4481, 455, 1
16, 337, 5392, 21.063, 0.363, 0.598, 5.19, 1956, 3225, 377, 1
12, 69, 828, 5.75, 0.332, 0.626, 2.81, 275, 518, 98, 1
11, 22, 242, 2.0, 0.579, 0.806, 7.78, 140, 195, 18, 1
11, 236, 2596, 21.455, 0.354, 0.803, 2.91, 920, 2084, 316, 1
3, 4, 12, 1.333, 1.0, 1.0, 12.0, 12, 12, 1, 1
16, 356, 5696, 22.25, 0.377, 0.576, 5.8, 2150, 3279, 371, 1
9, 230, 2070, 25.556, 0.399, 0.87, 2.63, 826, 1800, 314, 1
9, 171, 1539, 19.0, 0.4, 0.778, 2.87, 615, 1198, 214, 1
9, 358, 3222, 39.778, 0.385, 0.863, 2.36, 1240, 2782, 525, 1
7, 19, 133, 2.714, 0.662, 0.925, 4.89, 88, 123, 18, 1
10, 269, 2690, 26.9, 0.306, 0.496, 5.15, 824, 1335, 160, 1
7, 80, 560, 11.429, 0.361, 0.961, 1.63, 202, 538, 124, 1
10, 279, 2790, 27.9, 0.377, 0.687, 2.7, 1052, 1916, 389, 1
7, 19, 133, 2.714, 0.662, 0.91, 5.18, 88, 121, 17, 1
8, 162, 1296, 20.25, 0.204, 0.412, 3.12, 265, 534, 85, 1
8, 163, 1304, 20.375, 0.383, 0.982, 2.79, 500, 1280, 179, 1
10, 162, 1620, 16.2, 0.294, 0.73, 2.71, 477, 1183, 176, 1
59, 84, 4956, 1.424, 0.659, 0.71, 148.36, 3264, 3517, 22, 1
8, 131, 1048, 16.375, 0.246, 0.796, 1.46, 258, 834, 177, 1
7, 128, 896, 18.286, 0.265, 0.72, 1.69, 237, 645, 140, 1
4, 19, 76, 4.75, 0.421, 0.921, 1.78, 32, 70, 18, 1
8, 242, 1936, 30.25, 0.171, 0.409, 1.45, 331, 792, 228, 1
7, 98, 686, 14.0, 0.207, 0.491, 1.42, 142, 337, 100, 1
8, 229, 1832, 28.625, 0.168, 0.484, 1.57, 308, 887, 196, 1
5, 36, 180, 7.2, 0.211, 0.789, 1.52, 38, 142, 25, 1
7, 145, 1015, 20.714, 0.207, 0.658, 1.5, 210, 668, 140, 1
7, 91, 637, 13.0, 0.163, 0.535, 1.46, 104, 341, 71, 1
6, 21, 126, 3.5, 0.198, 0.444, 1.67, 25, 56, 15, 4
18, 24, 432, 1.333, 0.454, 0.75, 5.76, 196, 324, 34, 1
7, 211, 1477, 30.143, 0.257, 0.653, 1.7, 380, 965, 223, 1
8, 210, 1680, 26.25, 0.178, 0.483, 1.44, 299, 811, 208, 1
19, 201, 3819, 10.579, 0.238, 0.567, 2.07, 909, 2164, 439, 1
7, 98, 686, 14.0, 0.254, 0.608, 1.53, 174, 417, 114, 1
3, 541, 1623, 180.33, 0.71, 0.747, 88.62, 1152, 1213, 13, 2
10, 58, 580, 5.8, 0.402, 0.893, 2.81, 233, 518, 83, 1
14, 192, 2688, 13.714, 0.234, 0.589, 2.28, 628, 1584, 275, 1
16, 12, 192, 0.75, 0.526, 0.833, 7.21, 101, 160, 14, 1
9, 225, 2025, 25.0, 0.198, 0.741, 1.41, 400, 1501, 283, 1
13, 323, 4199, 24.846, 0.256, 0.557, 2.4, 1076, 2340, 449, 1
6, 94, 564, 15.667, 0.184, 0.934, 1.32, 104, 527, 79, 1
12, 167, 2004, 13.917, 0.225, 0.752, 1.93, 451, 1507, 234, 1
6, 95, 570, 15.833, 0.209, 0.667, 1.63, 119, 380, 73, 1
6, 93, 558, 15.5, 0.238, 0.711, 1.71, 133, 397, 78, 1
5, 95, 475, 19.0, 0.255, 0.787, 1.73, 121, 374, 70, 1
7, 56, 392, 8.0, 0.329, 0.791, 1.65, 129, 310, 78, 1
10, 319, 3190, 31.9, 0.239, 0.674, 1.67, 764, 2149, 458, 1
6, 95, 570, 15.833, 0.256, 0.768, 1.78, 146, 438, 82, 1
6, 97, 582, 16.167, 0.266, 0.72, 1.82, 155, 419, 85, 1
7, 97, 679, 13.857, 0.211, 0.791, 1.51, 143, 537, 95, 1
13, 242, 3146, 18.615, 0.231, 0.614, 2.33, 726, 1932, 312, 1
37, 1, 37, 0.027, 1.0, 1.0, 37.0, 37, 37, 1, 4
6, 94, 564, 15.667, 0.326, 0.862, 2.02, 184, 486, 91, 1
64, 73, 4672, 1.141, 0.403, 0.445, 72.38, 1882, 2077, 26, 3
32, 1, 32, 0.031, 1.0, 1.0, 32.0, 32, 32, 1, 4
9, 38, 342, 4.222, 0.377, 0.731, 2.74, 129, 250, 47, 1
7, 119, 833, 17.0, 0.285, 0.872, 1.5, 237, 726, 158, 1
7, 4, 28, 0.571, 0.429, 0.714, 2.4, 12, 20, 5, 1
1, 41, 41, 41.0, 0.39, 1.0, 1.07, 16, 41, 15, 1
6, 17, 102, 2.833, 0.245, 0.804, 1.39, 25, 82, 18, 1
8, 120, 960, 15.0, 0.25, 0.748, 1.66, 240, 718, 145, 1
7, 59, 413, 8.429, 0.462, 1.0, 2.33, 191, 413, 82, 1
1, 35, 35, 35.0, 0.429, 1.0, 1.07, 15, 35, 14, 1
1, 33, 33, 33.0, 0.364, 1.0, 1.09, 12, 33, 11, 1
7, 76, 532, 10.857, 0.301, 0.859, 1.38, 160, 457, 116, 1
9, 75, 675, 8.333, 0.194, 0.698, 1.46, 131, 471, 90, 1
1, 76, 76, 76.0, 0.961, 1.0, 36.5, 73, 76, 2, 2
8, 20, 160, 2.5, 0.263, 0.613, 2.0, 42, 98, 21, 1
6, 9, 54, 1.5, 0.296, 0.796, 2.0, 16, 43, 8, 1
1, 47, 47, 47.0, 0.34, 1.0, 1.14, 16, 47, 14, 1
6, 50, 300, 8.333, 0.24, 0.63, 1.76, 72, 189, 41, 1
1, 42, 42, 42.0, 0.381, 1.0, 1.07, 16, 42, 15, 1
5, 280, 1400, 56.0, 0.78, 0.786, 156.0, 1092, 1100, 7, 2
7, 46, 322, 6.571, 0.416, 0.776, 2.63, 134, 250, 51, 1
6, 18, 108, 3.0, 0.343, 0.926, 1.76, 37, 100, 21, 1
7, 75, 525, 10.714, 0.263, 0.71, 1.52, 138, 373, 91, 1
16, 106, 1696, 6.625, 0.192, 0.593, 1.49, 325, 1005, 218, 1
8, 180, 1440, 22.5, 0.199, 0.724, 1.31, 286, 1043, 219, 1
9, 138, 1242, 15.333, 0.271, 0.609, 1.87, 336, 756, 180, 1
9, 98, 882, 10.889, 0.302, 0.712, 2.03, 266, 628, 131, 1
9, 52, 468, 5.778, 0.203, 0.626, 1.38, 95, 293, 69, 1
5, 6, 30, 1.2, 0.4, 0.867, 2.0, 12, 26, 6, 1
5, 11, 55, 2.2, 0.309, 0.836, 1.7, 17, 46, 10, 1
8, 85, 680, 10.625, 0.238, 0.687, 1.46, 162, 467, 111, 1
6, 40, 240, 6.667, 0.221, 0.621, 1.43, 53, 149, 37, 1
9, 46, 414, 5.111, 0.297, 0.833, 1.66, 123, 345, 74, 1
5, 24, 120, 4.8, 0.342, 0.808, 1.32, 41, 97, 31, 1
7, 34, 238, 4.857, 0.273, 0.761, 1.48, 65, 181, 44, 1
22, 20, 440, 0.909, 0.28, 0.57, 5.35, 123, 251, 23, 1
10, 119, 1190, 11.9, 0.202, 0.842, 1.59, 240, 1002, 151, 1
11, 367, 4037, 33.364, 0.221, 0.77, 1.64, 891, 3108, 544, 1
14, 370, 5180, 26.429, 0.175, 0.648, 1.64, 907, 3357, 554, 1
13, 348, 4524, 26.769, 0.195, 0.743, 1.64, 881, 3363, 537, 1
12, 302, 3624, 25.167, 0.199, 0.795, 1.68, 721, 2880, 429, 1
10, 227, 2270, 22.7, 0.225, 0.97, 1.64, 510, 2202, 311, 1
10, 17, 170, 1.7, 0.224, 0.729, 2.38, 38, 124, 16, 1
12, 311, 3732, 25.917, 0.195, 0.781, 1.64, 727, 2914, 443, 1
11, 23, 253, 2.091, 0.265, 0.735, 2.09, 67, 186, 32, 1
13, 188, 2444, 14.462, 0.188, 0.71, 1.67, 460, 1736, 275, 1
10, 20, 200, 2.0, 0.29, 0.795, 2.52, 58, 159, 23, 1
1, 17, 17, 17.0, 1.0, 1.0, 17.0, 17, 17, 1, 2
1, 199, 199, 199.0, 0.945, 1.0, 37.6, 188, 199, 5, 2
41, 67, 2747, 1.634, 0.441, 0.529, 33.67, 1212, 1452, 36, 1
5, 5, 25, 1.0, 0.72, 0.72, 18.0, 18, 18, 1, 1
8, 79, 632, 9.875, 0.316, 0.975, 1.8, 200, 616, 111, 1
6, 96, 576, 16.0, 0.238, 0.778, 1.38, 137, 448, 99, 1
7, 158, 1106, 22.571, 0.239, 0.952, 1.33, 264, 1053, 198, 1
2, 100, 200, 50.0, 0.46, 0.505, 11.5, 92, 101, 8, 2
1, 161, 161, 161.0, 0.41, 1.0, 1.02, 66, 161, 65, 2
9, 295, 2655, 32.778, 0.2, 0.559, 1.5, 531, 1483, 354, 1
10, 263, 2630, 26.3, 0.204, 0.589, 1.54, 537, 1550, 348, 1
6, 13, 78, 2.167, 0.231, 0.487, 3.0, 18, 38, 6, 1
9, 321, 2889, 35.667, 0.154, 0.553, 1.32, 446, 1597, 339, 1
8, 112, 896, 14.0, 0.17, 0.786, 1.27, 152, 704, 120, 1
1, 71, 71, 71.0, 0.521, 1.0, 2.31, 37, 71, 16, 2
1, 20, 20, 20.0, 0.55, 1.0, 1.38, 11, 20, 8, 2
7, 60, 420, 8.571, 0.286, 0.886, 1.5, 120, 372, 80, 1
6, 106, 636, 17.667, 0.129, 0.835, 1.14, 82, 531, 72, 1
7, 135, 945, 19.286, 0.114, 0.528, 1.09, 108, 499, 99, 1
7, 123, 861, 17.571, 0.139, 0.674, 1.26, 120, 580, 95, 1
8, 346, 2768, 43.25, 0.166, 0.66, 1.35, 459, 1828, 339, 1
28, 45, 1260, 1.607, 0.368, 0.54, 7.86, 464, 680, 59, 1
8, 41, 328, 5.125, 0.265, 0.616, 2.35, 87, 202, 37, 1
7, 10, 70, 1.429, 0.3, 0.743, 3.5, 21, 52, 6, 1
25, 153, 3825, 6.12, 0.255, 0.611, 2.08, 977, 2338, 470, 1
11, 11, 121, 1.0, 0.537, 0.876, 5.0, 65, 106, 13, 1
9, 29, 261, 3.222, 0.31, 0.686, 2.13, 81, 179, 38, 1
12, 115, 1380, 9.583, 0.256, 0.572, 1.74, 353, 790, 203, 1
11, 10, 110, 0.909, 0.436, 0.927, 4.36, 48, 102, 11, 1
2, 22, 44, 11.0, 0.477, 1.0, 21.0, 21, 44, 1, 2
11, 11, 121, 1.0, 0.43, 0.802, 4.73, 52, 97, 11, 1
11, 90, 990, 8.182, 0.385, 0.882, 2.41, 381, 873, 158, 1
10, 1, 10, 0.1, 1.0, 1.0, 10.0, 10, 10, 1, 4
10, 12, 120, 1.2, 0.55, 0.875, 4.71, 66, 105, 14, 1
11, 104, 1144, 9.455, 0.394, 0.824, 2.97, 451, 943, 152, 1
10, 41, 410, 4.1, 0.463, 0.968, 2.79, 190, 397, 68, 1
11, 137, 1507, 12.455, 0.317, 0.652, 2.7, 478, 982, 177, 1
11, 12, 132, 1.091, 0.432, 0.674, 4.38, 57, 89, 13, 1
38, 69, 2622, 1.816, 0.476, 0.839, 4.27, 1247, 2201, 292, 1
36, 5, 180, 0.139, 0.656, 0.817, 7.87, 118, 147, 15, 1
7, 1, 7, 0.143, 1.0, 1.0, 7.0, 7, 7, 1, 4
11, 12, 132, 1.091, 0.5, 0.841, 4.13, 66, 111, 16, 1
1, 70, 70, 70.0, 1.0, 1.0, 70.0, 70, 70, 1, 2
1, 14, 14, 14.0, 1.0, 1.0, 14.0, 14, 14, 1, 2
9, 151, 1359, 16.778, 0.257, 0.941, 1.48, 349, 1279, 236, 1
11, 156, 1716, 14.182, 0.224, 0.71, 1.52, 385, 1219, 253, 1
10, 115, 1150, 11.5, 0.24, 0.758, 1.48, 276, 872, 187, 1
7, 1, 7, 0.143, 1.0, 1.0, 7.0, 7, 7, 1, 4
10, 47, 470, 4.7, 0.481, 0.991, 2.97, 226, 466, 76, 1
11, 147, 1617, 13.364, 0.257, 0.761, 1.58, 416, 1230, 264, 1
9, 37, 333, 4.111, 0.532, 0.913, 3.22, 177, 304, 55, 1
2, 18, 36, 9.0, 0.667, 0.694, 24.0, 24, 25, 1, 2
3, 116, 348, 38.667, 0.356, 0.371, 62.0, 124, 129, 2, 2
10, 38, 380, 3.8, 0.387, 0.887, 2.49, 147, 337, 59, 1
25, 71, 1775, 2.84, 0.234, 0.748, 2.22, 416, 1328, 187, 1
11, 207, 2277, 18.818, 0.268, 0.723, 1.84, 610, 1647, 332, 1
10, 84, 840, 8.4, 0.356, 0.849, 2.47, 299, 713, 121, 1
10, 47, 470, 4.7, 0.336, 0.628, 2.26, 158, 295, 70, 1
9, 99, 891, 11.0, 0.38, 0.93, 1.92, 339, 829, 177, 1
9, 38, 342, 4.222, 0.444, 0.898, 2.71, 152, 307, 56, 1
1, 37, 37, 37.0, 0.811, 1.0, 6.0, 30, 37, 5, 2
9, 64, 576, 7.111, 0.307, 0.842, 1.99, 177, 485, 89, 1
8, 54, 432, 6.75, 0.35, 0.887, 1.74, 151, 383, 87, 1
7, 35, 245, 5.0, 0.494, 0.902, 2.57, 121, 221, 47, 1
10, 130, 1300, 13.0, 0.453, 0.822, 2.78, 589, 1069, 212, 1
7, 6, 42, 0.857, 0.333, 0.762, 4.67, 14, 32, 3, 1
9, 123, 1107, 13.667, 0.39, 0.996, 2.82, 432, 1103, 153, 1
10, 35, 350, 3.5, 0.38, 0.829, 2.02, 133, 290, 66, 1
15, 54, 810, 3.6, 0.323, 0.689, 2.45, 262, 558, 107, 1
9, 117, 1053, 13.0, 0.419, 0.947, 2.48, 441, 997, 178, 1
6, 90, 540, 15.0, 0.298, 0.77, 1.55, 161, 416, 104, 1
7, 175, 1225, 25.0, 0.337, 0.991, 1.87, 413, 1214, 221, 1
12, 124, 1488, 10.333, 0.3, 0.869, 1.96, 447, 1293, 228, 1
12, 116, 1392, 9.667, 0.331, 0.756, 2.62, 461, 1053, 176, 1
9, 71, 639, 7.889, 0.352, 0.897, 1.97, 225, 573, 114, 1
11, 23, 253, 2.091, 0.415, 0.858, 3.5, 105, 217, 30, 1
8, 55, 440, 6.875, 0.243, 0.657, 1.39, 107, 289, 77, 1
7, 213, 1491, 30.429, 0.199, 0.733, 1.25, 296, 1093, 237, 1
7, 30, 210, 4.286, 0.295, 0.876, 1.77, 62, 184, 35, 1
6, 129, 774, 21.5, 0.195, 0.565, 1.35, 151, 437, 112, 1
10, 12, 120, 1.2, 0.142, 0.317, 2.83, 17, 38, 6, 1
8, 43, 344, 5.375, 0.212, 0.721, 1.4, 73, 248, 52, 1
5, 8, 40, 1.6, 0.6, 0.975, 2.18, 24, 39, 11, 1
7, 37, 259, 5.286, 0.305, 1.0, 1.46, 79, 259, 54, 1
7, 16, 112, 2.286, 0.304, 0.955, 1.13, 34, 107, 30, 1
9, 49, 441, 5.444, 0.222, 0.687, 1.27, 98, 303, 77, 1
5, 6, 30, 1.2, 0.3, 1.0, 1.8, 9, 30, 5, 1
7, 27, 189, 3.857, 0.079, 0.175, 2.5, 15, 33, 6, 1
7, 18, 126, 2.571, 0.365, 0.952, 1.53, 46, 120, 30, 1
7, 23, 161, 3.286, 0.342, 0.783, 1.45, 55, 126, 38, 1
7, 24, 168, 3.429, 0.244, 0.774, 1.46, 41, 130, 28, 1
6, 11, 66, 1.833, 0.333, 0.788, 1.47, 22, 52, 15, 1
7, 11, 77, 1.571, 0.299, 0.649, 1.77, 23, 50, 13, 1
7, 37, 259, 5.286, 0.282, 0.772, 1.35, 73, 200, 54, 1
7, 31, 217, 4.429, 0.304, 0.843, 1.32, 66, 183, 50, 1
8, 19, 152, 2.375, 0.382, 0.724, 1.93, 58, 110, 30, 1
10, 11, 110, 1.1, 0.473, 1.0, 2.48, 52, 110, 21, 1
6, 16, 96, 2.667, 0.49, 0.938, 2.14, 47, 90, 22, 1
6, 6, 36, 1.0, 0.528, 0.917, 3.17, 19, 33, 6, 1
10, 64, 640, 6.4, 0.189, 0.4, 2.12, 121, 256, 57, 1
11, 15, 165, 1.364, 0.352, 0.891, 2.07, 58, 147, 28, 1
10, 25, 250, 2.5, 0.328, 0.828, 2.05, 82, 207, 40, 1
8, 28, 224, 3.5, 0.406, 0.777, 2.07, 91, 174, 44, 1
10, 7, 70, 0.7, 0.357, 0.871, 2.08, 25, 61, 12, 1
10, 32, 320, 3.2, 0.306, 0.788, 1.69, 98, 252, 58, 1
7, 7, 49, 1.0, 0.592, 0.959, 2.42, 29, 47, 12, 1
10, 145, 1450, 14.5, 0.268, 0.747, 1.83, 389, 1083, 213, 1
8, 32, 256, 4.0, 0.375, 0.801, 2.04, 96, 205, 47, 1
9, 40, 360, 4.444, 0.344, 0.683, 2.07, 124, 246, 60, 1
8, 30, 240, 3.75, 0.296, 0.863, 2.09, 71, 207, 34, 1
10, 33, 330, 3.3, 0.342, 0.927, 1.66, 113, 306, 68, 1
7, 5, 35, 0.714, 0.486, 0.943, 4.25, 17, 33, 4, 1
8, 13, 104, 1.625, 0.356, 0.942, 1.76, 37, 98, 21, 1
9, 4, 36, 0.444, 0.444, 1.0, 8.0, 16, 36, 2, 1
7, 18, 126, 2.571, 0.468, 1.0, 2.81, 59, 126, 21, 1
9, 42, 378, 4.667, 0.325, 0.823, 1.71, 123, 311, 72, 1
8, 5, 40, 0.625, 0.525, 1.0, 3.0, 21, 40, 7, 1
8, 7, 56, 0.875, 0.518, 1.0, 2.64, 29, 56, 11, 1
8, 38, 304, 4.75, 0.339, 0.766, 1.75, 103, 233, 59, 1
10, 20, 200, 2.0, 0.375, 0.855, 2.27, 75, 171, 33, 1
7, 31, 217, 4.429, 0.396, 0.862, 2.1, 86, 187, 41, 1
10, 78, 780, 7.8, 0.255, 0.751, 1.76, 199, 586, 113, 1
11, 112, 1232, 10.182, 0.217, 0.469, 1.73, 267, 578, 154, 1
9, 73, 657, 8.111, 0.376, 0.846, 2.63, 247, 556, 94, 1
6, 4, 24, 0.667, 0.417, 0.583, 5.0, 10, 14, 2, 1
8, 196, 1568, 24.5, 0.142, 0.644, 1.4, 222, 1010, 159, 1
32, 350, 11200, 10.938, 0.142, 0.402, 3.96, 1588, 4497, 401, 5
31, 105, 3255, 3.387, 0.224, 0.417, 5.35, 728, 1358, 136, 5
8, 215, 1720, 26.875, 0.404, 0.789, 2.91, 695, 1357, 239, 1
9, 250, 2250, 27.778, 0.305, 0.711, 2.18, 686, 1600, 314, 1
5, 75, 375, 15.0, 0.269, 0.979, 1.22, 101, 367, 83, 1
7, 141, 987, 20.143, 0.16, 0.757, 1.17, 158, 747, 135, 1
8, 15, 120, 1.875, 0.292, 0.808, 1.84, 35, 97, 19, 1
9, 535, 4815, 59.444, 0.192, 0.658, 1.42, 926, 3167, 654, 1
7, 218, 1526, 31.143, 0.142, 0.623, 1.26, 216, 951, 171, 1
9, 492, 4428, 54.667, 0.209, 0.781, 1.33, 924, 3457, 697, 1
13, 38, 494, 2.923, 0.312, 0.955, 3.42, 154, 472, 45, 1
7, 140, 980, 20.0, 0.131, 0.666, 1.28, 128, 653, 100, 1
9, 102, 918, 11.333, 0.18, 0.759, 1.2, 165, 697, 137, 1
1, 22, 22, 22.0, 0.818, 1.0, 4.5, 18, 22, 4, 2
37, 1, 37, 0.027, 1.0, 1.0, 37.0, 37, 37, 1, 2
10, 19, 190, 1.9, 0.605, 0.816, 8.85, 115, 155, 13, 1
178, 140, 24920, 0.787, 0.574, 0.649, 21.52, 14292, 16177, 664, 3
31, 1, 31, 0.032, 1.0, 1.0, 31.0, 31, 31, 1, 4
9, 160, 1440, 17.778, 0.36, 0.763, 2.63, 518, 1098, 197, 1
7, 153, 1071, 21.857, 0.467, 0.97, 2.75, 500, 1039, 182, 1
10, 256, 2560, 25.6, 0.371, 0.779, 2.95, 951, 1995, 322, 1
23, 125, 2875, 5.435, 0.953, 1.0, 20.75, 2739, 2875, 132, 1
16, 376, 6016, 23.5, 0.371, 0.58, 5.57, 2232, 3490, 401, 1
12, 10, 120, 0.833, 0.675, 0.783, 11.57, 81, 94, 7, 1
8, 157, 1256, 19.625, 0.446, 0.987, 2.55, 560, 1240, 220, 1
17, 19, 323, 1.118, 0.362, 0.381, 58.5, 117, 123, 2, 1
4, 18, 72, 4.5, 0.181, 0.778, 6.5, 13, 56, 2, 1
5, 118, 590, 23.6, 0.154, 0.497, 1.44, 91, 293, 63, 1
10, 330, 3300, 33.0, 0.207, 0.671, 1.61, 684, 2215, 425, 1
10, 288, 2880, 28.8, 0.191, 0.564, 1.5, 549, 1624, 365, 1
8, 22, 176, 2.75, 0.438, 0.79, 2.41, 77, 139, 32, 1
1, 91, 91, 91.0, 0.352, 1.0, 1.03, 32, 91, 31, 1
5, 6, 30, 1.2, 0.433, 1.0, 1.63, 13, 30, 8, 1
5, 39, 195, 7.8, 0.338, 0.903, 1.35, 66, 176, 49, 1
7, 343, 2401, 49.0, 0.213, 0.772, 1.45, 512, 1854, 352, 1
1, 126, 126, 126.0, 0.992, 1.0, 125.0, 125, 126, 1, 2
12, 33, 396, 2.75, 0.391, 0.793, 4.08, 155, 314, 38, 1
11, 11, 121, 1.0, 0.438, 0.868, 4.08, 53, 105, 13, 1
1, 20, 20, 20.0, 0.85, 1.0, 8.5, 17, 20, 2, 2
