@relation page-blocks
@attribute Height integer [1, 804]
@attribute Lenght integer [1, 553]
@attribute Area integer [7, 143993]
@attribute Eccen real [0.0070, 537.0]
@attribute P_black real [0.052, 1.0]
@attribute P_and real [0.062, 1.0]
@attribute Mean_tr real [1.0, 4955.0]
@attribute Blackpix integer [1, 33017]
@attribute Blackand integer [7, 46133]
@attribute Wb_trans integer [1, 3212]
@attribute Class {1, 2, 3, 4, 5}
@inputs Height, Lenght, Area, Eccen, P_black, P_and, Mean_tr, Blackpix, Blackand, Wb_trans
@outputs Class
@data
5, 7, 35, 1.4, 0.4, 0.657, 2.33, 14, 23, 6, 1
5, 6, 30, 1.2, 0.433, 0.733, 13.0, 13, 22, 1, 1
4, 18, 72, 4.5, 0.25, 0.528, 2.57, 18, 38, 7, 1
11, 9, 99, 0.818, 0.343, 0.626, 3.4, 34, 62, 10, 1
11, 8, 88, 0.727, 0.58, 1.0, 5.1, 51, 88, 10, 1
11, 35, 385, 3.182, 0.382, 0.657, 6.13, 147, 253, 24, 1
2, 20, 40, 10.0, 0.675, 0.675, 27.0, 27, 27, 1, 2
10, 38, 380, 3.8, 0.426, 0.947, 3.12, 162, 360, 52, 1
4, 194, 776, 48.5, 0.263, 0.273, 34.0, 204, 212, 6, 2
10, 66, 660, 6.6, 0.273, 0.661, 1.94, 180, 436, 93, 1
9, 90, 810, 10.0, 0.26, 0.786, 2.18, 211, 637, 97, 1
9, 92, 828, 10.222, 0.286, 0.885, 1.93, 237, 733, 123, 1
11, 85, 935, 7.727, 0.257, 0.894, 1.67, 240, 836, 144, 1
9, 84, 756, 9.333, 0.222, 0.937, 1.81, 168, 708, 93, 1
9, 54, 486, 6.0, 0.292, 0.957, 1.48, 142, 465, 96, 1
12, 14, 168, 1.167, 0.357, 0.958, 2.31, 60, 161, 26, 1
11, 86, 946, 7.818, 0.413, 0.853, 3.1, 391, 807, 126, 1
9, 5, 45, 0.556, 0.378, 0.933, 2.83, 17, 42, 6, 1
9, 21, 189, 2.333, 0.291, 0.762, 1.57, 55, 144, 35, 1
9, 32, 288, 3.556, 0.302, 0.781, 2.07, 87, 225, 42, 1
11, 101, 1111, 9.182, 0.398, 0.888, 2.76, 442, 987, 160, 1
11, 119, 1309, 10.818, 0.261, 0.798, 1.88, 341, 1045, 181, 1
9, 40, 360, 4.444, 0.319, 0.919, 2.35, 115, 331, 49, 1
1, 8, 8, 8.0, 1.0, 1.0, 8.0, 8, 8, 1, 2
2, 46, 92, 23.0, 0.587, 0.761, 18.0, 54, 70, 3, 2
2, 116, 232, 58.0, 0.616, 0.802, 17.88, 143, 186, 8, 2
2, 17, 34, 8.5, 0.324, 1.0, 2.75, 11, 34, 4, 1
2, 11, 22, 5.5, 0.409, 0.955, 9.0, 9, 21, 1, 1
7, 107, 749, 15.286, 0.27, 0.654, 1.6, 202, 490, 126, 1
5, 9, 45, 1.8, 0.267, 0.778, 1.71, 12, 35, 7, 1
11, 9, 99, 0.818, 0.475, 0.636, 15.67, 47, 63, 3, 1
1, 43, 43, 43.0, 0.907, 1.0, 9.75, 39, 43, 4, 2
9, 96, 864, 10.667, 0.281, 0.815, 1.96, 243, 704, 124, 1
8, 53, 424, 6.625, 0.358, 0.981, 1.54, 152, 416, 99, 1
8, 8, 64, 1.0, 0.203, 0.344, 4.33, 13, 22, 3, 1
19, 2, 38, 0.105, 0.816, 0.816, 31.0, 31, 31, 1, 4
9, 46, 414, 5.111, 0.292, 0.676, 1.92, 121, 280, 63, 1
10, 2, 20, 0.2, 0.55, 0.6, 11.0, 11, 12, 1, 2
8, 44, 352, 5.5, 0.426, 0.938, 3.26, 150, 330, 46, 1
8, 45, 360, 5.625, 0.469, 0.956, 2.91, 169, 344, 58, 1
8, 43, 344, 5.375, 0.349, 0.814, 2.26, 120, 280, 53, 1
11, 301, 3311, 27.364, 0.308, 0.735, 2.22, 1019, 2435, 458, 1
9, 122, 1098, 13.556, 0.339, 0.947, 2.57, 372, 1040, 145, 1
6, 46, 276, 7.667, 0.217, 0.804, 2.0, 60, 222, 30, 1
8, 20, 160, 2.5, 0.525, 0.938, 3.5, 84, 150, 24, 1
9, 49, 441, 5.444, 0.594, 0.998, 3.05, 262, 440, 86, 1
8, 67, 536, 8.375, 0.381, 0.746, 2.49, 204, 400, 82, 1
9, 82, 738, 9.111, 0.247, 0.935, 2.09, 182, 690, 87, 1
9, 97, 873, 10.778, 0.328, 0.921, 1.77, 286, 804, 162, 1
8, 82, 656, 10.25, 0.398, 0.951, 2.51, 261, 624, 104, 1
12, 43, 516, 3.583, 0.293, 0.791, 2.29, 151, 408, 66, 1
1, 36, 36, 36.0, 0.722, 1.0, 8.67, 26, 36, 3, 2
4, 8, 32, 2.0, 0.344, 0.781, 1.83, 11, 25, 6, 1
10, 101, 1010, 10.1, 0.466, 0.893, 3.02, 471, 902, 156, 1
9, 86, 774, 9.556, 0.301, 0.647, 2.22, 233, 501, 105, 1
8, 40, 320, 5.0, 0.391, 0.991, 2.08, 125, 317, 60, 1
1, 19, 19, 19.0, 0.789, 1.0, 3.75, 15, 19, 4, 2
1, 9, 9, 9.0, 0.778, 1.0, 7.0, 7, 9, 1, 2
8, 42, 336, 5.25, 0.363, 0.97, 2.18, 122, 326, 56, 1
93, 4, 372, 0.043, 0.419, 0.565, 2.89, 156, 210, 54, 4
8, 14, 112, 1.75, 0.223, 0.661, 3.57, 25, 74, 7, 1
7, 27, 189, 3.857, 0.101, 0.619, 3.8, 19, 117, 5, 1
11, 85, 935, 7.727, 0.25, 0.664, 1.73, 234, 621, 135, 1
9, 76, 684, 8.444, 0.363, 0.874, 2.18, 248, 598, 114, 1
6, 17, 102, 2.833, 0.275, 0.824, 2.0, 28, 84, 14, 1
6, 29, 174, 4.833, 0.293, 0.92, 1.5, 51, 160, 34, 1
9, 21, 189, 2.333, 0.529, 0.958, 3.33, 100, 181, 30, 1
9, 21, 189, 2.333, 0.392, 0.899, 2.74, 74, 170, 27, 1
10, 63, 630, 6.3, 0.294, 0.895, 2.2, 185, 564, 84, 1
9, 82, 738, 9.111, 0.385, 0.935, 2.29, 284, 690, 124, 1
1, 33, 33, 33.0, 1.0, 1.0, 33.0, 33, 33, 1, 2
9, 36, 324, 4.0, 0.611, 0.926, 3.36, 198, 300, 59, 1
10, 85, 850, 8.5, 0.333, 0.696, 2.28, 283, 592, 124, 1
9, 43, 387, 4.778, 0.509, 0.959, 3.58, 197, 371, 55, 1
9, 44, 396, 4.889, 0.467, 0.944, 3.14, 185, 374, 59, 1
1, 8, 8, 8.0, 0.875, 1.0, 7.0, 7, 8, 1, 2
9, 123, 1107, 13.667, 0.395, 0.991, 2.84, 437, 1097, 154, 1
8, 47, 376, 5.875, 0.362, 0.88, 2.0, 136, 331, 68, 1
7, 100, 700, 14.286, 0.411, 0.849, 1.83, 288, 594, 157, 1
12, 8, 96, 0.667, 0.479, 0.5, 46.0, 46, 48, 1, 1
12, 7, 84, 0.583, 0.56, 1.0, 5.22, 47, 84, 9, 1
12, 23, 276, 1.917, 0.417, 0.623, 8.21, 115, 172, 14, 1
10, 51, 510, 5.1, 0.306, 0.855, 2.29, 156, 436, 68, 1
9, 33, 297, 3.667, 0.458, 0.983, 2.19, 136, 292, 62, 1
12, 8, 96, 0.667, 0.292, 1.0, 3.11, 28, 96, 9, 1
9, 121, 1089, 13.444, 0.399, 0.843, 2.4, 434, 918, 181, 1
9, 47, 423, 5.222, 0.385, 0.917, 2.51, 163, 388, 65, 1
7, 31, 217, 4.429, 0.295, 0.857, 1.64, 64, 186, 39, 1
11, 8, 88, 0.727, 0.602, 1.0, 4.08, 53, 88, 13, 1
11, 61, 671, 5.545, 0.361, 0.614, 5.04, 242, 412, 48, 1
9, 98, 882, 10.889, 0.491, 0.974, 2.78, 433, 859, 156, 1
9, 21, 189, 2.333, 0.487, 0.857, 3.29, 92, 162, 28, 1
10, 21, 210, 2.1, 0.348, 0.757, 3.17, 73, 159, 23, 1
10, 79, 790, 7.9, 0.347, 0.784, 2.25, 274, 619, 122, 1
9, 83, 747, 9.222, 0.292, 0.909, 2.42, 218, 679, 90, 1
9, 6, 54, 0.667, 0.667, 0.759, 18.0, 36, 41, 2, 1
9, 32, 288, 3.556, 0.382, 0.792, 2.16, 110, 228, 51, 1
1, 7, 7, 7.0, 1.0, 1.0, 7.0, 7, 7, 1, 2
10, 42, 420, 4.2, 0.317, 0.85, 2.22, 133, 357, 60, 1
7, 31, 217, 4.429, 0.267, 0.714, 2.15, 58, 155, 27, 1
7, 121, 847, 17.286, 0.276, 0.607, 1.79, 234, 514, 131, 1
11, 21, 231, 1.909, 0.468, 0.719, 7.2, 108, 166, 15, 1
11, 8, 88, 0.727, 0.693, 0.989, 10.17, 61, 87, 6, 1
9, 36, 324, 4.0, 0.506, 0.901, 2.83, 164, 292, 58, 1
9, 49, 441, 5.444, 0.592, 0.998, 2.97, 261, 440, 88, 1
8, 14, 112, 1.75, 0.143, 1.0, 2.67, 16, 112, 6, 1
8, 17, 136, 2.125, 0.309, 0.676, 2.33, 42, 92, 18, 1
8, 53, 424, 6.625, 0.337, 0.889, 1.64, 143, 377, 87, 1
12, 26, 312, 2.167, 0.224, 0.907, 1.63, 70, 283, 43, 1
8, 26, 208, 3.25, 0.37, 0.947, 1.79, 77, 197, 43, 1
9, 46, 414, 5.111, 0.365, 0.848, 2.01, 151, 351, 75, 1
9, 64, 576, 7.111, 0.491, 0.984, 2.57, 283, 567, 110, 1
8, 36, 288, 4.5, 0.559, 0.944, 3.04, 161, 272, 53, 1
8, 21, 168, 2.625, 0.381, 0.845, 1.88, 64, 142, 34, 1
9, 121, 1089, 13.444, 0.322, 0.776, 2.08, 351, 845, 169, 1
9, 100, 900, 11.111, 0.463, 0.908, 2.92, 417, 817, 143, 1
8, 71, 568, 8.875, 0.329, 0.776, 1.83, 187, 441, 102, 1
8, 42, 336, 5.25, 0.39, 0.94, 2.43, 131, 316, 54, 1
14, 300, 4200, 21.429, 0.263, 0.607, 2.39, 1106, 2550, 462, 1
14, 38, 532, 2.714, 0.244, 0.489, 2.95, 130, 260, 44, 1
10, 19, 190, 1.9, 0.332, 0.695, 3.71, 63, 132, 17, 1
52, 461, 23972, 8.865, 0.192, 0.248, 11.52, 4607, 5938, 400, 5
9, 21, 189, 2.333, 0.519, 0.942, 3.27, 98, 178, 30, 1
10, 67, 670, 6.7, 0.291, 0.649, 2.17, 195, 435, 90, 1
9, 32, 288, 3.556, 0.354, 0.806, 1.7, 102, 232, 60, 1
9, 64, 576, 7.111, 0.318, 0.818, 2.18, 183, 471, 84, 1
12, 98, 1176, 8.167, 0.245, 0.624, 2.23, 288, 734, 129, 1
9, 13, 117, 1.444, 0.103, 0.752, 4.0, 12, 88, 3, 2
11, 101, 1111, 9.182, 0.264, 0.852, 1.65, 293, 947, 178, 1
9, 52, 468, 5.778, 0.37, 0.996, 1.71, 173, 466, 101, 1
11, 14, 154, 1.273, 0.442, 0.981, 2.43, 68, 151, 28, 1
7, 6, 42, 0.857, 0.5, 0.548, 21.0, 21, 23, 1, 1
10, 101, 1010, 10.1, 0.45, 0.869, 2.95, 455, 878, 154, 1
9, 42, 378, 4.667, 0.344, 0.931, 2.13, 130, 352, 61, 1
1, 44, 44, 44.0, 0.909, 1.0, 20.0, 40, 44, 2, 2
2, 52, 104, 26.0, 0.144, 0.702, 2.5, 15, 73, 6, 1
5, 31, 155, 6.2, 0.239, 0.974, 2.06, 37, 151, 18, 1
2, 14, 28, 7.0, 0.286, 0.821, 8.0, 8, 23, 1, 2
12, 8, 96, 0.667, 0.51, 0.927, 7.0, 49, 89, 7, 1
11, 9, 99, 0.818, 0.545, 0.818, 9.0, 54, 81, 6, 1
9, 39, 351, 4.333, 0.444, 0.923, 2.74, 156, 324, 57, 1
10, 97, 970, 9.7, 0.423, 0.832, 2.48, 410, 807, 165, 1
10, 49, 490, 4.9, 0.529, 0.939, 3.01, 259, 460, 86, 1
9, 24, 216, 2.667, 0.356, 0.907, 2.2, 77, 196, 35, 1
10, 98, 980, 9.8, 0.3, 0.781, 1.72, 294, 765, 171, 1
2, 204, 408, 102.0, 0.412, 0.681, 10.5, 168, 278, 16, 2
10, 29, 290, 2.9, 0.221, 0.572, 3.56, 64, 166, 18, 1
8, 7, 56, 0.875, 0.321, 0.429, 6.0, 18, 24, 3, 1
10, 100, 1000, 10.0, 0.444, 0.924, 2.64, 444, 924, 168, 1
9, 32, 288, 3.556, 0.299, 0.691, 2.1, 86, 199, 41, 1
9, 86, 774, 9.556, 0.337, 0.757, 2.19, 261, 586, 119, 1
8, 41, 328, 5.125, 0.393, 0.976, 2.19, 129, 320, 59, 1
10, 44, 440, 4.4, 0.441, 0.92, 2.94, 194, 405, 66, 1
1, 14, 14, 14.0, 0.857, 1.0, 12.0, 12, 14, 1, 2
8, 3, 24, 0.375, 0.458, 0.667, 2.2, 11, 16, 5, 1
8, 14, 112, 1.75, 0.277, 0.643, 2.82, 31, 72, 11, 1
6, 2, 12, 0.333, 0.667, 1.0, 8.0, 8, 12, 1, 1
8, 21, 168, 2.625, 0.208, 0.762, 2.92, 35, 128, 12, 1
10, 8, 80, 0.8, 0.688, 1.0, 9.17, 55, 80, 6, 1
9, 36, 324, 4.0, 0.491, 0.84, 3.31, 159, 272, 48, 1
9, 36, 324, 4.0, 0.352, 0.806, 1.75, 114, 261, 65, 1
9, 80, 720, 8.889, 0.333, 0.914, 2.09, 240, 658, 115, 1
9, 33, 297, 3.667, 0.354, 0.781, 1.84, 105, 232, 57, 1
9, 63, 567, 7.0, 0.289, 0.778, 1.98, 164, 441, 83, 1
11, 74, 814, 6.727, 0.267, 0.628, 2.21, 217, 511, 98, 1
8, 83, 664, 10.375, 0.357, 0.979, 1.98, 237, 650, 120, 1
9, 46, 414, 5.111, 0.338, 0.872, 1.67, 140, 361, 84, 1
11, 43, 473, 3.909, 0.281, 0.774, 2.18, 133, 366, 61, 1
8, 76, 608, 9.5, 0.388, 0.903, 2.11, 236, 549, 112, 1
9, 36, 324, 4.0, 0.531, 0.938, 2.82, 172, 304, 61, 1
8, 8, 64, 1.0, 0.234, 0.672, 1.5, 15, 43, 10, 1
10, 100, 1000, 10.0, 0.41, 0.846, 2.81, 410, 846, 146, 1
8, 46, 368, 5.75, 0.356, 0.927, 2.11, 131, 341, 62, 1
38, 70, 2660, 1.842, 0.059, 0.062, 19.63, 157, 165, 8, 5
9, 76, 684, 8.444, 0.358, 0.795, 2.19, 245, 544, 112, 1
9, 93, 837, 10.333, 0.259, 0.895, 1.74, 217, 749, 125, 1
6, 43, 258, 7.167, 0.205, 0.69, 1.77, 53, 178, 30, 1
13, 487, 6331, 37.462, 0.247, 0.63, 2.1, 1564, 3988, 745, 1
13, 1, 13, 0.077, 1.0, 1.0, 13.0, 13, 13, 1, 4
11, 1, 11, 0.091, 1.0, 1.0, 11.0, 11, 11, 1, 4
6, 89, 534, 14.833, 0.303, 0.79, 1.82, 162, 422, 89, 1
15, 1, 15, 0.067, 1.0, 1.0, 15.0, 15, 15, 1, 4
8, 71, 568, 8.875, 0.407, 0.903, 2.06, 231, 513, 112, 1
11, 71, 781, 6.455, 0.37, 0.726, 2.41, 289, 567, 120, 1
9, 59, 531, 6.556, 0.492, 0.861, 3.22, 261, 457, 81, 1
14, 410, 5740, 29.286, 0.241, 0.592, 2.4, 1382, 3400, 576, 1
10, 86, 860, 8.6, 0.423, 0.914, 2.44, 364, 786, 149, 1
12, 66, 792, 5.5, 0.402, 0.78, 3.03, 318, 618, 105, 1
11, 79, 869, 7.182, 0.342, 0.841, 2.2, 297, 731, 135, 1
23, 87, 2001, 3.783, 0.286, 0.671, 2.36, 572, 1342, 242, 1
8, 62, 496, 7.75, 0.357, 0.968, 1.79, 177, 480, 99, 1
6, 43, 258, 7.167, 0.337, 0.969, 1.67, 87, 250, 52, 1
8, 44, 352, 5.5, 0.415, 0.949, 2.06, 146, 334, 71, 1
4, 114, 456, 28.5, 0.393, 0.978, 1.83, 179, 446, 98, 1
8, 17, 136, 2.125, 0.529, 0.853, 2.88, 72, 116, 25, 1
7, 27, 189, 3.857, 0.344, 1.0, 1.97, 65, 189, 33, 1
8, 70, 560, 8.75, 0.463, 0.986, 2.31, 259, 552, 112, 1
13, 147, 1911, 11.308, 0.358, 0.703, 3.6, 684, 1343, 190, 1
10, 124, 1240, 12.4, 0.473, 0.814, 3.43, 587, 1009, 171, 1
13, 409, 5317, 31.462, 0.277, 0.573, 2.65, 1475, 3049, 556, 1
31, 71, 2201, 2.29, 0.159, 0.296, 10.29, 350, 651, 34, 5
9, 77, 693, 8.556, 0.486, 0.97, 2.63, 337, 672, 128, 1
6, 101, 606, 16.833, 0.411, 0.876, 1.93, 249, 531, 129, 1
10, 35, 350, 3.5, 0.42, 0.826, 2.23, 147, 289, 66, 1
13, 58, 754, 4.462, 0.336, 0.599, 3.2, 253, 452, 79, 1
9, 35, 315, 3.889, 0.59, 0.86, 3.88, 186, 271, 48, 1
9, 13, 117, 1.444, 0.53, 0.88, 3.26, 62, 103, 19, 1
9, 108, 972, 12.0, 0.376, 0.815, 2.35, 365, 792, 155, 1
5, 116, 580, 23.2, 0.376, 0.784, 2.18, 218, 455, 100, 1
8, 70, 560, 8.75, 0.332, 0.896, 1.66, 186, 502, 112, 1
9, 76, 684, 8.444, 0.436, 0.955, 2.37, 298, 653, 126, 1
13, 386, 5018, 29.692, 0.286, 0.658, 2.19, 1437, 3301, 657, 1
9, 60, 540, 6.667, 0.413, 0.822, 2.75, 223, 444, 81, 1
8, 107, 856, 13.375, 0.384, 0.86, 2.12, 329, 736, 155, 1
7, 115, 805, 16.429, 0.273, 0.704, 1.72, 220, 567, 128, 1
7, 191, 1337, 27.286, 0.307, 0.748, 1.66, 411, 1000, 247, 1
6, 50, 300, 8.333, 0.327, 0.777, 2.0, 98, 233, 49, 1
12, 232, 2784, 19.333, 0.316, 0.703, 2.34, 879, 1957, 375, 1
8, 185, 1480, 23.125, 0.265, 0.611, 1.97, 392, 905, 199, 1
6, 89, 534, 14.833, 0.298, 0.758, 1.61, 159, 405, 99, 1
10, 83, 830, 8.3, 0.425, 0.86, 2.92, 353, 714, 121, 1
8, 132, 1056, 16.5, 0.36, 0.921, 2.1, 380, 973, 181, 1
11, 413, 4543, 37.545, 0.356, 0.806, 2.44, 1619, 3662, 664, 1
13, 348, 4524, 26.769, 0.308, 0.721, 2.57, 1395, 3262, 543, 1
10, 121, 1210, 12.1, 0.402, 0.849, 2.7, 486, 1027, 180, 1
12, 118, 1416, 9.833, 0.35, 0.778, 2.98, 495, 1102, 166, 1
33, 28, 924, 0.848, 0.098, 0.271, 5.69, 91, 250, 16, 5
17, 60, 1020, 3.529, 0.139, 0.371, 7.1, 142, 378, 20, 5
18, 48, 864, 2.667, 0.264, 0.524, 4.3, 228, 453, 53, 1
9, 68, 612, 7.556, 0.335, 0.789, 2.33, 205, 483, 88, 1
7, 55, 385, 7.857, 0.374, 0.821, 2.09, 144, 316, 69, 1
9, 271, 2439, 30.111, 0.284, 0.677, 1.93, 692, 1651, 358, 1
10, 271, 2710, 27.1, 0.251, 0.754, 1.88, 679, 2044, 362, 1
15, 14, 210, 0.933, 0.11, 0.338, 1.92, 23, 71, 12, 5
7, 24, 168, 3.429, 0.101, 0.298, 1.89, 17, 50, 9, 5
9, 272, 2448, 30.222, 0.277, 0.67, 1.86, 679, 1640, 365, 1
8, 69, 552, 8.625, 0.279, 0.687, 1.5, 154, 379, 103, 1
5, 9, 45, 1.8, 0.178, 0.533, 1.6, 8, 24, 5, 5
8, 21, 168, 2.625, 0.28, 0.923, 1.38, 47, 155, 34, 1
10, 60, 600, 6.0, 0.203, 0.595, 1.44, 122, 357, 85, 1
7, 6, 42, 0.857, 0.214, 0.286, 9.0, 9, 12, 1, 1
7, 47, 329, 6.714, 0.158, 0.289, 5.78, 52, 95, 9, 5
11, 271, 2981, 24.636, 0.198, 0.628, 1.52, 591, 1872, 388, 1
10, 272, 2720, 27.2, 0.211, 0.772, 1.43, 573, 2101, 401, 1
2, 49, 98, 24.5, 0.51, 0.51, 50.0, 50, 50, 1, 2
7, 11, 77, 1.571, 0.351, 0.87, 1.8, 27, 67, 15, 1
8, 271, 2168, 33.875, 0.217, 0.786, 1.29, 470, 1704, 364, 1
10, 234, 2340, 23.4, 0.188, 0.614, 1.38, 441, 1437, 319, 1
10, 271, 2710, 27.1, 0.187, 0.602, 1.35, 508, 1632, 375, 1
10, 271, 2710, 27.1, 0.193, 0.769, 1.28, 524, 2084, 409, 1
7, 48, 336, 6.857, 0.292, 0.804, 1.53, 98, 270, 64, 1
11, 243, 2673, 22.091, 0.117, 0.342, 1.41, 314, 914, 223, 1
7, 29, 203, 4.143, 0.281, 0.842, 1.46, 57, 171, 39, 1
11, 103, 1133, 9.364, 0.156, 0.576, 1.44, 177, 653, 123, 1
5, 18, 90, 3.6, 0.378, 0.956, 1.62, 34, 86, 21, 1
5, 7, 35, 1.4, 0.4, 0.657, 2.33, 14, 23, 6, 1
5, 12, 60, 2.4, 0.317, 0.75, 1.46, 19, 45, 13, 1
5, 21, 105, 4.2, 0.295, 0.733, 1.48, 31, 77, 21, 1
5, 13, 65, 2.6, 0.308, 0.831, 1.82, 20, 54, 11, 1
8, 12, 96, 1.5, 0.208, 0.771, 1.11, 20, 74, 18, 1
7, 32, 224, 4.571, 0.339, 0.786, 1.46, 76, 176, 52, 1
6, 28, 168, 4.667, 0.149, 0.375, 1.47, 25, 63, 17, 1
6, 12, 72, 2.0, 0.319, 0.653, 2.09, 23, 47, 11, 1
4, 12, 48, 3.0, 0.292, 1.0, 1.4, 14, 48, 10, 1
5, 13, 65, 2.6, 0.415, 0.938, 1.69, 27, 61, 16, 1
7, 125, 875, 17.857, 0.27, 0.858, 1.4, 236, 751, 168, 1
7, 8, 56, 1.143, 0.375, 0.964, 1.62, 21, 54, 13, 1
5, 17, 85, 3.4, 0.4, 0.965, 1.31, 34, 82, 26, 1
5, 3, 15, 0.6, 0.6, 1.0, 4.5, 9, 15, 2, 1
7, 33, 231, 4.714, 0.342, 0.74, 1.49, 79, 171, 53, 1
5, 16, 80, 3.2, 0.425, 1.0, 1.36, 34, 80, 25, 1
7, 29, 203, 4.143, 0.286, 0.67, 1.71, 58, 136, 34, 1
9, 46, 414, 5.111, 0.242, 0.737, 1.47, 100, 305, 68, 1
5, 3, 15, 0.6, 0.6, 0.867, 4.5, 9, 13, 2, 1
7, 14, 98, 2.0, 0.296, 0.898, 1.61, 29, 88, 18, 1
7, 19, 133, 2.714, 0.331, 0.767, 1.42, 44, 102, 31, 1
7, 4, 28, 0.571, 0.321, 1.0, 3.0, 9, 28, 3, 1
9, 46, 414, 5.111, 0.242, 0.575, 1.43, 100, 238, 70, 1
8, 38, 304, 4.75, 0.25, 0.73, 1.38, 76, 222, 55, 1
7, 27, 189, 3.857, 0.28, 0.947, 1.33, 53, 179, 40, 1
7, 19, 133, 2.714, 0.346, 1.0, 1.44, 46, 133, 32, 1
9, 5, 45, 0.556, 0.244, 0.867, 2.2, 11, 39, 5, 1
7, 87, 609, 12.429, 0.232, 0.589, 1.27, 141, 359, 111, 1
5, 14, 70, 2.8, 0.414, 0.943, 1.38, 29, 66, 21, 1
9, 37, 333, 4.111, 0.213, 0.706, 1.54, 71, 235, 46, 1
9, 214, 1926, 23.778, 0.23, 0.748, 1.44, 443, 1440, 307, 1
7, 36, 252, 5.143, 0.365, 0.96, 1.67, 92, 242, 55, 1
8, 5, 40, 0.625, 0.375, 0.95, 1.67, 15, 38, 9, 1
6, 33, 198, 5.5, 0.268, 0.848, 1.39, 53, 168, 38, 1
7, 13, 91, 1.857, 0.297, 0.857, 1.17, 27, 78, 23, 1
7, 14, 98, 2.0, 0.337, 0.786, 1.38, 33, 77, 24, 1
9, 48, 432, 5.333, 0.273, 0.685, 1.42, 118, 296, 83, 1
5, 11, 55, 2.2, 0.455, 1.0, 1.67, 25, 55, 15, 1
6, 7, 42, 1.167, 0.262, 0.786, 1.38, 11, 33, 8, 1
6, 10, 60, 1.667, 0.333, 0.75, 1.54, 20, 45, 13, 1
6, 25, 150, 4.167, 0.273, 0.787, 1.17, 41, 118, 35, 1
9, 49, 441, 5.444, 0.247, 0.721, 1.51, 109, 318, 72, 1
7, 38, 266, 5.429, 0.259, 0.688, 1.5, 69, 183, 46, 1
7, 8, 56, 1.143, 0.357, 0.804, 2.0, 20, 45, 10, 1
10, 262, 2620, 26.2, 0.19, 0.601, 1.32, 499, 1575, 377, 1
7, 9, 63, 1.286, 0.349, 0.746, 1.83, 22, 47, 12, 1
7, 16, 112, 2.286, 0.339, 1.0, 1.41, 38, 112, 27, 1
7, 38, 266, 5.429, 0.248, 0.955, 1.32, 66, 254, 50, 1
8, 21, 168, 2.625, 0.232, 0.643, 1.3, 39, 108, 30, 1
5, 13, 65, 2.6, 0.4, 1.0, 1.18, 26, 65, 22, 1
8, 93, 744, 11.625, 0.185, 0.538, 1.24, 138, 400, 111, 1
7, 13, 91, 1.857, 0.363, 1.0, 1.94, 33, 91, 17, 1
7, 20, 140, 2.857, 0.257, 0.879, 1.13, 36, 123, 32, 1
7, 13, 91, 1.857, 0.308, 0.934, 1.65, 28, 85, 17, 1
5, 28, 140, 5.6, 0.307, 0.814, 1.3, 43, 114, 33, 1
9, 54, 486, 6.0, 0.191, 0.741, 1.24, 93, 360, 75, 1
6, 21, 126, 3.5, 0.349, 1.0, 1.33, 44, 126, 33, 1
7, 14, 98, 2.0, 0.357, 0.969, 1.52, 35, 95, 23, 1
7, 48, 336, 6.857, 0.268, 0.652, 1.61, 90, 219, 56, 1
7, 8, 56, 1.143, 0.268, 0.679, 1.15, 15, 38, 13, 1
8, 10, 80, 1.25, 0.238, 0.925, 1.73, 19, 74, 11, 1
7, 13, 91, 1.857, 0.341, 0.846, 1.82, 31, 77, 17, 1
7, 39, 273, 5.571, 0.33, 0.853, 1.43, 90, 233, 63, 1
5, 18, 90, 3.6, 0.467, 0.867, 1.91, 42, 78, 22, 1
7, 11, 77, 1.571, 0.351, 0.727, 1.5, 27, 56, 18, 1
7, 21, 147, 3.0, 0.327, 0.912, 1.71, 48, 134, 28, 1
1, 14, 14, 14.0, 0.571, 1.0, 2.67, 8, 14, 3, 1
5, 13, 65, 2.6, 0.477, 0.938, 1.48, 31, 61, 21, 1
7, 9, 63, 1.286, 0.238, 0.619, 1.5, 15, 39, 10, 1
7, 33, 231, 4.714, 0.368, 0.896, 1.57, 85, 207, 54, 1
7, 8, 56, 1.143, 0.268, 0.768, 1.07, 15, 43, 14, 1
9, 24, 216, 2.667, 0.218, 0.588, 1.38, 47, 127, 34, 1
5, 11, 55, 2.2, 0.364, 1.0, 1.33, 20, 55, 15, 1
8, 15, 120, 1.875, 0.267, 0.908, 1.23, 32, 109, 26, 1
7, 21, 147, 3.0, 0.279, 0.748, 1.52, 41, 110, 27, 1
9, 19, 171, 2.111, 0.292, 0.684, 1.52, 50, 117, 33, 1
7, 22, 154, 3.143, 0.325, 0.805, 1.32, 50, 124, 38, 1
8, 27, 216, 3.375, 0.282, 0.87, 1.36, 61, 188, 45, 1
7, 8, 56, 1.143, 0.393, 1.0, 1.69, 22, 56, 13, 1
7, 21, 147, 3.0, 0.306, 0.741, 1.67, 45, 109, 27, 1
6, 30, 180, 5.0, 0.311, 0.8, 1.22, 56, 144, 46, 1
7, 34, 238, 4.857, 0.286, 0.756, 1.36, 68, 180, 50, 1
7, 6, 42, 0.857, 0.452, 0.976, 1.73, 19, 41, 11, 1
7, 14, 98, 2.0, 0.347, 1.0, 2.0, 34, 98, 17, 1
8, 7, 56, 0.875, 0.268, 0.786, 1.67, 15, 44, 9, 1
7, 14, 98, 2.0, 0.316, 0.847, 1.48, 31, 83, 21, 1
7, 19, 133, 2.714, 0.278, 0.662, 1.37, 37, 88, 27, 1
7, 11, 77, 1.571, 0.325, 0.831, 1.47, 25, 64, 17, 1
7, 22, 154, 3.143, 0.247, 0.883, 1.19, 38, 136, 32, 1
6, 11, 66, 1.833, 0.333, 0.97, 1.57, 22, 64, 14, 1
10, 37, 370, 3.7, 0.154, 0.457, 1.39, 57, 169, 41, 1
7, 9, 63, 1.286, 0.349, 0.746, 1.69, 22, 47, 13, 1
9, 22, 198, 2.444, 0.212, 0.763, 1.62, 42, 151, 26, 1
7, 47, 329, 6.714, 0.286, 0.717, 1.4, 94, 236, 67, 1
6, 11, 66, 1.833, 0.318, 0.712, 1.31, 21, 47, 16, 1
6, 12, 72, 2.0, 0.361, 0.903, 1.44, 26, 65, 18, 1
7, 11, 77, 1.571, 0.416, 0.974, 1.52, 32, 75, 21, 1
9, 52, 468, 5.778, 0.306, 0.718, 1.66, 143, 336, 86, 1
8, 48, 384, 6.0, 0.221, 0.557, 1.37, 85, 214, 62, 1
6, 40, 240, 6.667, 0.296, 0.729, 1.37, 71, 175, 52, 1
9, 103, 927, 11.444, 0.243, 0.663, 1.42, 225, 615, 159, 1
6, 12, 72, 2.0, 0.375, 0.944, 1.5, 27, 68, 18, 1
9, 18, 162, 2.0, 0.259, 0.71, 1.56, 42, 115, 27, 1
7, 10, 70, 1.429, 0.3, 0.771, 1.5, 21, 54, 14, 1
7, 35, 245, 5.0, 0.269, 0.939, 1.32, 66, 230, 50, 1
7, 26, 182, 3.714, 0.346, 0.725, 1.5, 63, 132, 42, 1
9, 48, 432, 5.333, 0.227, 0.657, 1.42, 98, 284, 69, 1
9, 20, 180, 2.222, 0.261, 0.617, 1.68, 47, 111, 28, 1
7, 13, 91, 1.857, 0.374, 0.901, 1.7, 34, 82, 20, 1
10, 262, 2620, 26.2, 0.185, 0.655, 1.31, 484, 1715, 369, 1
7, 33, 231, 4.714, 0.351, 0.957, 1.45, 81, 221, 56, 1
8, 6, 48, 0.75, 0.375, 1.0, 1.64, 18, 48, 11, 1
7, 38, 266, 5.429, 0.252, 0.628, 1.4, 67, 167, 48, 1
5, 23, 115, 4.6, 0.322, 1.0, 1.32, 37, 115, 28, 1
5, 5, 25, 1.0, 0.28, 0.72, 1.75, 7, 18, 4, 1
7, 10, 70, 1.429, 0.329, 0.814, 1.28, 23, 57, 18, 1
7, 18, 126, 2.571, 0.302, 0.984, 1.36, 38, 124, 28, 1
9, 14, 126, 1.556, 0.238, 0.897, 1.36, 30, 113, 22, 1
9, 16, 144, 1.778, 0.278, 0.917, 1.48, 40, 132, 27, 1
7, 14, 98, 2.0, 0.367, 0.786, 1.57, 36, 77, 23, 1
6, 58, 348, 9.667, 0.276, 0.744, 1.17, 96, 259, 82, 1
7, 47, 329, 6.714, 0.322, 0.833, 1.74, 106, 274, 61, 1
7, 40, 280, 5.714, 0.339, 0.936, 1.44, 95, 262, 66, 1
7, 11, 77, 1.571, 0.234, 0.675, 1.29, 18, 52, 14, 1
5, 33, 165, 6.6, 0.315, 0.909, 1.27, 52, 150, 41, 1
7, 8, 56, 1.143, 0.321, 0.786, 1.38, 18, 44, 13, 1
7, 4, 28, 0.571, 0.321, 0.679, 9.0, 9, 19, 1, 1
7, 31, 217, 4.429, 0.313, 0.71, 1.51, 68, 154, 45, 1
7, 23, 161, 3.286, 0.298, 0.876, 1.45, 48, 141, 33, 1
9, 53, 477, 5.889, 0.218, 0.591, 1.24, 104, 282, 84, 1
9, 44, 396, 4.889, 0.258, 0.604, 1.38, 102, 239, 74, 1
5, 43, 215, 8.6, 0.33, 0.819, 1.16, 71, 176, 61, 1
6, 10, 60, 1.667, 0.45, 0.85, 1.93, 27, 51, 14, 1
8, 15, 120, 1.875, 0.467, 0.783, 2.24, 56, 94, 25, 1
7, 12, 84, 1.714, 0.417, 0.738, 1.84, 35, 62, 19, 1
7, 8, 56, 1.143, 0.464, 0.768, 2.17, 26, 43, 12, 1
7, 9, 63, 1.286, 0.429, 0.683, 2.45, 27, 43, 11, 1
8, 10, 80, 1.25, 0.35, 1.0, 2.0, 28, 80, 14, 1
24, 18, 432, 0.75, 0.139, 0.377, 2.07, 60, 163, 29, 5
8, 43, 344, 5.375, 0.398, 0.945, 1.69, 137, 325, 81, 1
10, 29, 290, 2.9, 0.307, 0.855, 1.85, 89, 248, 48, 1
16, 4, 64, 0.25, 0.156, 0.531, 5.0, 10, 34, 2, 5
8, 1, 8, 0.125, 0.875, 1.0, 7.0, 7, 8, 1, 4
8, 43, 344, 5.375, 0.398, 0.939, 2.4, 137, 323, 57, 1
9, 37, 333, 4.111, 0.3, 0.694, 2.0, 100, 231, 50, 1
8, 9, 72, 1.125, 0.431, 0.903, 2.07, 31, 65, 15, 1
9, 59, 531, 6.556, 0.348, 0.829, 2.26, 185, 440, 82, 1
8, 12, 96, 1.5, 0.417, 0.938, 2.0, 40, 90, 20, 1
8, 9, 72, 1.125, 0.389, 0.736, 2.15, 28, 53, 13, 1
10, 29, 290, 2.9, 0.383, 0.834, 2.47, 111, 242, 45, 1
7, 16, 112, 2.286, 0.446, 0.946, 2.0, 50, 106, 25, 1
9, 39, 351, 4.333, 0.368, 0.729, 2.58, 129, 256, 50, 1
2, 46, 92, 23.0, 0.511, 0.554, 47.0, 47, 51, 1, 2
11, 46, 506, 4.182, 0.283, 0.84, 1.81, 143, 425, 79, 1
8, 9, 72, 1.125, 0.403, 0.722, 1.93, 29, 52, 15, 1
11, 32, 352, 2.909, 0.335, 0.994, 2.27, 118, 350, 52, 1
5, 7, 35, 1.4, 0.2, 0.314, 7.0, 7, 11, 1, 2
13, 5, 65, 0.385, 0.323, 0.554, 5.25, 21, 36, 4, 5
8, 24, 192, 3.0, 0.339, 0.917, 1.81, 65, 176, 36, 1
8, 35, 280, 4.375, 0.382, 1.0, 2.02, 107, 280, 53, 1
8, 9, 72, 1.125, 0.431, 0.958, 2.07, 31, 69, 15, 1
9, 15, 135, 1.667, 0.407, 0.844, 2.29, 55, 114, 24, 1
5, 4, 20, 0.8, 0.45, 0.65, 4.5, 9, 13, 2, 5
8, 4, 32, 0.5, 0.375, 1.0, 1.5, 12, 32, 8, 1
6, 5, 30, 0.833, 0.367, 1.0, 2.2, 11, 30, 5, 5
10, 32, 320, 3.2, 0.334, 0.797, 2.1, 107, 255, 51, 1
10, 33, 330, 3.3, 0.318, 0.758, 2.33, 105, 250, 45, 1
11, 12, 132, 1.091, 0.455, 0.977, 2.22, 60, 129, 27, 1
9, 43, 387, 4.778, 0.344, 0.982, 1.82, 133, 380, 73, 1
10, 41, 410, 4.1, 0.339, 0.832, 2.01, 139, 341, 69, 1
10, 30, 300, 3.0, 0.427, 0.78, 2.78, 128, 234, 46, 1
8, 12, 96, 1.5, 0.448, 0.885, 1.95, 43, 85, 22, 1
11, 84, 924, 7.636, 0.279, 0.679, 2.35, 258, 627, 110, 1
8, 53, 424, 6.625, 0.33, 0.906, 2.09, 140, 384, 67, 1
9, 1, 9, 0.111, 1.0, 1.0, 9.0, 9, 9, 1, 4
6, 8, 48, 1.333, 0.646, 0.917, 3.1, 31, 44, 10, 1
6, 47, 282, 7.833, 0.202, 0.202, 57.0, 57, 57, 1, 2
8, 21, 168, 2.625, 0.357, 0.911, 1.67, 60, 153, 36, 1
10, 11, 110, 1.1, 0.273, 0.927, 1.58, 30, 102, 19, 1
8, 34, 272, 4.25, 0.426, 0.985, 1.84, 116, 268, 63, 1
8, 10, 80, 1.25, 0.4, 0.825, 2.0, 32, 66, 16, 1
9, 36, 324, 4.0, 0.395, 0.673, 2.37, 128, 218, 54, 1
6, 31, 186, 5.167, 0.5, 1.0, 1.94, 93, 186, 48, 1
11, 272, 2992, 24.727, 0.279, 0.681, 1.97, 835, 2039, 423, 1
8, 23, 184, 2.875, 0.38, 0.989, 1.75, 70, 182, 40, 1
7, 12, 84, 1.714, 0.464, 1.0, 2.17, 39, 84, 18, 1
11, 98, 1078, 8.909, 0.276, 0.602, 2.15, 297, 649, 138, 1
8, 50, 400, 6.25, 0.428, 0.74, 2.31, 171, 296, 74, 1
10, 51, 510, 5.1, 0.308, 0.841, 1.89, 157, 429, 83, 1
8, 12, 96, 1.5, 0.51, 0.844, 2.58, 49, 81, 19, 1
8, 35, 280, 4.375, 0.418, 0.929, 2.39, 117, 260, 49, 1
11, 31, 341, 2.818, 0.323, 0.83, 2.08, 110, 283, 53, 1
10, 25, 250, 2.5, 0.408, 0.68, 2.43, 102, 170, 42, 1
8, 16, 128, 2.0, 0.453, 0.68, 2.9, 58, 87, 20, 1
9, 52, 468, 5.778, 0.359, 0.827, 2.4, 168, 387, 70, 1
8, 17, 136, 2.125, 0.463, 0.735, 2.86, 63, 100, 22, 1
8, 16, 128, 2.0, 0.398, 0.828, 2.68, 51, 106, 19, 1
8, 16, 128, 2.0, 0.516, 1.0, 2.54, 66, 128, 26, 1
7, 26, 182, 3.714, 0.445, 0.978, 2.25, 81, 178, 36, 1
5, 7, 35, 1.4, 0.657, 0.886, 3.83, 23, 31, 6, 1
8, 15, 120, 1.875, 0.433, 0.975, 2.0, 52, 117, 26, 1
10, 67, 670, 6.7, 0.321, 0.81, 2.29, 215, 543, 94, 1
8, 36, 288, 4.5, 0.427, 0.924, 1.98, 123, 266, 62, 1
8, 12, 96, 1.5, 0.469, 0.948, 2.14, 45, 91, 21, 1
8, 34, 272, 4.25, 0.419, 0.783, 2.0, 114, 213, 57, 1
11, 32, 352, 2.909, 0.332, 0.815, 1.86, 117, 287, 63, 1
11, 36, 396, 3.273, 0.283, 0.79, 2.07, 112, 313, 54, 1
10, 21, 210, 2.1, 0.3, 0.81, 1.91, 63, 170, 33, 1
6, 14, 84, 2.333, 0.571, 1.0, 2.29, 48, 84, 21, 1
11, 60, 660, 5.455, 0.32, 0.608, 2.01, 211, 401, 105, 1
11, 91, 1001, 8.273, 0.286, 0.597, 2.33, 286, 598, 123, 1
8, 14, 112, 1.75, 0.446, 0.973, 2.27, 50, 109, 22, 1
8, 12, 96, 1.5, 0.458, 0.927, 2.2, 44, 89, 20, 1
8, 26, 208, 3.25, 0.389, 1.0, 2.31, 81, 208, 35, 1
11, 52, 572, 4.727, 0.262, 0.858, 1.79, 150, 491, 84, 1
10, 26, 260, 2.6, 0.296, 0.942, 2.2, 77, 245, 35, 1
10, 18, 180, 1.8, 0.383, 1.0, 2.3, 69, 180, 30, 1
12, 271, 3252, 22.583, 0.232, 0.548, 1.93, 753, 1782, 390, 1
8, 12, 96, 1.5, 0.458, 0.938, 2.59, 44, 90, 17, 1
10, 61, 610, 6.1, 0.305, 0.952, 1.98, 186, 581, 94, 1
6, 36, 216, 6.0, 0.495, 0.995, 1.91, 107, 215, 56, 1
9, 24, 216, 2.667, 0.352, 0.722, 2.17, 76, 156, 35, 1
8, 22, 176, 2.75, 0.392, 0.915, 2.56, 69, 161, 27, 1
8, 7, 56, 0.875, 0.429, 1.0, 2.18, 24, 56, 11, 1
8, 26, 208, 3.25, 0.399, 0.976, 1.93, 83, 203, 43, 1
8, 7, 56, 0.875, 0.411, 1.0, 2.09, 23, 56, 11, 1
10, 37, 370, 3.7, 0.324, 0.692, 1.85, 120, 256, 65, 1
8, 22, 176, 2.75, 0.392, 0.778, 2.3, 69, 137, 30, 1
8, 15, 120, 1.875, 0.375, 0.85, 1.88, 45, 102, 24, 1
10, 23, 230, 2.3, 0.248, 0.678, 2.19, 57, 156, 26, 1
8, 12, 96, 1.5, 0.385, 0.688, 1.95, 37, 66, 19, 1
8, 17, 136, 2.125, 0.36, 0.831, 1.96, 49, 113, 25, 1
10, 40, 400, 4.0, 0.333, 0.783, 1.82, 133, 313, 73, 1
8, 9, 72, 1.125, 0.361, 0.722, 1.86, 26, 52, 14, 1
11, 146, 1606, 13.273, 0.238, 0.58, 1.83, 383, 932, 209, 1
8, 57, 456, 7.125, 0.309, 0.838, 1.81, 141, 382, 78, 1
11, 25, 275, 2.273, 0.298, 0.811, 2.05, 82, 223, 40, 1
10, 44, 440, 4.4, 0.318, 0.87, 1.75, 140, 383, 80, 1
10, 26, 260, 2.6, 0.273, 0.815, 1.87, 71, 212, 38, 1
10, 30, 300, 3.0, 0.3, 0.73, 2.14, 90, 219, 42, 1
7, 15, 105, 2.143, 0.4, 0.752, 1.83, 42, 79, 23, 1
7, 35, 245, 5.0, 0.339, 0.833, 1.93, 83, 204, 43, 1
7, 8, 56, 1.143, 0.429, 0.964, 1.85, 24, 54, 13, 1
9, 114, 1026, 12.667, 0.272, 0.741, 1.86, 279, 760, 150, 1
8, 29, 232, 3.625, 0.345, 0.681, 2.0, 80, 158, 40, 1
7, 14, 98, 2.0, 0.378, 0.969, 1.95, 37, 95, 19, 1
10, 61, 610, 6.1, 0.29, 0.657, 2.16, 177, 401, 82, 1
8, 16, 128, 2.0, 0.398, 0.695, 2.55, 51, 89, 20, 2
8, 25, 200, 3.125, 0.355, 0.78, 1.73, 71, 156, 41, 1
6, 12, 72, 2.0, 0.486, 0.944, 2.19, 35, 68, 16, 1
11, 154, 1694, 14.0, 0.187, 0.522, 1.94, 317, 884, 163, 1
7, 19, 133, 2.714, 0.398, 0.88, 1.83, 53, 117, 29, 1
10, 144, 1440, 14.4, 0.256, 0.625, 1.8, 368, 900, 205, 1
7, 12, 84, 1.714, 0.476, 0.81, 2.11, 40, 68, 19, 1
10, 7, 70, 0.7, 0.314, 0.857, 1.83, 22, 60, 12, 1
4, 3, 12, 0.75, 0.667, 0.917, 2.67, 8, 11, 3, 1
8, 9, 72, 1.125, 0.375, 0.681, 1.69, 27, 49, 16, 1
10, 30, 300, 3.0, 0.33, 0.843, 1.9, 99, 253, 52, 1
7, 10, 70, 1.429, 0.386, 0.914, 2.08, 27, 64, 13, 1
7, 20, 140, 2.857, 0.4, 1.0, 1.87, 56, 140, 30, 1
5, 13, 65, 2.6, 0.462, 0.677, 4.29, 30, 44, 7, 1
6, 49, 294, 8.167, 0.32, 0.527, 2.94, 94, 155, 32, 1
9, 41, 369, 4.556, 0.336, 0.694, 1.91, 124, 256, 65, 1
8, 24, 192, 3.0, 0.297, 0.865, 1.84, 57, 166, 31, 1
37, 20, 740, 0.541, 0.131, 0.193, 4.22, 97, 143, 23, 5
6, 14, 84, 2.333, 0.512, 1.0, 3.07, 43, 84, 14, 1
6, 8, 48, 1.333, 0.604, 0.896, 3.22, 29, 43, 9, 1
7, 35, 245, 5.0, 0.494, 1.0, 2.2, 121, 245, 55, 1
9, 33, 297, 3.667, 0.357, 0.63, 2.47, 106, 187, 43, 1
10, 39, 390, 3.9, 0.344, 0.59, 2.79, 134, 230, 48, 1
8, 36, 288, 4.5, 0.299, 0.531, 2.21, 86, 153, 39, 1
10, 9, 90, 0.9, 0.356, 0.933, 1.6, 32, 84, 20, 1
10, 14, 140, 1.4, 0.371, 0.886, 2.89, 52, 124, 18, 1
10, 7, 70, 0.7, 0.357, 0.757, 2.78, 25, 53, 9, 1
10, 51, 510, 5.1, 0.337, 0.773, 2.12, 172, 394, 81, 1
10, 16, 160, 1.6, 0.338, 0.888, 2.08, 54, 142, 26, 1
8, 59, 472, 7.375, 0.307, 0.775, 1.84, 145, 366, 79, 1
8, 5, 40, 0.625, 0.375, 0.95, 2.14, 15, 38, 7, 1
8, 33, 264, 4.125, 0.371, 0.795, 1.92, 98, 210, 51, 1
10, 66, 660, 6.6, 0.27, 0.638, 1.87, 178, 421, 95, 1
10, 30, 300, 3.0, 0.357, 0.87, 2.14, 107, 261, 50, 1
8, 23, 184, 2.875, 0.364, 0.967, 2.03, 67, 178, 33, 1
6, 14, 84, 2.333, 0.536, 1.0, 2.05, 45, 84, 22, 1
9, 14, 126, 1.556, 0.333, 0.897, 2.47, 42, 113, 17, 1
8, 60, 480, 7.5, 0.335, 0.915, 1.85, 161, 439, 87, 1
8, 14, 112, 1.75, 0.509, 0.768, 3.0, 57, 86, 19, 1
8, 20, 160, 2.5, 0.363, 0.931, 1.93, 58, 149, 30, 1
8, 14, 112, 1.75, 0.384, 0.795, 1.72, 43, 89, 25, 1
5, 14, 70, 2.8, 0.586, 0.943, 2.28, 41, 66, 18, 1
8, 37, 296, 4.625, 0.334, 0.831, 1.87, 99, 246, 53, 1
8, 9, 72, 1.125, 0.361, 0.792, 2.17, 26, 57, 12, 1
9, 89, 801, 9.889, 0.3, 0.559, 2.18, 240, 448, 110, 1
8, 12, 96, 1.5, 0.479, 1.0, 2.19, 46, 96, 21, 1
8, 16, 128, 2.0, 0.422, 0.992, 1.86, 54, 127, 29, 1
9, 32, 288, 3.556, 0.33, 0.889, 1.79, 95, 256, 53, 1
8, 12, 96, 1.5, 0.417, 0.927, 1.74, 40, 89, 23, 1
10, 99, 990, 9.9, 0.264, 0.774, 1.92, 261, 766, 136, 1
8, 35, 280, 4.375, 0.393, 0.918, 1.96, 110, 257, 56, 1
8, 16, 128, 2.0, 0.344, 0.898, 1.91, 44, 115, 23, 1
8, 24, 192, 3.0, 0.323, 0.688, 2.21, 62, 132, 28, 1
8, 80, 640, 10.0, 0.347, 0.933, 1.75, 222, 597, 127, 1
10, 251, 2510, 25.1, 0.281, 0.708, 1.77, 705, 1776, 398, 1
8, 35, 280, 4.375, 0.396, 0.986, 1.88, 111, 276, 59, 1
8, 17, 136, 2.125, 0.419, 0.956, 2.11, 57, 130, 27, 1
7, 14, 98, 2.0, 0.286, 1.0, 1.87, 28, 98, 15, 1
10, 52, 520, 5.2, 0.294, 0.675, 2.13, 153, 351, 72, 1
10, 31, 310, 3.1, 0.284, 0.835, 1.69, 88, 259, 52, 1
8, 13, 104, 1.625, 0.423, 0.923, 1.76, 44, 96, 25, 1
9, 9, 81, 1.0, 0.296, 0.901, 1.6, 24, 73, 15, 1
9, 64, 576, 7.111, 0.177, 0.479, 2.32, 102, 276, 44, 1
7, 18, 126, 2.571, 0.397, 0.984, 1.79, 50, 124, 28, 1
7, 4, 28, 0.571, 0.536, 1.0, 5.0, 15, 28, 3, 1
9, 18, 162, 2.0, 0.327, 0.765, 1.83, 53, 124, 29, 1
8, 32, 256, 4.0, 0.375, 0.98, 2.09, 96, 251, 46, 1
8, 26, 208, 3.25, 0.37, 0.822, 1.75, 77, 171, 44, 1
10, 34, 340, 3.4, 0.303, 0.8, 1.81, 103, 272, 57, 1
5, 16, 80, 3.2, 0.563, 0.925, 2.65, 45, 74, 17, 1
8, 6, 48, 0.75, 0.417, 0.917, 2.22, 20, 44, 9, 1
9, 56, 504, 6.222, 0.327, 0.688, 1.94, 165, 347, 85, 1
6, 7, 42, 1.167, 0.452, 0.833, 2.11, 19, 35, 9, 1
10, 40, 400, 4.0, 0.295, 0.683, 2.07, 118, 273, 57, 1
10, 212, 2120, 21.2, 0.24, 0.61, 1.85, 508, 1293, 274, 1
7, 45, 315, 6.429, 0.381, 0.771, 2.22, 120, 243, 54, 1
8, 7, 56, 0.875, 0.357, 0.964, 1.82, 20, 54, 11, 1
8, 31, 248, 3.875, 0.347, 0.734, 1.79, 86, 182, 48, 1
9, 39, 351, 4.333, 0.308, 0.709, 1.69, 108, 249, 64, 1
7, 9, 63, 1.286, 0.429, 0.667, 3.0, 27, 42, 9, 1
8, 29, 232, 3.625, 0.341, 0.78, 1.93, 79, 181, 41, 1
7, 6, 42, 0.857, 0.548, 0.952, 2.56, 23, 40, 9, 1
10, 100, 1000, 10.0, 0.267, 0.724, 1.82, 267, 724, 147, 1
7, 22, 154, 3.143, 0.396, 1.0, 1.85, 61, 154, 33, 1
8, 48, 384, 6.0, 0.354, 0.865, 1.89, 136, 332, 72, 1
7, 35, 245, 5.0, 0.404, 0.939, 1.9, 99, 230, 52, 1
7, 25, 175, 3.571, 0.349, 0.737, 2.26, 61, 129, 27, 1
7, 20, 140, 2.857, 0.336, 0.707, 2.24, 47, 99, 21, 1
7, 3, 21, 0.429, 0.571, 1.0, 4.0, 12, 21, 3, 1
8, 40, 320, 5.0, 0.347, 0.913, 1.63, 111, 292, 68, 1
10, 48, 480, 4.8, 0.3, 0.556, 2.15, 144, 267, 67, 1
8, 12, 96, 1.5, 0.427, 0.75, 2.05, 41, 72, 20, 1
7, 12, 84, 1.714, 0.452, 0.952, 2.0, 38, 80, 19, 1
22, 67, 1474, 3.045, 0.221, 0.919, 2.91, 326, 1354, 112, 1
7, 63, 441, 9.0, 0.317, 0.991, 1.71, 140, 437, 82, 1
28, 32, 896, 1.143, 0.459, 0.73, 5.96, 411, 654, 69, 1
7, 11, 77, 1.571, 0.234, 0.545, 2.57, 18, 42, 7, 1
10, 509, 5090, 50.9, 0.097, 0.388, 1.23, 492, 1974, 401, 1
3, 9, 27, 3.0, 0.296, 0.667, 2.0, 8, 18, 4, 1
1, 13, 13, 13.0, 0.769, 1.0, 5.0, 10, 13, 2, 1
1, 88, 88, 88.0, 0.193, 1.0, 1.0, 17, 88, 17, 1
9, 132, 1188, 14.667, 0.168, 0.693, 1.34, 199, 823, 149, 1
2, 535, 1070, 267.5, 0.564, 0.614, 40.2, 603, 657, 15, 2
9, 510, 4590, 56.667, 0.149, 0.541, 1.22, 686, 2484, 561, 1
9, 465, 4185, 51.667, 0.157, 0.644, 1.24, 658, 2694, 532, 1
8, 135, 1080, 16.875, 0.131, 0.671, 1.22, 142, 725, 116, 1
1, 89, 89, 89.0, 0.191, 1.0, 1.06, 17, 89, 16, 1
2, 536, 1072, 268.0, 0.498, 0.533, 41.08, 534, 571, 13, 2
9, 343, 3087, 38.111, 0.162, 0.677, 1.24, 499, 2091, 401, 1
4, 12, 48, 3.0, 0.25, 0.792, 3.0, 12, 38, 4, 1
9, 453, 4077, 50.333, 0.08, 0.363, 1.21, 326, 1478, 269, 1
7, 66, 462, 9.429, 0.171, 0.903, 1.49, 79, 417, 53, 1
4, 4, 16, 1.0, 0.5, 0.5, 8.0, 8, 8, 1, 1
5, 31, 155, 6.2, 0.355, 0.974, 1.49, 55, 151, 37, 1
8, 84, 672, 10.5, 0.229, 0.689, 1.4, 154, 463, 110, 1
7, 519, 3633, 74.143, 0.073, 0.394, 1.23, 265, 1431, 215, 1
8, 148, 1184, 18.5, 0.208, 0.725, 1.24, 246, 858, 198, 1
9, 306, 2754, 34.0, 0.192, 0.751, 1.4, 530, 2069, 378, 1
32, 106, 3392, 3.313, 0.198, 0.395, 4.56, 671, 1341, 147, 5
25, 491, 12275, 19.64, 0.454, 0.937, 7.21, 5572, 11502, 773, 1
9, 108, 972, 12.0, 0.222, 0.778, 1.73, 216, 756, 125, 1
8, 214, 1712, 26.75, 0.421, 0.807, 2.9, 720, 1382, 248, 1
9, 180, 1620, 20.0, 0.343, 0.738, 2.47, 555, 1196, 225, 1
9, 248, 2232, 27.556, 0.33, 0.727, 2.39, 737, 1622, 308, 1
9, 169, 1521, 18.778, 0.353, 0.742, 2.53, 537, 1129, 212, 1
10, 508, 5080, 50.8, 0.131, 0.51, 1.27, 667, 2593, 527, 1
9, 69, 621, 7.667, 0.209, 0.808, 1.38, 130, 502, 94, 1
29, 31, 899, 1.069, 0.463, 0.726, 6.93, 416, 653, 60, 3
9, 108, 972, 12.0, 0.329, 0.691, 2.27, 320, 672, 141, 1
10, 249, 2490, 24.9, 0.294, 0.636, 2.32, 731, 1584, 315, 1
9, 170, 1530, 18.889, 0.371, 0.766, 2.6, 567, 1172, 218, 1
6, 29, 174, 4.833, 0.42, 0.937, 1.92, 73, 163, 38, 1
9, 535, 4815, 59.444, 0.118, 0.482, 1.31, 566, 2323, 432, 1
2, 537, 1074, 268.5, 0.51, 0.534, 49.82, 548, 574, 11, 2
13, 228, 2964, 17.538, 0.264, 0.942, 3.29, 783, 2791, 238, 1
8, 62, 496, 7.75, 0.361, 0.877, 3.03, 179, 435, 59, 1
8, 96, 768, 12.0, 0.276, 0.883, 1.77, 212, 678, 120, 1
8, 62, 496, 7.75, 0.308, 0.948, 1.91, 153, 470, 80, 1
2, 415, 830, 207.5, 0.505, 0.578, 16.76, 419, 480, 25, 2
9, 535, 4815, 59.444, 0.184, 0.676, 1.49, 887, 3257, 596, 1
9, 510, 4590, 56.667, 0.148, 0.537, 1.33, 681, 2465, 513, 1
9, 299, 2691, 33.222, 0.133, 0.574, 1.31, 358, 1545, 274, 1
9, 505, 4545, 56.111, 0.189, 0.626, 1.32, 861, 2847, 654, 1
10, 336, 3360, 33.6, 0.163, 0.623, 1.32, 549, 2094, 415, 1
7, 155, 1085, 22.143, 0.178, 0.614, 1.46, 193, 666, 132, 1
13, 228, 2964, 17.538, 0.24, 0.933, 3.02, 710, 2765, 235, 1
13, 37, 481, 2.846, 0.306, 0.933, 3.59, 147, 449, 41, 1
7, 96, 672, 13.714, 0.274, 0.982, 1.6, 184, 660, 115, 1
8, 83, 664, 10.375, 0.393, 0.7, 2.42, 261, 465, 108, 1
9, 181, 1629, 20.111, 0.35, 0.773, 2.64, 570, 1260, 216, 1
9, 103, 927, 11.444, 0.357, 0.864, 2.47, 331, 801, 134, 1
9, 492, 4428, 54.667, 0.132, 0.541, 1.22, 583, 2397, 476, 1
9, 174, 1566, 19.333, 0.15, 0.738, 1.22, 235, 1156, 193, 1
7, 59, 413, 8.429, 0.15, 0.576, 1.38, 62, 238, 45, 1
1, 123, 123, 123.0, 0.163, 1.0, 1.05, 20, 123, 19, 1
1, 62, 62, 62.0, 0.984, 1.0, 61.0, 61, 62, 1, 2
7, 141, 987, 20.143, 0.163, 0.787, 1.16, 161, 777, 139, 1
1, 26, 26, 26.0, 1.0, 1.0, 26.0, 26, 26, 1, 2
1, 13, 13, 13.0, 1.0, 1.0, 13.0, 13, 13, 1, 2
1, 36, 36, 36.0, 0.306, 1.0, 1.83, 11, 36, 6, 2
1, 187, 187, 187.0, 0.963, 1.0, 25.71, 180, 187, 7, 2
31, 37, 1147, 1.194, 0.189, 0.555, 2.07, 217, 637, 105, 5
14, 57, 798, 4.071, 0.714, 0.94, 11.88, 570, 750, 48, 1
25, 187, 4675, 7.48, 0.486, 0.939, 7.42, 2272, 4390, 306, 1
9, 191, 1719, 21.222, 0.328, 0.747, 2.14, 564, 1284, 264, 1
9, 168, 1512, 18.667, 0.315, 0.697, 2.15, 476, 1054, 221, 1
2, 538, 1076, 269.0, 0.519, 0.684, 34.88, 558, 736, 16, 2
8, 511, 4088, 63.875, 0.084, 0.338, 1.31, 343, 1380, 261, 1
10, 137, 1370, 13.7, 0.191, 0.693, 1.4, 261, 949, 187, 1
10, 510, 5100, 51.0, 0.162, 0.537, 1.47, 827, 2741, 564, 1
9, 175, 1575, 19.444, 0.177, 0.624, 1.26, 279, 983, 222, 1
10, 511, 5110, 51.1, 0.158, 0.625, 1.35, 805, 3194, 596, 1
8, 14, 112, 1.75, 0.295, 0.857, 1.83, 33, 96, 18, 1
8, 195, 1560, 24.375, 0.175, 0.965, 1.24, 273, 1506, 221, 1
8, 114, 912, 14.25, 0.116, 0.408, 1.45, 106, 372, 73, 1
24, 281, 6744, 11.708, 0.468, 0.903, 7.95, 3155, 6088, 397, 1
25, 292, 7300, 11.68, 0.479, 0.954, 7.58, 3496, 6967, 461, 1
9, 106, 954, 11.778, 0.373, 0.649, 2.8, 356, 619, 127, 1
9, 102, 918, 11.333, 0.404, 0.893, 2.81, 371, 820, 132, 1
9, 185, 1665, 20.556, 0.417, 0.786, 3.13, 694, 1309, 222, 1
7, 173, 1211, 24.714, 0.207, 0.86, 1.34, 251, 1042, 187, 1
2, 21, 42, 10.5, 0.167, 0.643, 1.4, 7, 27, 5, 1
2, 537, 1074, 268.5, 0.538, 0.594, 32.11, 578, 638, 18, 2
9, 510, 4590, 56.667, 0.161, 0.595, 1.31, 740, 2732, 566, 1
9, 301, 2709, 33.444, 0.178, 0.694, 1.3, 482, 1881, 371, 1
7, 92, 644, 13.143, 0.143, 0.713, 1.46, 92, 459, 63, 1
1, 45, 45, 45.0, 0.2, 1.0, 1.13, 9, 45, 8, 1
8, 102, 816, 12.75, 0.212, 0.884, 1.25, 173, 721, 138, 1
9, 535, 4815, 59.444, 0.156, 0.688, 1.35, 752, 3312, 555, 1
9, 363, 3267, 40.333, 0.128, 0.532, 1.28, 417, 1738, 326, 1
25, 178, 4450, 7.12, 0.475, 0.873, 7.95, 2115, 3885, 266, 1
9, 107, 963, 11.889, 0.371, 0.65, 2.59, 357, 626, 138, 1
9, 103, 927, 11.444, 0.399, 0.831, 2.98, 370, 770, 124, 1
8, 62, 496, 7.75, 0.214, 0.645, 1.43, 106, 320, 74, 1
6, 14, 84, 2.333, 0.393, 0.905, 1.57, 33, 76, 21, 1
9, 511, 4599, 56.778, 0.225, 0.798, 1.38, 1035, 3670, 751, 1
7, 14, 98, 2.0, 0.347, 0.949, 1.79, 34, 93, 19, 1
9, 259, 2331, 28.778, 0.189, 0.697, 1.31, 441, 1624, 336, 1
6, 14, 84, 2.333, 0.321, 0.881, 1.8, 27, 74, 15, 1
10, 511, 5110, 51.1, 0.141, 0.529, 1.3, 721, 2701, 555, 1
9, 163, 1467, 18.111, 0.148, 0.667, 1.28, 217, 978, 170, 1
6, 81, 486, 13.5, 0.282, 0.852, 1.26, 137, 414, 109, 1
7, 14, 98, 2.0, 0.245, 0.867, 1.85, 24, 85, 13, 1
9, 61, 549, 6.778, 0.213, 0.683, 1.6, 117, 375, 73, 1
9, 268, 2412, 29.778, 0.198, 0.637, 1.36, 478, 1536, 351, 1
6, 13, 78, 2.167, 0.179, 0.923, 2.0, 14, 72, 7, 1
9, 457, 4113, 50.778, 0.173, 0.63, 1.28, 712, 2590, 555, 1
9, 331, 2979, 36.778, 0.195, 0.78, 1.29, 582, 2323, 452, 1
7, 171, 1197, 24.429, 0.16, 0.605, 1.25, 192, 724, 154, 1
8, 535, 4280, 66.875, 0.171, 0.697, 1.27, 731, 2984, 575, 1
9, 332, 2988, 36.889, 0.159, 0.712, 1.21, 476, 2128, 393, 1
1, 104, 104, 104.0, 0.192, 1.0, 1.05, 20, 104, 19, 1
1, 74, 74, 74.0, 0.189, 1.0, 1.08, 14, 74, 13, 1
7, 40, 280, 5.714, 0.232, 0.707, 1.38, 65, 198, 47, 1
7, 375, 2625, 53.571, 0.092, 0.428, 1.21, 241, 1124, 200, 1
83, 149, 12367, 1.795, 0.388, 0.472, 28.77, 4804, 5838, 167, 3
54, 1, 54, 0.019, 1.0, 1.0, 54.0, 54, 54, 1, 4
9, 38, 342, 4.222, 0.313, 0.62, 2.18, 107, 212, 49, 1
95, 93, 8835, 0.979, 0.675, 0.902, 3.63, 5966, 7968, 1644, 3
11, 118, 1298, 10.727, 0.408, 0.616, 6.63, 530, 800, 80, 1
9, 36, 324, 4.0, 0.654, 0.92, 6.42, 212, 298, 33, 1
54, 1, 54, 0.019, 1.0, 1.0, 54.0, 54, 54, 1, 4
12, 71, 852, 5.917, 0.481, 0.757, 5.86, 410, 645, 70, 1
3, 4, 12, 1.333, 0.75, 0.75, 9.0, 9, 9, 1, 1
13, 53, 689, 4.077, 0.509, 0.624, 5.75, 351, 430, 61, 1
12, 45, 540, 3.75, 0.467, 0.694, 6.63, 252, 375, 38, 1
11, 275, 3025, 25.0, 0.287, 0.637, 2.83, 868, 1928, 307, 1
11, 179, 1969, 16.273, 0.33, 0.733, 2.88, 650, 1444, 226, 1
12, 320, 3840, 26.667, 0.231, 0.514, 2.06, 888, 1975, 431, 1
1, 78, 78, 78.0, 0.949, 1.0, 24.67, 74, 78, 3, 2
7, 70, 490, 10.0, 0.535, 0.971, 3.23, 262, 476, 81, 1
10, 155, 1550, 15.5, 0.326, 0.642, 2.8, 506, 995, 181, 1
12, 71, 852, 5.917, 0.631, 0.904, 6.64, 538, 770, 81, 1
1, 36, 36, 36.0, 0.583, 1.0, 5.25, 21, 36, 4, 2
24, 99, 2376, 4.125, 0.912, 0.96, 20.07, 2168, 2282, 108, 1
10, 20, 200, 2.0, 0.61, 0.845, 8.13, 122, 169, 15, 1
24, 133, 3192, 5.542, 0.907, 0.966, 18.67, 2894, 3085, 155, 1
10, 20, 200, 2.0, 0.54, 0.78, 9.0, 108, 156, 12, 1
187, 137, 25619, 0.733, 0.899, 0.991, 29.29, 23025, 25400, 786, 3
1, 117, 117, 117.0, 0.974, 1.0, 38.0, 114, 117, 3, 2
11, 183, 2013, 16.636, 0.481, 0.747, 4.66, 969, 1503, 208, 1
10, 10, 100, 1.0, 0.46, 0.46, 46.0, 46, 46, 1, 1
7, 156, 1092, 22.286, 0.473, 0.991, 2.37, 517, 1082, 218, 1
14, 397, 5558, 28.357, 0.342, 0.536, 4.53, 1902, 2979, 420, 1
7, 64, 448, 9.143, 0.498, 0.911, 2.93, 223, 408, 76, 1
9, 18, 162, 2.0, 0.63, 0.944, 7.29, 102, 153, 14, 1
1, 34, 34, 34.0, 0.353, 1.0, 1.71, 12, 34, 7, 2
10, 19, 190, 1.9, 0.568, 0.774, 9.82, 108, 147, 11, 1
11, 292, 3212, 26.545, 0.341, 0.761, 2.95, 1096, 2445, 371, 1
14, 253, 3542, 18.071, 0.372, 0.826, 4.36, 1317, 2924, 302, 1
1, 9, 9, 9.0, 0.889, 1.0, 8.0, 8, 9, 1, 2
54, 357, 19278, 6.611, 0.324, 0.644, 6.22, 6238, 12422, 1003, 5
28, 171, 4788, 6.107, 0.258, 0.912, 1.99, 1235, 4369, 621, 1
9, 83, 747, 9.222, 0.391, 0.795, 3.21, 292, 594, 91, 1
12, 72, 864, 6.0, 0.63, 0.885, 6.11, 544, 765, 89, 1
13, 400, 5200, 30.769, 0.364, 0.609, 4.52, 1891, 3168, 418, 1
9, 8, 72, 0.889, 0.722, 0.792, 13.0, 52, 57, 4, 1
13, 130, 1690, 10.0, 0.392, 0.697, 4.77, 663, 1178, 139, 1
18, 1, 18, 0.056, 1.0, 1.0, 18.0, 18, 18, 1, 4
13, 349, 4537, 26.846, 0.38, 0.668, 4.36, 1724, 3029, 395, 1
8, 162, 1296, 20.25, 0.435, 0.936, 3.0, 564, 1213, 188, 1
17, 245, 4165, 14.412, 0.913, 0.997, 12.97, 3801, 4152, 293, 1
9, 17, 153, 1.889, 0.627, 0.922, 6.4, 96, 141, 15, 1
9, 17, 153, 1.889, 0.601, 0.889, 8.36, 92, 136, 11, 1
1, 159, 159, 159.0, 0.975, 1.0, 77.5, 155, 159, 2, 2
9, 82, 738, 9.111, 0.352, 0.798, 2.63, 260, 589, 99, 1
10, 154, 1540, 15.4, 0.315, 0.639, 2.53, 485, 984, 192, 1
12, 71, 852, 5.917, 0.628, 0.872, 6.77, 535, 743, 79, 1
9, 161, 1449, 17.889, 0.432, 0.93, 2.87, 626, 1347, 218, 1
14, 390, 5460, 27.857, 0.358, 0.59, 4.44, 1956, 3224, 441, 1
10, 327, 3270, 32.7, 0.379, 0.767, 2.75, 1239, 2508, 450, 1
23, 371, 8533, 16.13, 0.941, 1.0, 16.83, 8027, 8533, 477, 1
11, 184, 2024, 16.727, 0.484, 0.884, 4.6, 979, 1789, 213, 1
10, 19, 190, 1.9, 0.621, 0.858, 8.43, 118, 163, 14, 1
10, 19, 190, 1.9, 0.611, 0.9, 8.29, 116, 171, 14, 1
11, 152, 1672, 13.818, 0.365, 0.764, 2.88, 610, 1278, 212, 1
12, 383, 4596, 31.917, 0.307, 0.603, 2.91, 1409, 2771, 485, 1
9, 1, 9, 0.111, 1.0, 1.0, 9.0, 9, 9, 1, 4
10, 155, 1550, 15.5, 0.35, 0.678, 2.78, 542, 1051, 195, 1
11, 118, 1298, 10.727, 0.459, 0.742, 4.81, 596, 963, 124, 1
10, 20, 200, 2.0, 0.485, 0.68, 8.82, 97, 136, 11, 1
14, 395, 5530, 28.214, 0.359, 0.658, 4.7, 1988, 3636, 423, 1
9, 19, 171, 2.111, 0.655, 0.871, 8.62, 112, 149, 13, 1
13, 267, 3471, 20.538, 0.401, 0.662, 4.87, 1392, 2299, 286, 1
8, 193, 1544, 24.125, 0.4, 0.829, 2.51, 617, 1280, 246, 1
10, 19, 190, 1.9, 0.6, 0.895, 8.14, 114, 170, 14, 1
9, 20, 180, 2.222, 0.55, 0.783, 8.25, 99, 141, 12, 1
13, 191, 2483, 14.692, 0.406, 0.617, 4.71, 1007, 1532, 214, 1
9, 19, 171, 2.111, 0.55, 0.86, 7.23, 94, 147, 13, 1
12, 72, 864, 6.0, 0.635, 0.94, 5.97, 549, 812, 92, 1
9, 124, 1116, 13.778, 0.348, 0.722, 2.57, 388, 806, 151, 1
11, 184, 2024, 16.727, 0.46, 0.796, 4.41, 931, 1611, 211, 1
7, 57, 399, 8.143, 0.414, 0.797, 2.7, 165, 318, 61, 1
9, 83, 747, 9.222, 0.333, 0.742, 2.93, 249, 554, 85, 1
1, 63, 63, 63.0, 0.587, 1.0, 2.31, 37, 63, 16, 2
11, 20, 220, 1.818, 0.564, 0.909, 8.27, 124, 200, 15, 1
16, 427, 6832, 26.688, 0.4, 0.632, 5.56, 2736, 4316, 492, 1
12, 23, 276, 1.917, 0.576, 0.826, 7.57, 159, 228, 21, 1
26, 184, 4784, 7.077, 0.773, 0.886, 16.88, 3696, 4241, 219, 1
15, 121, 1815, 8.067, 0.428, 0.761, 5.35, 776, 1381, 145, 1
16, 367, 5872, 22.938, 0.385, 0.575, 5.29, 2258, 3377, 427, 1
16, 181, 2896, 11.313, 0.4, 0.759, 5.1, 1157, 2198, 227, 1
47, 1, 47, 0.021, 1.0, 1.0, 47.0, 47, 47, 1, 4
83, 326, 27058, 3.928, 0.286, 0.671, 7.55, 7741, 18149, 1025, 5
1, 28, 28, 28.0, 0.464, 1.0, 2.17, 13, 28, 6, 2
31, 322, 9982, 10.387, 0.689, 0.753, 16.87, 6881, 7519, 408, 1
12, 20, 240, 1.667, 0.546, 0.838, 8.19, 131, 201, 16, 1
11, 195, 2145, 17.727, 0.358, 0.781, 3.0, 768, 1676, 256, 1
10, 59, 590, 5.9, 0.403, 0.792, 2.98, 238, 467, 80, 1
163, 161, 26243, 0.988, 0.523, 0.897, 8.4, 13725, 23547, 1634, 3
15, 356, 5340, 23.733, 0.406, 0.626, 5.29, 2167, 3342, 410, 1
17, 96, 1632, 5.647, 0.366, 0.675, 5.15, 597, 1101, 116, 1
9, 87, 783, 9.667, 0.444, 0.962, 2.37, 348, 753, 147, 1
16, 389, 6224, 24.313, 0.364, 0.569, 5.35, 2268, 3544, 424, 1
16, 393, 6288, 24.563, 0.341, 0.653, 5.13, 2145, 4103, 418, 1
16, 337, 5392, 21.063, 0.369, 0.608, 5.15, 1992, 3276, 387, 1
9, 155, 1395, 17.222, 0.346, 0.731, 2.44, 483, 1020, 198, 1
12, 20, 240, 1.667, 0.525, 0.854, 9.0, 126, 205, 14, 1
11, 87, 957, 7.909, 0.319, 0.628, 2.65, 305, 601, 115, 1
12, 284, 3408, 23.667, 0.325, 0.725, 2.87, 1109, 2471, 386, 1
16, 183, 2928, 11.438, 0.413, 0.787, 4.81, 1208, 2305, 251, 1
24, 334, 8016, 13.917, 0.894, 0.966, 14.3, 7164, 7740, 501, 1
82, 314, 25748, 3.829, 0.296, 0.502, 10.84, 7618, 12923, 703, 1
9, 155, 1395, 17.222, 0.376, 0.722, 2.53, 524, 1007, 207, 1
1, 14, 14, 14.0, 0.5, 1.0, 2.33, 7, 14, 3, 2
5, 2, 10, 0.4, 0.9, 0.9, 9.0, 9, 9, 1, 4
12, 216, 2592, 18.0, 0.507, 0.764, 5.3, 1315, 1981, 248, 1
11, 22, 242, 2.0, 0.624, 0.88, 9.44, 151, 213, 16, 1
8, 94, 752, 11.75, 0.485, 0.922, 3.07, 365, 693, 119, 1
8, 64, 512, 8.0, 0.541, 0.947, 3.85, 277, 485, 72, 1
9, 268, 2412, 29.778, 0.465, 0.694, 6.3, 1122, 1675, 178, 1
9, 150, 1350, 16.667, 0.284, 0.756, 1.76, 384, 1020, 218, 1
7, 13, 91, 1.857, 0.78, 0.989, 7.89, 71, 90, 9, 1
9, 278, 2502, 30.889, 0.258, 0.798, 1.62, 645, 1997, 398, 1
8, 170, 1360, 21.25, 0.277, 0.89, 1.6, 377, 1210, 236, 1
10, 268, 2680, 26.8, 0.395, 0.59, 5.88, 1058, 1581, 180, 1
3, 104, 312, 34.667, 0.606, 0.683, 9.95, 189, 213, 19, 1
11, 30, 330, 2.727, 0.467, 0.824, 4.16, 154, 272, 37, 1
7, 243, 1701, 34.714, 0.219, 0.528, 1.62, 372, 898, 230, 1
7, 219, 1533, 31.286, 0.195, 0.617, 1.44, 299, 946, 207, 1
17, 171, 2907, 10.059, 0.208, 0.422, 2.42, 606, 1226, 250, 1
9, 166, 1494, 18.444, 0.274, 0.606, 1.88, 409, 905, 217, 1
6, 48, 288, 8.0, 0.316, 0.965, 1.57, 91, 278, 58, 1
8, 95, 760, 11.875, 0.187, 0.645, 1.34, 142, 490, 106, 1
6, 46, 276, 7.667, 0.322, 0.877, 1.48, 89, 242, 60, 1
8, 113, 904, 14.125, 0.21, 0.759, 1.41, 190, 686, 135, 1
5, 34, 170, 6.8, 0.141, 0.594, 1.26, 24, 101, 19, 1
5, 58, 290, 11.6, 0.2, 0.745, 1.41, 58, 216, 41, 1
17, 22, 374, 1.294, 0.321, 0.406, 8.57, 120, 152, 14, 1
8, 117, 936, 14.625, 0.173, 0.642, 1.3, 162, 601, 125, 1
6, 104, 624, 17.333, 0.234, 0.862, 1.32, 146, 538, 111, 1
17, 22, 374, 1.294, 0.409, 0.757, 4.5, 153, 283, 34, 1
8, 231, 1848, 28.875, 0.21, 0.543, 1.65, 389, 1003, 236, 1
7, 97, 679, 13.857, 0.196, 0.461, 1.68, 133, 313, 79, 1
7, 213, 1491, 30.429, 0.235, 0.746, 1.5, 351, 1112, 234, 1
77, 245, 18865, 3.182, 0.445, 0.523, 32.67, 8396, 9871, 257, 1
74, 183, 13542, 2.473, 0.544, 0.612, 127.0, 7366, 8289, 58, 1
9, 184, 1656, 20.444, 0.214, 0.798, 1.46, 354, 1322, 242, 1
9, 44, 396, 4.889, 0.341, 0.677, 2.55, 135, 268, 53, 1
16, 24, 384, 1.5, 0.393, 0.935, 4.72, 151, 359, 32, 1
5, 94, 470, 18.8, 0.234, 0.845, 1.39, 110, 397, 79, 1
5, 94, 470, 18.8, 0.183, 0.798, 1.62, 86, 375, 53, 1
1, 18, 18, 18.0, 0.389, 1.0, 3.5, 7, 18, 2, 1
10, 323, 3230, 32.3, 0.198, 0.676, 1.38, 641, 2183, 465, 1
6, 96, 576, 16.0, 0.259, 0.74, 1.69, 149, 426, 88, 1
9, 285, 2565, 31.667, 0.338, 0.765, 2.42, 866, 1961, 358, 1
6, 96, 576, 16.0, 0.267, 0.939, 1.51, 154, 541, 102, 1
9, 305, 2745, 33.889, 0.191, 0.73, 1.4, 525, 2003, 375, 1
9, 331, 2979, 36.778, 0.222, 0.69, 1.57, 661, 2056, 421, 1
6, 95, 570, 15.833, 0.226, 0.933, 1.45, 129, 532, 89, 1
6, 96, 576, 16.0, 0.234, 0.668, 2.01, 135, 385, 67, 1
6, 94, 564, 15.667, 0.287, 0.713, 2.45, 162, 402, 66, 1
6, 97, 582, 16.167, 0.299, 0.701, 1.85, 174, 408, 94, 1
5, 96, 480, 19.2, 0.323, 0.838, 1.78, 155, 402, 87, 1
6, 96, 576, 16.0, 0.217, 0.797, 1.45, 125, 459, 86, 1
6, 96, 576, 16.0, 0.274, 0.901, 1.58, 158, 519, 100, 1
16, 92, 1472, 5.75, 0.245, 0.522, 3.61, 361, 769, 100, 1
65, 50, 3250, 0.769, 0.454, 0.487, 245.83, 1475, 1582, 6, 3
4, 108, 432, 27.0, 0.778, 0.826, 56.0, 336, 357, 6, 2
11, 32, 352, 2.909, 0.264, 0.5, 3.1, 93, 176, 30, 1
1, 20, 20, 20.0, 0.75, 1.0, 3.0, 15, 20, 5, 2
430, 5, 2150, 0.012, 0.216, 0.221, 46.5, 465, 475, 10, 4
10, 1, 10, 0.1, 0.9, 1.0, 9.0, 9, 10, 1, 4
7, 125, 875, 17.857, 0.29, 0.735, 1.59, 254, 643, 160, 1
7, 164, 1148, 23.429, 0.281, 0.838, 1.6, 323, 962, 202, 1
7, 8, 56, 1.143, 0.393, 0.75, 2.0, 22, 42, 11, 1
7, 31, 217, 4.429, 0.415, 0.783, 2.31, 90, 170, 39, 1
7, 17, 119, 2.429, 0.16, 0.739, 1.73, 19, 88, 11, 1
5, 128, 640, 25.6, 0.759, 0.764, 162.0, 486, 489, 3, 2
3, 8, 24, 2.667, 0.333, 0.875, 1.33, 8, 21, 6, 1
9, 44, 396, 4.889, 0.412, 0.795, 2.47, 163, 315, 66, 1
7, 59, 413, 8.429, 0.242, 0.685, 1.79, 100, 283, 56, 1
7, 2, 14, 0.286, 0.643, 0.714, 9.0, 9, 10, 1, 4
7, 158, 1106, 22.571, 0.211, 0.552, 1.6, 233, 610, 146, 1
7, 118, 826, 16.857, 0.386, 0.869, 2.26, 319, 718, 141, 1
7, 6, 42, 0.857, 0.286, 0.857, 1.71, 12, 36, 7, 1
7, 70, 490, 10.0, 0.265, 0.976, 1.4, 130, 478, 93, 1
7, 34, 238, 4.857, 0.223, 0.916, 1.33, 53, 218, 40, 1
7, 34, 238, 4.857, 0.252, 1.0, 1.43, 60, 238, 42, 1
7, 65, 455, 9.286, 0.407, 0.895, 2.18, 185, 407, 85, 1
6, 7, 42, 1.167, 0.452, 1.0, 2.38, 19, 42, 8, 1
9, 261, 2349, 29.0, 0.183, 0.718, 1.42, 430, 1686, 302, 1
8, 80, 640, 10.0, 0.197, 0.769, 1.48, 126, 492, 85, 1
8, 180, 1440, 22.5, 0.213, 0.794, 1.39, 306, 1143, 220, 1
7, 65, 455, 9.286, 0.404, 0.925, 2.07, 184, 421, 89, 1
9, 222, 1998, 24.667, 0.202, 0.711, 1.52, 403, 1421, 266, 1
8, 32, 256, 4.0, 0.23, 0.613, 1.4, 59, 157, 42, 1
6, 85, 510, 14.167, 0.239, 0.725, 1.42, 122, 370, 86, 1
6, 59, 354, 9.833, 0.237, 0.881, 1.38, 84, 312, 61, 1
7, 40, 280, 5.714, 0.229, 0.682, 1.25, 64, 191, 51, 1
6, 12, 72, 2.0, 0.319, 1.0, 1.53, 23, 72, 15, 1
7, 15, 105, 2.143, 0.2, 0.571, 1.5, 21, 60, 14, 1
8, 37, 296, 4.625, 0.264, 0.676, 1.86, 78, 200, 42, 1
7, 17, 119, 2.429, 0.319, 0.933, 1.41, 38, 111, 27, 1
7, 15, 105, 2.143, 0.181, 0.61, 2.71, 19, 64, 7, 1
6, 8, 48, 1.333, 0.417, 1.0, 2.86, 20, 48, 7, 1
17, 110, 1870, 6.471, 0.175, 0.603, 1.46, 328, 1128, 224, 1
9, 132, 1188, 14.667, 0.189, 0.588, 1.54, 225, 698, 146, 1
11, 552, 6072, 50.182, 0.816, 0.816, 4955.0, 4955, 4955, 1, 2
23, 20, 460, 0.87, 0.507, 0.672, 21.18, 233, 309, 11, 1
19, 12, 228, 0.632, 0.303, 0.439, 7.67, 69, 100, 9, 1
16, 112, 1792, 7.0, 0.305, 0.879, 2.72, 546, 1576, 201, 1
1, 283, 283, 283.0, 0.993, 1.0, 140.5, 281, 283, 2, 2
1, 184, 184, 184.0, 0.967, 1.0, 44.5, 178, 184, 4, 2
1, 16, 16, 16.0, 0.938, 1.0, 15.0, 15, 16, 1, 2
9, 17, 153, 1.889, 0.333, 0.895, 2.13, 51, 137, 24, 1
3, 550, 1650, 183.33, 0.329, 0.375, 27.15, 543, 619, 20, 2
1, 69, 69, 69.0, 0.667, 1.0, 4.18, 46, 69, 11, 2
13, 337, 4381, 25.923, 0.185, 0.751, 1.58, 811, 3291, 514, 1
9, 18, 162, 2.0, 0.309, 0.901, 2.63, 50, 146, 19, 1
12, 274, 3288, 22.833, 0.208, 0.817, 1.65, 685, 2687, 416, 1
2, 19, 38, 9.5, 0.184, 0.553, 3.5, 7, 21, 2, 1
1, 8, 8, 8.0, 1.0, 1.0, 8.0, 8, 8, 1, 2
13, 44, 572, 3.385, 0.171, 0.712, 1.61, 98, 407, 61, 1
8, 109, 872, 13.625, 0.271, 0.864, 1.83, 236, 753, 129, 1
8, 59, 472, 7.375, 0.186, 0.672, 1.49, 88, 317, 59, 1
8, 302, 2416, 37.75, 0.211, 0.73, 1.43, 510, 1763, 356, 1
1, 22, 22, 22.0, 0.591, 1.0, 2.6, 13, 22, 5, 1
11, 48, 528, 4.364, 0.237, 0.39, 7.35, 125, 206, 17, 5
9, 231, 2079, 25.667, 0.196, 0.637, 1.49, 407, 1324, 274, 1
6, 135, 810, 22.5, 0.21, 0.736, 1.37, 170, 596, 124, 1
7, 346, 2422, 49.429, 0.173, 0.716, 1.23, 418, 1733, 341, 1
6, 326, 1956, 54.333, 0.213, 0.716, 1.29, 416, 1400, 323, 1
6, 19, 114, 3.167, 0.184, 0.781, 1.24, 21, 89, 17, 1
8, 342, 2736, 42.75, 0.163, 0.622, 1.4, 445, 1702, 317, 1
5, 63, 315, 12.6, 0.21, 0.914, 1.47, 66, 288, 45, 1
5, 89, 445, 17.8, 0.169, 0.717, 1.14, 75, 319, 66, 1
5, 12, 60, 2.4, 0.2, 0.583, 2.0, 12, 35, 6, 1
20, 18, 360, 0.9, 0.489, 0.583, 19.56, 176, 210, 9, 1
6, 4, 24, 0.667, 0.417, 0.5, 5.0, 10, 12, 2, 1
8, 155, 1240, 19.375, 0.366, 0.964, 1.64, 454, 1195, 276, 1
7, 9, 63, 1.286, 0.444, 0.825, 3.11, 28, 52, 9, 1
12, 39, 468, 3.25, 0.282, 0.487, 4.0, 132, 228, 33, 1
11, 303, 3333, 27.545, 0.183, 0.268, 4.97, 611, 892, 123, 1
10, 121, 1210, 12.1, 0.268, 0.664, 2.47, 324, 804, 131, 1
8, 1, 8, 0.125, 1.0, 1.0, 8.0, 8, 8, 1, 4
10, 21, 210, 2.1, 0.457, 0.933, 2.91, 96, 196, 33, 1
38, 52, 1976, 1.368, 0.452, 0.911, 3.49, 894, 1801, 256, 1
38, 127, 4826, 3.342, 0.464, 0.87, 3.41, 2238, 4199, 657, 1
8, 231, 1848, 28.875, 0.872, 0.882, 179.0, 1611, 1630, 9, 2
14, 141, 1974, 10.071, 0.278, 0.67, 2.29, 549, 1323, 240, 1
10, 170, 1700, 17.0, 0.261, 0.709, 1.66, 444, 1206, 268, 1
10, 87, 870, 8.7, 0.375, 0.764, 2.23, 326, 665, 146, 1
8, 26, 208, 3.25, 0.293, 0.596, 2.03, 61, 124, 30, 1
1, 70, 70, 70.0, 0.943, 1.0, 22.0, 66, 70, 3, 2
1, 9, 9, 9.0, 1.0, 1.0, 9.0, 9, 9, 1, 2
14, 125, 1750, 8.929, 0.289, 0.734, 2.21, 505, 1285, 228, 1
1, 131, 131, 131.0, 0.977, 1.0, 64.0, 128, 131, 2, 2
11, 12, 132, 1.091, 0.5, 0.818, 4.13, 66, 108, 16, 1
6, 95, 570, 15.833, 0.3, 0.911, 1.64, 171, 519, 104, 1
9, 34, 306, 3.778, 0.32, 0.886, 1.56, 98, 271, 63, 1
9, 12, 108, 1.333, 0.454, 1.0, 1.69, 49, 108, 29, 1
10, 131, 1310, 13.1, 0.415, 0.857, 2.74, 543, 1123, 198, 1
8, 20, 160, 2.5, 0.5, 1.0, 2.76, 80, 160, 29, 1
8, 41, 328, 5.125, 0.363, 0.942, 1.63, 119, 309, 73, 1
12, 8, 96, 0.667, 0.198, 1.0, 2.11, 19, 96, 9, 1
10, 79, 790, 7.9, 0.385, 0.88, 2.13, 304, 695, 143, 1
9, 47, 423, 5.222, 0.333, 0.757, 2.39, 141, 320, 59, 1
10, 87, 870, 8.7, 0.344, 0.901, 2.27, 299, 784, 132, 1
9, 7, 63, 0.778, 0.302, 0.603, 1.9, 19, 38, 10, 1
10, 85, 850, 8.5, 0.324, 0.675, 2.25, 275, 574, 122, 1
1, 117, 117, 117.0, 0.393, 1.0, 5.75, 46, 117, 8, 2
9, 22, 198, 2.444, 0.318, 0.909, 2.42, 63, 180, 26, 1
9, 82, 738, 9.111, 0.32, 0.947, 2.13, 236, 699, 111, 1
1, 17, 17, 17.0, 0.882, 1.0, 7.5, 15, 17, 2, 2
9, 27, 243, 3.0, 0.346, 0.951, 1.95, 84, 231, 43, 1
9, 49, 441, 5.444, 0.587, 0.961, 3.12, 259, 424, 83, 1
8, 76, 608, 9.5, 0.475, 0.87, 2.73, 289, 529, 106, 1
6, 28, 168, 4.667, 0.405, 0.804, 1.84, 68, 135, 37, 1
8, 74, 592, 9.25, 0.456, 0.887, 2.48, 270, 525, 109, 1
6, 39, 234, 6.5, 0.303, 0.739, 1.58, 71, 173, 45, 1
10, 249, 2490, 24.9, 0.462, 0.842, 3.53, 1151, 2097, 326, 1
10, 174, 1740, 17.4, 0.278, 0.733, 2.02, 483, 1276, 239, 1
9, 71, 639, 7.889, 0.294, 0.762, 2.16, 188, 487, 87, 1
6, 101, 606, 16.833, 0.393, 0.752, 1.98, 238, 456, 120, 1
16, 44, 704, 2.75, 0.376, 0.744, 2.39, 265, 524, 111, 1
4, 65, 260, 16.25, 0.296, 0.631, 2.66, 77, 164, 29, 1
16, 30, 480, 1.875, 0.133, 0.471, 2.29, 64, 226, 28, 5
8, 25, 200, 3.125, 0.28, 0.825, 1.6, 56, 165, 35, 1
8, 88, 704, 11.0, 0.195, 0.756, 1.49, 137, 532, 92, 1
8, 21, 168, 2.625, 0.262, 0.696, 1.52, 44, 117, 29, 1
7, 4, 28, 0.571, 0.357, 0.571, 5.0, 10, 16, 2, 1
1, 33, 33, 33.0, 0.667, 1.0, 3.67, 22, 33, 6, 2
1, 106, 106, 106.0, 0.858, 1.0, 15.17, 91, 106, 6, 2
6, 41, 246, 6.833, 0.232, 0.927, 1.3, 57, 228, 44, 1
9, 21, 189, 2.333, 0.175, 0.513, 1.65, 33, 97, 20, 1
8, 16, 128, 2.0, 0.242, 0.602, 1.94, 31, 77, 16, 1
7, 182, 1274, 26.0, 0.203, 0.62, 1.27, 259, 790, 204, 1
8, 30, 240, 3.75, 0.233, 0.833, 1.24, 56, 200, 45, 1
7, 17, 119, 2.429, 0.395, 0.782, 1.81, 47, 93, 26, 1
8, 27, 216, 3.375, 0.208, 0.852, 1.45, 45, 184, 31, 1
7, 31, 217, 4.429, 0.276, 0.788, 1.25, 60, 171, 48, 1
9, 55, 495, 6.111, 0.259, 0.699, 1.47, 128, 346, 87, 1
6, 4, 24, 0.667, 0.458, 1.0, 2.2, 11, 24, 5, 1
7, 17, 119, 2.429, 0.353, 0.79, 1.56, 42, 94, 27, 1
10, 9, 90, 0.9, 0.222, 1.0, 1.25, 20, 90, 16, 1
7, 44, 308, 6.286, 0.218, 0.734, 1.26, 67, 226, 53, 1
7, 32, 224, 4.571, 0.268, 0.83, 1.28, 60, 186, 47, 1
7, 7, 49, 1.0, 0.327, 1.0, 1.33, 16, 49, 12, 1
10, 33, 330, 3.3, 0.182, 0.564, 1.4, 60, 186, 43, 1
7, 19, 133, 2.714, 0.338, 0.827, 1.67, 45, 110, 27, 1
7, 44, 308, 6.286, 0.169, 0.455, 1.58, 52, 140, 33, 1
9, 25, 225, 2.778, 0.249, 0.911, 1.51, 56, 205, 37, 1
8, 12, 96, 1.5, 0.406, 0.885, 2.17, 39, 85, 18, 1
6, 8, 48, 1.333, 0.542, 0.938, 2.0, 26, 45, 13, 1
8, 25, 200, 3.125, 0.385, 0.615, 2.75, 77, 123, 28, 1
8, 36, 288, 4.5, 0.458, 0.958, 2.06, 132, 276, 64, 1
17, 9, 153, 0.529, 0.209, 0.497, 1.88, 32, 76, 17, 5
8, 19, 152, 2.375, 0.368, 0.704, 2.33, 56, 107, 24, 1
10, 9, 90, 0.9, 0.344, 0.889, 2.82, 31, 80, 11, 1
8, 28, 224, 3.5, 0.411, 0.996, 1.92, 92, 223, 48, 1
10, 271, 2710, 27.1, 0.239, 0.615, 1.94, 647, 1668, 333, 1
8, 21, 168, 2.625, 0.435, 1.0, 1.97, 73, 168, 37, 1
8, 12, 96, 1.5, 0.427, 0.927, 2.05, 41, 89, 20, 1
8, 25, 200, 3.125, 0.515, 0.815, 2.64, 103, 163, 39, 1
10, 54, 540, 5.4, 0.319, 0.824, 1.83, 172, 445, 94, 1
8, 39, 312, 4.875, 0.282, 0.747, 2.0, 88, 233, 44, 1
12, 261, 3132, 21.75, 0.207, 0.564, 1.81, 649, 1768, 358, 1
10, 19, 190, 1.9, 0.3, 0.905, 1.68, 57, 172, 34, 1
10, 150, 1500, 15.0, 0.252, 0.585, 2.07, 378, 878, 183, 1
10, 23, 230, 2.3, 0.27, 0.648, 2.0, 62, 149, 31, 1
9, 42, 378, 4.667, 0.312, 0.889, 1.97, 118, 336, 60, 1
8, 40, 320, 5.0, 0.35, 0.906, 1.81, 112, 290, 62, 1
6, 26, 156, 4.333, 0.519, 0.955, 2.25, 81, 149, 36, 1
10, 20, 200, 2.0, 0.32, 0.61, 2.13, 64, 122, 30, 1
5, 14, 70, 2.8, 0.557, 0.871, 2.79, 39, 61, 14, 1
6, 12, 72, 2.0, 0.375, 0.958, 1.93, 27, 69, 14, 1
8, 18, 144, 2.25, 0.438, 0.979, 2.74, 63, 141, 23, 1
8, 15, 120, 1.875, 0.425, 0.925, 1.96, 51, 111, 26, 1
8, 24, 192, 3.0, 0.385, 0.969, 1.8, 74, 186, 41, 1
10, 45, 450, 4.5, 0.296, 0.584, 2.05, 133, 263, 65, 1
86, 67, 5762, 0.779, 0.164, 0.935, 2.37, 947, 5386, 399, 5
10, 184, 1840, 18.4, 0.325, 0.626, 2.58, 598, 1152, 232, 1
8, 109, 872, 13.625, 0.109, 0.508, 1.25, 95, 443, 76, 1
9, 107, 963, 11.889, 0.357, 0.693, 2.44, 344, 667, 141, 1
8, 69, 552, 8.625, 0.234, 0.683, 1.54, 129, 377, 84, 1
13, 138, 1794, 10.615, 0.232, 0.697, 3.86, 417, 1251, 108, 1
9, 488, 4392, 54.222, 0.074, 0.343, 1.28, 326, 1508, 254, 1
6, 13, 78, 2.167, 0.295, 1.0, 1.53, 23, 78, 15, 1
24, 280, 6720, 11.667, 0.452, 0.899, 7.62, 3040, 6042, 399, 1
3, 500, 1500, 166.67, 0.373, 0.421, 19.28, 559, 632, 29, 2
6, 31, 186, 5.167, 0.301, 0.844, 1.65, 56, 157, 34, 1
9, 310, 2790, 34.444, 0.17, 0.792, 1.27, 475, 2211, 375, 1
2, 536, 1072, 268.0, 0.586, 0.686, 21.66, 628, 735, 29, 2
1, 10, 10, 10.0, 0.8, 1.0, 4.0, 8, 10, 2, 2
10, 48, 480, 4.8, 0.579, 0.706, 6.04, 278, 339, 46, 1
24, 125, 3000, 5.208, 0.915, 0.959, 21.29, 2746, 2877, 129, 1
25, 169, 4225, 6.76, 0.215, 0.947, 1.57, 907, 4000, 579, 2
10, 17, 170, 1.7, 0.506, 0.771, 7.82, 86, 131, 11, 1
1, 28, 28, 28.0, 0.536, 1.0, 3.0, 15, 28, 5, 2
13, 433, 5629, 33.308, 0.375, 0.605, 4.82, 2109, 3404, 438, 1
11, 165, 1815, 15.0, 0.354, 0.706, 3.38, 643, 1282, 190, 1
9, 140, 1260, 15.556, 0.38, 0.756, 2.71, 479, 953, 177, 1
11, 24, 264, 2.182, 0.53, 0.727, 10.0, 140, 192, 14, 1
7, 80, 560, 11.429, 0.5, 0.848, 3.54, 280, 475, 79, 1
3, 4, 12, 1.333, 0.917, 0.917, 11.0, 11, 11, 1, 1
11, 161, 1771, 14.636, 0.333, 0.65, 2.71, 589, 1152, 217, 1
12, 22, 264, 1.833, 0.542, 0.784, 8.94, 143, 207, 16, 1
8, 104, 832, 13.0, 0.575, 0.87, 3.71, 478, 724, 129, 1
18, 22, 396, 1.222, 0.366, 0.513, 14.5, 145, 203, 10, 1
17, 11, 187, 0.647, 0.326, 0.433, 10.17, 61, 81, 6, 1
8, 208, 1664, 26.0, 0.194, 0.491, 1.65, 323, 817, 196, 1
8, 242, 1936, 30.25, 0.232, 0.611, 1.72, 450, 1183, 262, 1
7, 67, 469, 9.571, 0.258, 0.548, 1.7, 121, 257, 71, 1
5, 96, 480, 19.2, 0.404, 0.817, 2.77, 194, 392, 70, 1
7, 31, 217, 4.429, 0.382, 0.811, 1.84, 83, 176, 45, 1
5, 20, 100, 4.0, 0.17, 0.48, 1.55, 17, 48, 11, 1
8, 39, 312, 4.875, 0.205, 0.712, 1.36, 64, 222, 47, 1
7, 57, 399, 8.143, 0.321, 0.952, 1.47, 128, 380, 87, 1
9, 128, 1152, 14.222, 0.219, 0.745, 1.44, 252, 858, 175, 1
7, 346, 2422, 49.429, 0.159, 0.749, 1.17, 386, 1813, 329, 1
6, 13, 78, 2.167, 0.538, 0.923, 2.63, 42, 72, 16, 1
