@relation page-blocks
@attribute Height integer [1, 804]
@attribute Lenght integer [1, 553]
@attribute Area integer [7, 143993]
@attribute Eccen real [0.0070, 537.0]
@attribute P_black real [0.052, 1.0]
@attribute P_and real [0.062, 1.0]
@attribute Mean_tr real [1.0, 4955.0]
@attribute Blackpix integer [1, 33017]
@attribute Blackand integer [7, 46133]
@attribute Wb_trans integer [1, 3212]
@attribute Class {1, 2, 3, 4, 5}
@inputs Height, Lenght, Area, Eccen, P_black, P_and, Mean_tr, Blackpix, Blackand, Wb_trans
@outputs Class
@data
6, 3, 18, 500.0, 0.5, 0.944, 2.25, 9, 17, 4, 1
6, 4, 24, 0.667, 0.417, 0.708, 2.5, 10, 17, 4, 1
5, 3, 15, 0.6, 0.533, 0.733, 8.0, 8, 11, 1, 1
5, 5, 25, 1.0, 0.4, 0.56, 5.0, 10, 14, 2, 1
13, 25, 325, 1.923, 0.234, 0.286, 10.86, 76, 93, 7, 1
13, 25, 325, 1.923, 0.351, 0.68, 6.0, 114, 221, 19, 1
9, 80, 720, 8.889, 0.333, 0.878, 2.02, 240, 632, 119, 1
9, 83, 747, 9.222, 0.284, 0.849, 1.91, 212, 634, 111, 1
12, 56, 672, 4.667, 0.256, 0.827, 2.02, 172, 556, 85, 1
10, 83, 830, 8.3, 0.266, 0.827, 2.1, 221, 686, 105, 1
3, 116, 348, 38.667, 0.385, 0.494, 33.5, 134, 172, 4, 2
11, 65, 715, 5.909, 0.39, 0.877, 2.61, 279, 627, 107, 1
8, 8, 64, 1.0, 0.234, 0.328, 5.0, 15, 21, 3, 1
11, 119, 1309, 10.818, 0.236, 0.747, 1.75, 309, 978, 177, 1
2, 69, 138, 34.5, 0.623, 0.906, 10.75, 86, 125, 8, 2
1, 10, 10, 10.0, 0.9, 1.0, 9.0, 9, 10, 1, 2
14, 185, 2590, 13.214, 0.254, 0.651, 2.27, 657, 1687, 289, 1
2, 17, 34, 8.5, 0.588, 0.971, 6.67, 20, 33, 3, 2
7, 15, 105, 2.143, 0.324, 0.762, 3.09, 34, 80, 11, 1
7, 46, 322, 6.571, 0.155, 0.587, 4.17, 50, 189, 12, 1
11, 9, 99, 0.818, 0.485, 0.727, 6.0, 48, 72, 8, 1
11, 8, 88, 0.727, 0.443, 0.466, 39.0, 39, 41, 1, 1
11, 8, 88, 0.727, 0.511, 0.852, 9.0, 45, 75, 5, 1
10, 49, 490, 4.9, 0.52, 0.961, 2.97, 255, 471, 86, 1
9, 95, 855, 10.556, 0.285, 0.723, 2.1, 244, 618, 116, 1
11, 84, 924, 7.636, 0.262, 0.82, 1.69, 242, 758, 143, 1
8, 84, 672, 10.5, 0.269, 0.966, 1.79, 181, 649, 101, 1
7, 14, 98, 2.0, 0.184, 0.612, 18.0, 18, 60, 1, 1
8, 46, 368, 5.75, 0.391, 0.951, 1.85, 144, 350, 78, 1
12, 62, 744, 5.167, 0.234, 0.66, 1.58, 174, 491, 110, 1
9, 64, 576, 7.111, 0.465, 0.899, 2.58, 268, 518, 104, 1
12, 117, 1404, 9.75, 0.22, 0.673, 1.68, 309, 945, 184, 1
8, 40, 320, 5.0, 0.403, 0.991, 2.53, 129, 317, 51, 1
1, 75, 75, 75.0, 0.813, 1.0, 5.55, 61, 75, 11, 2
11, 8, 88, 0.727, 0.375, 0.602, 4.13, 33, 53, 8, 1
2, 157, 314, 78.5, 0.506, 0.551, 26.5, 159, 173, 6, 2
1, 52, 52, 52.0, 0.788, 1.0, 10.25, 41, 52, 4, 2
8, 79, 632, 9.875, 0.375, 0.956, 2.12, 237, 604, 112, 1
9, 81, 729, 9.0, 0.388, 0.897, 2.38, 283, 654, 119, 1
10, 11, 110, 1.1, 0.382, 1.0, 1.5, 42, 110, 28, 1
9, 12, 108, 1.333, 0.407, 0.88, 1.69, 44, 95, 26, 1
10, 81, 810, 8.1, 0.279, 0.81, 2.11, 226, 656, 107, 1
9, 82, 738, 9.111, 0.329, 0.871, 2.11, 243, 643, 115, 1
10, 100, 1000, 10.0, 0.449, 0.874, 2.82, 449, 874, 159, 1
9, 32, 288, 3.556, 0.365, 0.781, 2.23, 105, 225, 47, 1
8, 46, 368, 5.75, 0.348, 0.918, 1.97, 128, 338, 65, 1
10, 131, 1310, 13.1, 0.456, 0.851, 3.0, 597, 1115, 199, 1
8, 45, 360, 5.625, 0.156, 0.725, 1.87, 56, 261, 30, 1
48, 402, 19296, 8.375, 0.055, 0.094, 4.13, 1058, 1814, 256, 5
9, 97, 873, 10.778, 0.466, 0.973, 2.42, 407, 849, 168, 1
9, 21, 189, 2.333, 0.354, 0.878, 2.68, 67, 166, 25, 1
9, 120, 1080, 13.333, 0.331, 0.859, 1.98, 358, 928, 181, 1
3, 213, 639, 71.0, 0.318, 0.379, 11.94, 203, 242, 17, 2
45, 79, 3555, 1.756, 0.087, 0.195, 4.81, 308, 693, 64, 5
3, 7, 21, 2.333, 0.619, 0.619, 13.0, 13, 13, 1, 1
11, 49, 539, 4.455, 0.343, 0.666, 4.3, 185, 359, 43, 1
1, 49, 49, 49.0, 0.286, 1.0, 7.0, 14, 49, 2, 1
10, 24, 240, 2.4, 0.267, 0.821, 2.06, 64, 197, 31, 1
9, 81, 729, 9.0, 0.348, 0.927, 2.21, 254, 676, 115, 1
11, 13, 143, 1.182, 0.42, 0.979, 2.22, 60, 140, 27, 1
10, 64, 640, 6.4, 0.514, 0.966, 2.84, 329, 618, 116, 1
25, 118, 2950, 4.72, 0.268, 0.745, 2.02, 791, 2198, 392, 1
10, 126, 1260, 12.6, 0.456, 0.883, 2.85, 575, 1113, 202, 1
9, 47, 423, 5.222, 0.31, 0.78, 2.34, 131, 330, 56, 1
2, 64, 128, 32.0, 0.531, 0.586, 17.0, 68, 75, 4, 2
7, 47, 329, 6.714, 0.271, 0.878, 2.23, 89, 289, 40, 1
8, 59, 472, 7.375, 0.322, 0.881, 2.41, 152, 416, 63, 1
8, 16, 128, 2.0, 0.477, 0.906, 2.44, 61, 116, 25, 1
7, 16, 112, 2.286, 0.42, 0.768, 2.14, 47, 86, 22, 1
12, 8, 96, 0.667, 0.448, 0.656, 4.3, 43, 63, 10, 1
11, 98, 1078, 8.909, 0.317, 0.643, 2.8, 342, 693, 122, 1
34, 114, 3876, 3.353, 0.105, 0.301, 2.59, 406, 1166, 157, 1
12, 146, 1752, 12.167, 0.091, 0.128, 26.67, 160, 225, 6, 5
17, 2, 34, 0.118, 0.706, 0.706, 24.0, 24, 24, 1, 4
8, 21, 168, 2.625, 0.31, 0.744, 1.68, 52, 125, 31, 1
9, 45, 405, 5.0, 0.425, 0.938, 2.77, 172, 380, 62, 1
1, 17, 17, 17.0, 0.412, 1.0, 1.75, 7, 17, 4, 2
6, 17, 102, 2.833, 0.314, 0.686, 2.29, 32, 70, 14, 1
7, 17, 119, 2.429, 0.387, 0.857, 2.71, 46, 102, 17, 1
8, 45, 360, 5.625, 0.206, 0.789, 1.8, 74, 284, 41, 1
11, 123, 1353, 11.182, 0.25, 0.514, 1.95, 338, 695, 173, 1
11, 9, 99, 0.818, 0.465, 0.768, 3.83, 46, 76, 12, 1
9, 36, 324, 4.0, 0.556, 0.923, 3.21, 180, 299, 56, 1
9, 23, 207, 2.556, 0.3, 1.0, 1.51, 62, 207, 41, 1
9, 79, 711, 8.778, 0.343, 0.899, 2.2, 244, 639, 111, 1
9, 34, 306, 3.778, 0.412, 0.902, 1.91, 126, 276, 66, 1
9, 82, 738, 9.111, 0.428, 0.936, 2.38, 316, 691, 133, 1
12, 98, 1176, 8.167, 0.267, 0.627, 2.33, 314, 737, 135, 1
12, 102, 1224, 8.5, 0.292, 0.764, 2.09, 357, 935, 171, 1
9, 82, 738, 9.111, 0.374, 0.866, 2.3, 276, 639, 120, 1
9, 82, 738, 9.111, 0.37, 0.924, 2.39, 273, 682, 114, 1
10, 65, 650, 6.5, 0.475, 0.971, 2.76, 309, 631, 112, 1
11, 125, 1375, 11.364, 0.432, 0.804, 3.03, 594, 1105, 196, 1
9, 42, 378, 4.667, 0.429, 0.976, 2.75, 162, 369, 59, 1
1, 18, 18, 18.0, 0.944, 1.0, 17.0, 17, 18, 1, 2
11, 8, 88, 0.727, 0.727, 0.989, 10.67, 64, 87, 6, 1
9, 20, 180, 2.222, 0.461, 1.0, 2.59, 83, 180, 32, 1
21, 106, 2226, 5.048, 0.136, 0.396, 1.99, 302, 881, 152, 1
9, 12, 108, 1.333, 0.407, 1.0, 1.57, 44, 108, 28, 1
9, 104, 936, 11.556, 0.282, 0.904, 1.93, 264, 846, 137, 1
12, 102, 1224, 8.5, 0.257, 0.804, 1.77, 315, 984, 178, 1
9, 81, 729, 9.0, 0.287, 0.826, 2.22, 209, 602, 94, 1
8, 75, 600, 9.375, 0.373, 0.955, 1.95, 224, 573, 115, 1
9, 99, 891, 11.0, 0.461, 0.906, 2.65, 411, 807, 155, 1
8, 14, 112, 1.75, 0.268, 0.554, 3.0, 30, 62, 10, 1
8, 47, 376, 5.875, 0.324, 0.896, 2.18, 122, 337, 56, 1
9, 130, 1170, 14.444, 0.448, 0.877, 2.63, 524, 1026, 199, 1
13, 33, 429, 2.538, 0.245, 0.534, 3.89, 105, 229, 27, 1
11, 9, 99, 0.818, 0.404, 0.717, 4.44, 40, 71, 9, 1
11, 8, 88, 0.727, 0.545, 1.0, 3.2, 48, 88, 15, 1
9, 97, 873, 10.778, 0.455, 0.939, 2.28, 397, 820, 174, 1
9, 91, 819, 10.111, 0.302, 0.956, 1.98, 247, 783, 125, 1
9, 92, 828, 10.222, 0.35, 0.917, 2.07, 290, 759, 140, 1
9, 81, 729, 9.0, 0.337, 0.918, 1.97, 246, 669, 125, 1
11, 43, 473, 3.909, 0.336, 0.753, 2.74, 159, 356, 58, 1
76, 1, 76, 0.013, 1.0, 1.0, 76.0, 76, 76, 1, 4
10, 64, 640, 6.4, 0.477, 0.914, 2.8, 305, 585, 109, 1
8, 36, 288, 4.5, 0.615, 0.938, 3.22, 177, 270, 55, 1
10, 122, 1220, 12.2, 0.294, 0.689, 2.1, 359, 840, 171, 1
9, 85, 765, 9.444, 0.308, 0.744, 1.95, 236, 569, 121, 1
6, 35, 210, 5.833, 0.533, 0.943, 2.67, 112, 198, 42, 1
69, 3, 207, 0.043, 0.643, 0.952, 2.08, 133, 197, 64, 4
9, 130, 1170, 14.444, 0.513, 0.925, 2.86, 600, 1082, 210, 1
1, 14, 14, 14.0, 0.929, 1.0, 13.0, 13, 14, 1, 2
1, 36, 36, 36.0, 0.583, 1.0, 4.2, 21, 36, 5, 2
4, 17, 68, 4.25, 0.309, 0.559, 3.5, 21, 38, 6, 1
5, 16, 80, 3.2, 0.313, 0.813, 2.08, 25, 65, 12, 1
3, 183, 549, 61.0, 0.488, 0.577, 29.78, 268, 317, 9, 2
11, 9, 99, 0.818, 0.384, 0.727, 3.8, 38, 72, 10, 1
11, 8, 88, 0.727, 0.716, 1.0, 7.88, 63, 88, 8, 1
9, 36, 324, 4.0, 0.577, 0.948, 3.02, 187, 307, 62, 1
9, 37, 333, 4.111, 0.444, 0.898, 2.08, 148, 299, 71, 1
9, 99, 891, 11.0, 0.312, 0.826, 2.16, 278, 736, 129, 1
12, 83, 996, 6.917, 0.253, 0.756, 1.75, 252, 753, 144, 1
8, 12, 96, 1.5, 0.438, 1.0, 1.5, 42, 96, 28, 1
9, 32, 288, 3.556, 0.413, 0.993, 1.72, 119, 286, 69, 1
12, 61, 732, 5.083, 0.251, 0.746, 1.77, 184, 546, 104, 1
9, 83, 747, 9.222, 0.335, 0.843, 2.05, 250, 630, 122, 1
10, 126, 1260, 12.6, 0.456, 0.875, 2.98, 575, 1103, 193, 1
9, 43, 387, 4.778, 0.481, 0.953, 3.15, 186, 369, 59, 1
19, 455, 8645, 23.947, 0.081, 0.095, 33.48, 703, 821, 21, 1
8, 43, 344, 5.375, 0.392, 0.927, 2.21, 135, 319, 61, 1
261, 30, 7830, 0.115, 0.063, 0.09, 2.4, 492, 701, 205, 4
8, 50, 400, 6.25, 0.253, 0.8, 2.3, 101, 320, 44, 1
8, 3, 24, 0.375, 0.5, 0.667, 3.0, 12, 16, 4, 1
8, 3, 24, 0.375, 0.458, 0.708, 2.75, 11, 17, 4, 1
7, 14, 98, 2.0, 0.327, 0.99, 2.67, 32, 97, 12, 1
8, 21, 168, 2.625, 0.548, 1.0, 3.54, 92, 168, 26, 1
8, 17, 136, 2.125, 0.294, 0.654, 2.22, 40, 89, 18, 1
8, 84, 672, 10.5, 0.36, 0.954, 1.94, 242, 641, 125, 1
9, 83, 747, 9.222, 0.293, 0.751, 2.28, 219, 561, 96, 1
8, 33, 264, 4.125, 0.39, 0.973, 1.72, 103, 257, 60, 1
11, 26, 286, 2.364, 0.283, 0.888, 2.19, 81, 254, 37, 1
1, 84, 84, 84.0, 0.917, 1.0, 19.25, 77, 84, 4, 2
9, 86, 774, 9.556, 0.3, 0.677, 2.13, 232, 524, 109, 1
8, 40, 320, 5.0, 0.456, 0.997, 2.7, 146, 319, 54, 1
1, 17, 17, 17.0, 0.941, 1.0, 16.0, 16, 17, 1, 2
7, 43, 301, 6.143, 0.243, 0.807, 3.48, 73, 243, 21, 1
9, 109, 981, 12.111, 0.243, 0.848, 1.58, 238, 832, 151, 1
6, 29, 174, 4.833, 0.339, 0.874, 1.51, 59, 152, 39, 1
9, 37, 333, 4.111, 0.453, 0.964, 2.7, 151, 321, 56, 1
13, 217, 2821, 16.692, 0.361, 0.686, 3.05, 1019, 1934, 334, 1
13, 440, 5720, 33.846, 0.255, 0.696, 2.18, 1459, 3983, 669, 1
10, 108, 1080, 10.8, 0.319, 0.746, 2.14, 345, 806, 161, 1
5, 17, 85, 3.4, 0.471, 0.929, 2.35, 40, 79, 17, 1
22, 72, 1584, 3.273, 0.52, 0.856, 10.04, 823, 1356, 82, 1
8, 72, 576, 9.0, 0.399, 0.811, 2.25, 230, 467, 102, 1
10, 94, 940, 9.4, 0.25, 0.721, 1.7, 235, 678, 138, 1
8, 132, 1056, 16.5, 0.31, 0.861, 1.84, 327, 909, 178, 1
14, 44, 616, 3.143, 0.398, 0.766, 2.5, 245, 472, 98, 1
13, 409, 5317, 31.462, 0.267, 0.582, 2.23, 1421, 3095, 637, 1
13, 115, 1495, 8.846, 0.314, 0.695, 2.62, 469, 1039, 179, 1
11, 63, 693, 5.727, 0.332, 0.724, 2.77, 230, 502, 83, 1
6, 114, 684, 19.0, 0.278, 0.741, 1.76, 190, 507, 108, 1
9, 76, 684, 8.444, 0.352, 0.813, 2.27, 241, 556, 106, 1
10, 107, 1070, 10.7, 0.273, 0.738, 1.81, 292, 790, 161, 1
8, 133, 1064, 16.625, 0.272, 0.825, 1.78, 289, 878, 162, 1
10, 35, 350, 3.5, 0.337, 0.714, 1.87, 118, 250, 63, 1
22, 71, 1562, 3.227, 0.519, 0.843, 11.25, 810, 1317, 72, 1
8, 190, 1520, 23.75, 0.326, 0.63, 2.22, 495, 957, 223, 1
10, 76, 760, 7.6, 0.474, 0.799, 3.03, 360, 607, 119, 1
9, 71, 639, 7.889, 0.39, 0.768, 2.44, 249, 491, 102, 1
10, 77, 770, 7.7, 0.469, 0.905, 2.64, 361, 697, 137, 1
9, 107, 963, 11.889, 0.357, 0.875, 2.14, 344, 843, 161, 1
5, 29, 145, 5.8, 0.538, 0.89, 2.36, 78, 129, 33, 1
9, 9, 81, 1.0, 0.63, 0.802, 5.1, 51, 65, 10, 1
12, 128, 1536, 10.667, 0.339, 0.737, 2.91, 520, 1132, 179, 1
12, 410, 4920, 34.167, 0.333, 0.661, 2.69, 1636, 3254, 608, 1
12, 142, 1704, 11.833, 0.337, 0.759, 3.04, 575, 1293, 189, 1
8, 183, 1464, 22.875, 0.288, 0.664, 2.08, 421, 972, 202, 1
5, 39, 195, 7.8, 0.492, 0.872, 2.46, 96, 170, 39, 1
3, 304, 912, 101.33, 0.555, 0.686, 42.17, 506, 626, 12, 2
9, 106, 954, 11.778, 0.309, 0.791, 1.97, 295, 755, 150, 1
6, 29, 174, 4.833, 0.356, 0.684, 1.88, 62, 119, 33, 1
12, 84, 1008, 7.0, 0.43, 0.703, 3.52, 433, 709, 123, 1
12, 498, 5976, 41.5, 0.307, 0.639, 2.44, 1833, 3818, 752, 1
9, 12, 108, 1.333, 0.62, 0.944, 4.79, 67, 102, 14, 1
8, 13, 104, 1.625, 0.587, 0.837, 4.69, 61, 87, 13, 1
13, 498, 6474, 38.308, 0.281, 0.688, 2.28, 1820, 4453, 799, 1
10, 61, 610, 6.1, 0.487, 0.834, 3.13, 297, 509, 95, 1
12, 497, 5964, 41.417, 0.297, 0.733, 2.25, 1773, 4374, 789, 1
5, 39, 195, 7.8, 0.328, 0.744, 2.06, 64, 145, 31, 1
4, 89, 356, 22.25, 0.34, 0.916, 1.64, 121, 326, 74, 1
8, 27, 216, 3.375, 0.218, 0.852, 2.24, 47, 184, 21, 1
8, 93, 744, 11.625, 0.261, 0.937, 1.55, 194, 697, 125, 1
8, 108, 864, 13.5, 0.293, 0.897, 1.69, 253, 775, 150, 1
7, 63, 441, 9.0, 0.333, 0.971, 1.99, 147, 428, 74, 1
5, 50, 250, 10.0, 0.36, 0.812, 1.58, 90, 203, 57, 1
5, 43, 215, 8.6, 0.265, 0.786, 1.33, 57, 169, 43, 1
9, 42, 378, 4.667, 0.384, 0.817, 2.38, 145, 309, 61, 1
47, 286, 13442, 6.085, 0.183, 0.317, 4.67, 2459, 4258, 526, 5
25, 115, 2875, 4.6, 0.296, 0.65, 2.56, 851, 1868, 333, 1
36, 96, 3456, 2.667, 0.096, 0.207, 7.7, 331, 717, 43, 5
5, 88, 440, 17.6, 0.364, 0.775, 1.67, 160, 341, 96, 1
2, 6, 12, 3.0, 0.667, 1.0, 4.0, 8, 12, 2, 2
3, 27, 81, 9.0, 0.481, 0.926, 1.77, 39, 75, 22, 1
7, 17, 119, 2.429, 0.555, 0.933, 2.64, 66, 111, 25, 1
22, 71, 1562, 3.227, 0.499, 0.836, 10.99, 780, 1306, 71, 1
8, 192, 1536, 24.0, 0.316, 0.746, 1.74, 485, 1146, 279, 1
13, 414, 5382, 31.846, 0.357, 0.653, 3.08, 1919, 3514, 623, 1
14, 186, 2604, 13.286, 0.307, 0.652, 2.5, 799, 1698, 319, 1
6, 89, 534, 14.833, 0.403, 0.82, 2.03, 215, 438, 106, 1
7, 389, 2723, 55.571, 0.167, 0.584, 1.19, 455, 1591, 381, 1
19, 45, 855, 2.368, 0.243, 0.582, 3.01, 208, 498, 69, 1
24, 96, 2304, 4.0, 0.208, 0.504, 3.18, 480, 1161, 151, 1
12, 10, 120, 0.833, 0.442, 0.792, 5.3, 53, 95, 10, 1
8, 67, 536, 8.375, 0.392, 0.724, 2.31, 210, 388, 91, 1
7, 26, 182, 3.714, 0.33, 0.786, 2.07, 60, 143, 29, 1
10, 272, 2720, 27.2, 0.279, 0.789, 1.98, 758, 2147, 382, 1
14, 19, 266, 1.357, 0.113, 0.504, 30.0, 30, 134, 1, 5
9, 271, 2439, 30.111, 0.292, 0.727, 1.9, 712, 1774, 374, 1
5, 12, 60, 2.4, 0.133, 0.267, 4.0, 8, 16, 2, 5
7, 4, 28, 0.571, 0.286, 0.357, 8.0, 8, 10, 1, 1
8, 34, 272, 4.25, 0.309, 0.908, 1.5, 84, 247, 56, 1
8, 7, 56, 0.875, 0.393, 0.946, 2.0, 22, 53, 11, 1
10, 15, 150, 1.5, 0.247, 0.72, 1.61, 37, 108, 23, 1
6, 5, 30, 0.833, 0.233, 0.633, 1.75, 7, 19, 4, 5
6, 12, 72, 2.0, 0.139, 0.514, 1.43, 10, 37, 7, 5
81, 49, 3969, 0.605, 0.113, 0.398, 2.26, 449, 1580, 199, 5
10, 272, 2720, 27.2, 0.187, 0.649, 1.38, 508, 1765, 368, 1
8, 1, 8, 0.125, 0.875, 1.0, 7.0, 7, 8, 1, 5
6, 9, 54, 1.5, 0.352, 0.87, 1.58, 19, 47, 12, 1
8, 10, 80, 1.25, 0.313, 0.675, 1.92, 25, 54, 13, 1
4, 9, 36, 2.25, 0.417, 1.0, 1.67, 15, 36, 9, 1
7, 5, 35, 0.714, 0.2, 0.429, 7.0, 7, 15, 1, 1
10, 236, 2360, 23.6, 0.183, 0.572, 1.31, 432, 1349, 330, 1
8, 135, 1080, 16.875, 0.077, 0.294, 1.54, 83, 317, 54, 1
8, 62, 496, 7.75, 0.218, 0.629, 1.57, 108, 312, 69, 1
8, 245, 1960, 30.625, 0.198, 0.555, 1.36, 389, 1088, 286, 1
11, 272, 2992, 24.727, 0.171, 0.61, 1.47, 511, 1824, 348, 1
10, 271, 2710, 27.1, 0.173, 0.557, 1.47, 469, 1510, 318, 1
10, 125, 1250, 12.5, 0.19, 0.526, 1.39, 237, 657, 170, 1
6, 24, 144, 4.0, 0.292, 0.764, 1.56, 42, 110, 27, 1
7, 38, 266, 5.429, 0.327, 0.951, 1.38, 87, 253, 63, 1
5, 12, 60, 2.4, 0.267, 0.733, 1.78, 16, 44, 9, 1
10, 147, 1470, 14.7, 0.168, 0.55, 1.29, 247, 809, 191, 1
7, 7, 49, 1.0, 0.347, 0.939, 1.89, 17, 46, 9, 1
7, 8, 56, 1.143, 0.25, 0.768, 1.56, 14, 43, 9, 1
6, 187, 1122, 31.167, 0.188, 0.591, 1.26, 211, 663, 168, 1
8, 263, 2104, 32.875, 0.154, 0.549, 1.19, 325, 1156, 274, 1
8, 26, 208, 3.25, 0.264, 0.62, 1.45, 55, 129, 38, 1
7, 18, 126, 2.571, 0.31, 0.96, 1.39, 39, 121, 28, 1
8, 29, 232, 3.625, 0.207, 0.651, 1.6, 48, 151, 30, 1
8, 126, 1008, 15.75, 0.188, 0.685, 1.27, 189, 690, 149, 1
7, 128, 896, 18.286, 0.203, 0.663, 1.33, 182, 594, 137, 1
804, 11, 8844, 0.014, 0.191, 0.233, 15.64, 1689, 2058, 108, 4
5, 52, 260, 10.4, 0.208, 0.542, 1.35, 54, 141, 40, 1
5, 34, 170, 6.8, 0.224, 0.606, 1.31, 38, 103, 29, 1
4, 11, 44, 2.75, 0.364, 0.955, 1.33, 16, 42, 12, 1
6, 50, 300, 8.333, 0.213, 0.577, 1.31, 64, 173, 49, 1
5, 75, 375, 15.0, 0.259, 0.867, 1.18, 97, 325, 82, 1
9, 158, 1422, 17.556, 0.217, 0.535, 1.45, 308, 761, 212, 1
1, 41, 41, 41.0, 0.927, 1.0, 12.67, 38, 41, 3, 2
6, 49, 294, 8.167, 0.241, 0.633, 1.42, 71, 186, 50, 1
7, 37, 259, 5.286, 0.243, 0.71, 1.34, 63, 184, 47, 1
6, 28, 168, 4.667, 0.292, 0.875, 1.29, 49, 147, 38, 1
14, 29, 406, 2.071, 0.14, 0.502, 1.63, 57, 204, 35, 1
8, 11, 88, 1.375, 0.159, 0.477, 1.75, 14, 42, 8, 1
7, 41, 287, 5.857, 0.209, 0.652, 1.36, 60, 187, 44, 1
1, 12, 12, 12.0, 0.583, 1.0, 1.75, 7, 12, 4, 1
6, 41, 246, 6.833, 0.224, 0.85, 1.2, 55, 209, 46, 1
5, 32, 160, 6.4, 0.431, 0.988, 1.47, 69, 158, 47, 1
6, 14, 84, 2.333, 0.274, 0.929, 1.28, 23, 78, 18, 1
6, 17, 102, 2.833, 0.382, 0.951, 1.63, 39, 97, 24, 1
5, 13, 65, 2.6, 0.262, 0.692, 1.42, 17, 45, 12, 1
4, 14, 56, 3.5, 0.268, 0.732, 1.67, 15, 41, 9, 1
1, 27, 27, 27.0, 0.407, 1.0, 1.83, 11, 27, 6, 2
10, 19, 190, 1.9, 0.142, 0.326, 3.0, 27, 62, 9, 1
3, 9, 27, 3.0, 0.296, 1.0, 1.33, 8, 27, 6, 1
7, 19, 133, 2.714, 0.406, 1.0, 1.69, 54, 133, 32, 1
9, 19, 171, 2.111, 0.269, 0.643, 1.35, 46, 110, 34, 1
6, 6, 36, 1.0, 0.361, 0.778, 1.63, 13, 28, 8, 1
8, 23, 184, 2.875, 0.277, 0.832, 1.7, 51, 153, 30, 1
8, 26, 208, 3.25, 0.25, 0.808, 1.37, 52, 168, 38, 1
7, 33, 231, 4.714, 0.299, 0.848, 1.44, 69, 196, 48, 1
9, 251, 2259, 27.889, 0.187, 0.672, 1.33, 423, 1517, 317, 1
9, 49, 441, 5.444, 0.265, 0.744, 1.6, 117, 328, 73, 1
8, 63, 504, 7.875, 0.256, 0.694, 1.52, 129, 350, 85, 1
9, 22, 198, 2.444, 0.192, 0.697, 1.31, 38, 138, 29, 1
7, 16, 112, 2.286, 0.259, 0.705, 1.38, 29, 79, 21, 1
7, 8, 56, 1.143, 0.375, 1.0, 1.62, 21, 56, 13, 1
7, 9, 63, 1.286, 0.317, 0.81, 1.54, 20, 51, 13, 1
7, 20, 140, 2.857, 0.35, 0.757, 1.58, 49, 106, 31, 1
10, 262, 2620, 26.2, 0.179, 0.606, 1.36, 469, 1587, 344, 1
7, 21, 147, 3.0, 0.327, 0.728, 1.41, 48, 107, 34, 1
7, 23, 161, 3.286, 0.248, 0.944, 1.21, 40, 152, 33, 1
6, 17, 102, 2.833, 0.275, 0.824, 1.33, 28, 84, 21, 1
7, 11, 77, 1.571, 0.312, 0.987, 1.2, 24, 76, 20, 1
10, 38, 380, 3.8, 0.195, 0.55, 1.48, 74, 209, 50, 1
7, 15, 105, 2.143, 0.314, 1.0, 1.57, 33, 105, 21, 1
9, 49, 441, 5.444, 0.272, 0.791, 1.38, 120, 349, 87, 1
8, 27, 216, 3.375, 0.236, 0.685, 1.31, 51, 148, 39, 1
8, 4, 32, 0.5, 0.375, 1.0, 2.4, 12, 32, 5, 1
7, 9, 63, 1.286, 0.302, 0.905, 1.46, 19, 57, 13, 1
7, 29, 203, 4.143, 0.365, 0.946, 2.0, 74, 192, 37, 1
6, 9, 54, 1.5, 0.296, 0.796, 1.23, 16, 43, 13, 1
7, 31, 217, 4.429, 0.313, 0.853, 1.58, 68, 185, 43, 1
7, 42, 294, 6.0, 0.333, 0.844, 1.46, 98, 248, 67, 1
9, 49, 441, 5.444, 0.265, 0.653, 1.36, 117, 288, 86, 1
9, 29, 261, 3.222, 0.234, 0.889, 1.39, 61, 232, 44, 1
5, 7, 35, 1.4, 0.429, 0.971, 1.36, 15, 34, 11, 1
7, 40, 280, 5.714, 0.336, 0.971, 1.57, 94, 272, 60, 1
7, 48, 336, 6.857, 0.33, 0.821, 1.44, 111, 276, 77, 1
7, 13, 91, 1.857, 0.396, 1.0, 1.33, 36, 91, 27, 1
8, 16, 128, 2.0, 0.258, 0.945, 1.18, 33, 121, 28, 1
9, 65, 585, 7.222, 0.222, 0.786, 1.35, 130, 460, 96, 1
7, 11, 77, 1.571, 0.325, 0.935, 1.39, 25, 72, 18, 1
7, 11, 77, 1.571, 0.364, 0.727, 1.56, 28, 56, 18, 1
7, 9, 63, 1.286, 0.333, 0.952, 1.4, 21, 60, 15, 1
5, 32, 160, 6.4, 0.35, 0.863, 1.33, 56, 138, 42, 1
7, 11, 77, 1.571, 0.39, 0.792, 1.58, 30, 61, 19, 1
7, 31, 217, 4.429, 0.318, 0.839, 1.35, 69, 182, 51, 1
7, 19, 133, 2.714, 0.346, 0.842, 1.77, 46, 112, 26, 1
7, 8, 56, 1.143, 0.339, 0.875, 2.38, 19, 49, 8, 1
6, 13, 78, 2.167, 0.269, 0.667, 1.5, 21, 52, 14, 1
7, 11, 77, 1.571, 0.377, 0.948, 1.38, 29, 73, 21, 1
7, 16, 112, 2.286, 0.286, 0.955, 1.68, 32, 107, 19, 1
7, 7, 49, 1.0, 0.265, 0.796, 1.44, 13, 39, 9, 1
7, 21, 147, 3.0, 0.333, 0.789, 1.4, 49, 116, 35, 1
5, 19, 95, 3.8, 0.389, 0.895, 1.32, 37, 85, 28, 1
7, 16, 112, 2.286, 0.241, 0.634, 1.93, 27, 71, 14, 1
5, 7, 35, 1.4, 0.4, 1.0, 1.17, 14, 35, 12, 1
9, 20, 180, 2.222, 0.294, 0.578, 1.51, 53, 104, 35, 1
7, 14, 98, 2.0, 0.408, 0.98, 1.74, 40, 96, 23, 1
7, 4, 28, 0.571, 0.393, 0.679, 3.67, 11, 19, 3, 1
6, 24, 144, 4.0, 0.264, 0.764, 1.46, 38, 110, 26, 1
7, 38, 266, 5.429, 0.286, 0.748, 1.69, 76, 199, 45, 1
7, 4, 28, 0.571, 0.25, 0.893, 1.75, 7, 25, 4, 1
7, 13, 91, 1.857, 0.33, 0.835, 1.58, 30, 76, 19, 1
7, 33, 231, 4.714, 0.351, 0.987, 1.53, 81, 228, 53, 1
10, 38, 380, 3.8, 0.187, 0.463, 1.37, 71, 176, 52, 1
9, 43, 387, 4.778, 0.274, 0.605, 1.68, 106, 234, 63, 1
6, 10, 60, 1.667, 0.4, 0.967, 1.5, 24, 58, 16, 1
10, 49, 490, 4.9, 0.165, 0.649, 1.35, 81, 318, 60, 1
6, 13, 78, 2.167, 0.333, 0.846, 1.37, 26, 66, 19, 1
6, 13, 78, 2.167, 0.308, 1.0, 1.41, 24, 78, 17, 1
8, 16, 128, 2.0, 0.211, 0.672, 1.42, 27, 86, 19, 1
8, 8, 64, 1.0, 0.219, 0.875, 1.56, 14, 56, 9, 1
5, 20, 100, 4.0, 0.49, 0.99, 1.58, 49, 99, 31, 1
8, 17, 136, 2.125, 0.199, 0.603, 3.0, 27, 82, 9, 1
8, 19, 152, 2.375, 0.184, 0.849, 1.47, 28, 129, 19, 1
7, 36, 252, 5.143, 0.278, 0.937, 1.25, 70, 236, 56, 1
10, 251, 2510, 25.1, 0.179, 0.515, 1.37, 449, 1293, 327, 1
7, 17, 119, 2.429, 0.311, 0.908, 1.54, 37, 108, 24, 1
7, 20, 140, 2.857, 0.25, 0.657, 1.46, 35, 92, 24, 1
6, 7, 42, 1.167, 0.286, 0.857, 1.5, 12, 36, 8, 1
7, 11, 77, 1.571, 0.312, 1.0, 1.33, 24, 77, 18, 1
7, 74, 518, 10.571, 0.276, 0.683, 1.57, 143, 354, 91, 1
8, 40, 320, 5.0, 0.213, 0.659, 1.24, 68, 211, 55, 1
6, 44, 264, 7.333, 0.254, 0.689, 1.68, 67, 182, 40, 1
7, 20, 140, 2.857, 0.307, 0.85, 1.48, 43, 119, 29, 1
6, 25, 150, 4.167, 0.313, 1.0, 1.38, 47, 150, 34, 1
7, 33, 231, 4.714, 0.346, 0.879, 1.36, 80, 203, 59, 1
7, 19, 133, 2.714, 0.331, 0.729, 1.69, 44, 97, 26, 1
6, 26, 156, 4.333, 0.288, 0.679, 1.41, 45, 106, 32, 1
6, 13, 78, 2.167, 0.359, 0.782, 1.33, 28, 61, 21, 1
4, 11, 44, 2.75, 0.432, 1.0, 1.36, 19, 44, 14, 1
7, 15, 105, 2.143, 0.343, 1.0, 1.64, 36, 105, 22, 1
4, 6, 24, 1.5, 0.542, 1.0, 1.63, 13, 24, 8, 1
5, 40, 200, 8.0, 0.44, 0.935, 1.4, 88, 187, 63, 1
5, 9, 45, 1.8, 0.333, 1.0, 1.88, 15, 45, 8, 1
7, 17, 119, 2.429, 0.336, 0.874, 1.74, 40, 104, 23, 1
9, 91, 819, 10.111, 0.206, 0.731, 1.37, 169, 599, 123, 1
5, 3, 15, 0.6, 0.533, 1.0, 2.67, 8, 15, 3, 1
7, 23, 161, 3.286, 0.329, 0.938, 1.39, 53, 151, 38, 1
6, 18, 108, 3.0, 0.315, 1.0, 1.62, 34, 108, 21, 1
6, 16, 96, 2.667, 0.354, 1.0, 1.48, 34, 96, 23, 1
5, 7, 35, 1.4, 0.4, 0.943, 1.75, 14, 33, 8, 1
7, 26, 182, 3.714, 0.374, 0.846, 1.66, 68, 154, 41, 1
5, 43, 215, 8.6, 0.372, 0.888, 1.45, 80, 191, 55, 1
7, 11, 77, 1.571, 0.299, 1.0, 1.21, 23, 77, 19, 1
7, 31, 217, 4.429, 0.281, 0.682, 1.56, 61, 148, 39, 1
7, 18, 126, 2.571, 0.357, 1.0, 1.55, 45, 126, 29, 1
7, 13, 91, 1.857, 0.308, 0.824, 1.33, 28, 75, 21, 1
7, 14, 98, 2.0, 0.337, 0.898, 1.94, 33, 88, 17, 1
9, 50, 450, 5.556, 0.22, 0.691, 1.32, 99, 311, 75, 1
9, 16, 144, 1.778, 0.215, 0.764, 1.55, 31, 110, 20, 1
6, 31, 186, 5.167, 0.263, 0.812, 1.4, 49, 151, 35, 1
7, 23, 161, 3.286, 0.323, 0.839, 1.68, 52, 135, 31, 1
6, 20, 120, 3.333, 0.333, 0.942, 1.21, 40, 113, 33, 1
6, 37, 222, 6.167, 0.306, 0.811, 1.42, 68, 180, 48, 1
7, 7, 49, 1.0, 0.388, 0.939, 1.9, 19, 46, 10, 1
5, 11, 55, 2.2, 0.436, 0.891, 1.71, 24, 49, 14, 1
8, 8, 64, 1.0, 0.234, 0.953, 2.5, 15, 61, 6, 1
9, 201, 1809, 22.333, 0.152, 0.456, 1.27, 275, 825, 216, 1
7, 10, 70, 1.429, 0.343, 0.786, 1.33, 24, 55, 18, 1
8, 19, 152, 2.375, 0.309, 0.98, 1.52, 47, 149, 31, 1
6, 5, 30, 0.833, 0.367, 0.867, 2.75, 11, 26, 4, 1
6, 5, 30, 0.833, 0.333, 0.833, 1.67, 10, 25, 6, 1
9, 7, 63, 0.778, 0.286, 0.778, 2.0, 18, 49, 9, 1
9, 39, 351, 4.333, 0.256, 0.698, 1.64, 90, 245, 55, 1
7, 21, 147, 3.0, 0.286, 0.857, 1.35, 42, 126, 31, 1
7, 13, 91, 1.857, 0.275, 0.824, 1.32, 25, 75, 19, 1
6, 20, 120, 3.333, 0.367, 0.967, 1.38, 44, 116, 32, 1
10, 39, 390, 3.9, 0.285, 0.546, 1.91, 111, 213, 58, 1
8, 46, 368, 5.75, 0.34, 0.611, 1.79, 125, 225, 70, 1
9, 6, 54, 0.667, 0.407, 0.519, 5.5, 22, 28, 4, 5
7, 17, 119, 2.429, 0.429, 0.908, 1.89, 51, 108, 27, 1
7, 34, 238, 4.857, 0.462, 0.941, 2.34, 110, 224, 47, 1
8, 9, 72, 1.125, 0.375, 0.889, 1.8, 27, 64, 15, 1
10, 12, 120, 1.2, 0.333, 0.867, 1.82, 40, 104, 22, 1
8, 18, 144, 2.25, 0.424, 0.889, 2.03, 61, 128, 30, 1
10, 25, 250, 2.5, 0.32, 0.648, 2.0, 80, 162, 40, 1
12, 271, 3252, 22.583, 0.248, 0.559, 1.86, 805, 1818, 433, 1
13, 5, 65, 0.385, 0.123, 0.538, 8.0, 8, 35, 1, 5
8, 13, 104, 1.625, 0.423, 0.99, 1.76, 44, 103, 25, 1
8, 30, 240, 3.75, 0.45, 0.788, 2.3, 108, 189, 47, 1
12, 271, 3252, 22.583, 0.246, 0.615, 1.95, 799, 1999, 410, 1
10, 79, 790, 7.9, 0.324, 0.671, 2.19, 256, 530, 117, 1
9, 27, 243, 3.0, 0.333, 0.918, 1.69, 81, 223, 48, 1
11, 34, 374, 3.091, 0.324, 0.872, 2.47, 121, 326, 49, 1
9, 23, 207, 2.556, 0.386, 0.894, 2.42, 80, 185, 33, 1
19, 47, 893, 2.474, 0.078, 0.112, 3.89, 70, 100, 18, 5
8, 141, 1128, 17.625, 0.371, 0.977, 1.84, 418, 1102, 227, 1
1, 127, 127, 127.0, 0.646, 1.0, 13.67, 82, 127, 6, 2
11, 22, 242, 2.0, 0.277, 0.731, 1.86, 67, 177, 36, 1
11, 19, 209, 1.727, 0.378, 0.9, 1.93, 79, 188, 41, 1
10, 6, 60, 0.6, 0.433, 1.0, 2.6, 26, 60, 10, 1
21, 13, 273, 0.619, 0.168, 0.308, 2.3, 46, 84, 20, 1
9, 91, 819, 10.111, 0.32, 0.773, 2.2, 262, 633, 119, 1
9, 9, 81, 1.0, 0.358, 0.914, 1.81, 29, 74, 16, 1
10, 19, 190, 1.9, 0.379, 0.816, 2.12, 72, 155, 34, 1
6, 27, 162, 4.5, 0.475, 0.809, 2.33, 77, 131, 33, 1
8, 6, 48, 0.75, 0.375, 0.792, 3.0, 18, 38, 6, 1
8, 12, 96, 1.5, 0.427, 0.958, 1.86, 41, 92, 22, 1
4, 11, 44, 2.75, 0.159, 0.932, 1.75, 7, 41, 4, 5
8, 15, 120, 1.875, 0.558, 1.0, 2.91, 67, 120, 23, 1
7, 47, 329, 6.714, 0.38, 0.757, 2.31, 125, 249, 54, 1
4, 19, 76, 4.75, 0.276, 0.382, 5.25, 21, 29, 4, 2
1, 19, 19, 19.0, 0.737, 1.0, 4.67, 14, 19, 3, 2
9, 244, 2196, 27.111, 0.237, 0.801, 1.59, 520, 1758, 327, 1
8, 12, 96, 1.5, 0.427, 0.719, 2.73, 41, 69, 15, 1
9, 272, 2448, 30.222, 0.269, 0.763, 1.87, 659, 1868, 353, 1
9, 35, 315, 3.889, 0.33, 0.835, 2.0, 104, 263, 52, 1
6, 4, 24, 0.667, 0.667, 1.0, 8.0, 16, 24, 2, 1
6, 4, 24, 0.667, 0.625, 0.792, 5.0, 15, 19, 3, 1
8, 51, 408, 6.375, 0.37, 0.743, 2.19, 151, 303, 69, 1
8, 8, 64, 1.0, 0.484, 1.0, 3.44, 31, 64, 9, 1
10, 20, 200, 2.0, 0.385, 0.87, 2.14, 77, 174, 36, 1
8, 13, 104, 1.625, 0.404, 0.99, 2.1, 42, 103, 20, 1
5, 4, 20, 0.8, 0.7, 0.8, 7.0, 14, 16, 2, 1
8, 10, 80, 1.25, 0.388, 0.913, 2.21, 31, 73, 14, 1
10, 13, 130, 1.3, 0.385, 0.823, 2.0, 50, 107, 25, 1
8, 18, 144, 2.25, 0.361, 0.944, 2.17, 52, 136, 24, 1
8, 8, 64, 1.0, 0.5, 1.0, 2.91, 32, 64, 11, 1
9, 20, 180, 2.222, 0.35, 0.728, 1.91, 63, 131, 33, 1
8, 26, 208, 3.25, 0.394, 1.0, 2.16, 82, 208, 38, 1
8, 18, 144, 2.25, 0.403, 0.896, 2.52, 58, 129, 23, 1
11, 261, 2871, 23.727, 0.257, 0.644, 2.01, 738, 1849, 368, 1
9, 26, 234, 2.889, 0.316, 0.88, 1.85, 74, 206, 40, 1
11, 54, 594, 4.909, 0.258, 0.736, 1.99, 153, 437, 77, 1
8, 18, 144, 2.25, 0.396, 0.882, 1.84, 57, 127, 31, 1
6, 9, 54, 1.5, 0.556, 1.0, 2.14, 30, 54, 14, 1
11, 25, 275, 2.273, 0.335, 0.931, 2.56, 92, 256, 36, 1
11, 213, 2343, 19.364, 0.264, 0.698, 1.95, 619, 1635, 317, 1
10, 30, 300, 3.0, 0.307, 0.94, 1.96, 92, 282, 47, 1
8, 19, 152, 2.375, 0.368, 1.0, 1.75, 56, 152, 32, 1
10, 50, 500, 5.0, 0.268, 0.764, 1.94, 134, 382, 69, 1
8, 8, 64, 1.0, 0.344, 0.922, 1.83, 22, 59, 12, 1
8, 22, 176, 2.75, 0.477, 1.0, 2.27, 84, 176, 37, 1
8, 22, 176, 2.75, 0.403, 1.0, 2.03, 71, 176, 35, 1
9, 54, 486, 6.0, 0.391, 0.817, 1.98, 190, 397, 96, 1
8, 12, 96, 1.5, 0.396, 0.75, 2.38, 38, 72, 16, 1
8, 12, 96, 1.5, 0.406, 0.896, 1.86, 39, 86, 21, 1
8, 16, 128, 2.0, 0.461, 0.93, 2.57, 59, 119, 23, 1
10, 69, 690, 6.9, 0.277, 0.68, 1.85, 191, 469, 103, 1
11, 122, 1342, 11.091, 0.256, 0.656, 1.94, 344, 881, 177, 1
9, 59, 531, 6.556, 0.335, 0.821, 1.96, 178, 436, 91, 1
11, 44, 484, 4.0, 0.314, 0.75, 1.92, 152, 363, 79, 1
8, 45, 360, 5.625, 0.367, 0.783, 1.89, 132, 282, 70, 1
5, 9, 45, 1.8, 0.533, 0.911, 2.0, 24, 41, 12, 1
12, 261, 3132, 21.75, 0.223, 0.578, 1.92, 698, 1810, 364, 1
8, 31, 248, 3.875, 0.371, 0.782, 2.0, 92, 194, 46, 1
8, 8, 64, 1.0, 0.359, 0.969, 1.53, 23, 62, 15, 1
8, 12, 96, 1.5, 0.396, 0.927, 1.65, 38, 89, 23, 1
8, 12, 96, 1.5, 0.427, 0.875, 2.56, 41, 84, 16, 1
11, 57, 627, 5.182, 0.271, 0.577, 1.87, 170, 362, 91, 1
11, 32, 352, 2.909, 0.256, 0.534, 2.0, 90, 188, 45, 1
8, 28, 224, 3.5, 0.46, 0.79, 2.58, 103, 177, 40, 1
10, 44, 440, 4.4, 0.314, 0.623, 1.92, 138, 274, 72, 1
7, 33, 231, 4.714, 0.385, 0.922, 2.23, 89, 213, 40, 1
8, 19, 152, 2.375, 0.355, 0.954, 2.0, 54, 145, 27, 1
10, 13, 130, 1.3, 0.315, 0.915, 2.41, 41, 119, 17, 1
8, 51, 408, 6.375, 0.306, 0.637, 1.95, 125, 260, 64, 1
8, 64, 512, 8.0, 0.385, 0.912, 1.93, 197, 467, 102, 1
8, 19, 152, 2.375, 0.388, 0.664, 2.19, 59, 101, 27, 1
67, 30, 2010, 0.448, 0.169, 0.46, 2.26, 339, 924, 150, 5
7, 7, 49, 1.0, 0.265, 0.612, 3.25, 13, 30, 4, 1
5, 12, 60, 2.4, 0.6, 0.9, 3.0, 36, 54, 12, 1
10, 55, 550, 5.5, 0.295, 0.756, 1.98, 162, 416, 82, 1
11, 53, 583, 4.818, 0.249, 0.734, 1.93, 145, 428, 75, 1
7, 2, 14, 0.286, 0.857, 0.857, 12.0, 12, 12, 1, 1
11, 54, 594, 4.909, 0.273, 0.781, 2.19, 162, 464, 74, 1
2, 6, 12, 3.0, 0.583, 0.917, 7.0, 7, 11, 1, 1
8, 43, 344, 5.375, 0.387, 0.762, 1.93, 133, 262, 69, 1
9, 13, 117, 1.444, 0.368, 1.0, 2.69, 43, 117, 16, 1
8, 4, 32, 0.5, 0.469, 0.719, 3.75, 15, 23, 4, 1
8, 39, 312, 4.875, 0.362, 0.881, 1.74, 113, 275, 65, 1
8, 33, 264, 4.125, 0.375, 0.981, 1.6, 99, 259, 62, 1
7, 34, 238, 4.857, 0.403, 0.849, 1.81, 96, 202, 53, 1
10, 8, 80, 0.8, 0.313, 0.9, 1.56, 25, 72, 16, 1
5, 3, 15, 0.6, 0.6, 0.6, 9.0, 9, 9, 1, 1
7, 35, 245, 5.0, 0.445, 0.771, 2.48, 109, 189, 44, 1
10, 33, 330, 3.3, 0.352, 0.745, 2.07, 116, 246, 56, 1
8, 7, 56, 0.875, 0.5, 0.786, 3.11, 28, 44, 9, 1
5, 26, 130, 5.2, 0.492, 0.785, 2.37, 64, 102, 27, 1
6, 15, 90, 2.5, 0.467, 0.711, 3.23, 42, 64, 13, 1
6, 37, 222, 6.167, 0.392, 0.757, 2.23, 87, 168, 39, 1
5, 13, 65, 2.6, 0.554, 0.8, 3.0, 36, 52, 12, 1
9, 25, 225, 2.778, 0.329, 0.502, 2.55, 74, 113, 29, 1
11, 54, 594, 4.909, 0.316, 0.697, 2.07, 188, 414, 91, 1
10, 29, 290, 2.9, 0.303, 0.731, 2.1, 88, 212, 42, 1
10, 16, 160, 1.6, 0.288, 0.744, 2.19, 46, 119, 21, 1
8, 22, 176, 2.75, 0.295, 0.483, 2.6, 52, 85, 20, 1
8, 12, 96, 1.5, 0.396, 0.99, 1.9, 38, 95, 20, 1
8, 15, 120, 1.875, 0.475, 1.0, 2.38, 57, 120, 24, 1
10, 36, 360, 3.6, 0.367, 0.789, 2.28, 132, 284, 58, 1
8, 71, 568, 8.875, 0.289, 0.574, 1.64, 164, 326, 100, 1
8, 9, 72, 1.125, 0.375, 0.736, 2.45, 27, 53, 11, 1
8, 19, 152, 2.375, 0.454, 1.0, 2.16, 69, 152, 32, 1
10, 18, 180, 1.8, 0.294, 0.883, 1.96, 53, 159, 27, 1
5, 7, 35, 1.4, 0.571, 1.0, 2.5, 20, 35, 8, 1
8, 15, 120, 1.875, 0.458, 0.908, 2.5, 55, 109, 22, 1
10, 25, 250, 2.5, 0.34, 0.816, 1.89, 85, 204, 45, 1
8, 13, 104, 1.625, 0.471, 1.0, 1.81, 49, 104, 27, 1
8, 39, 312, 4.875, 0.423, 0.955, 1.83, 132, 298, 72, 1
8, 14, 112, 1.75, 0.429, 1.0, 2.4, 48, 112, 20, 1
10, 33, 330, 3.3, 0.345, 0.779, 1.9, 114, 257, 60, 1
6, 18, 108, 3.0, 0.444, 0.991, 1.71, 48, 107, 28, 1
5, 4, 20, 0.8, 0.7, 1.0, 2.33, 14, 20, 6, 1
8, 49, 392, 6.125, 0.413, 0.76, 1.93, 162, 298, 84, 1
10, 262, 2620, 26.2, 0.274, 0.757, 1.8, 719, 1984, 399, 1
10, 262, 2620, 26.2, 0.29, 0.826, 1.76, 761, 2163, 432, 1
8, 33, 264, 4.125, 0.326, 0.848, 2.0, 86, 224, 43, 1
8, 7, 56, 0.875, 0.482, 0.946, 2.45, 27, 53, 11, 1
8, 53, 424, 6.625, 0.347, 0.767, 1.93, 147, 325, 76, 1
8, 30, 240, 3.75, 0.363, 0.85, 2.29, 87, 204, 38, 1
10, 29, 290, 2.9, 0.29, 0.803, 1.83, 84, 233, 46, 1
10, 22, 220, 2.2, 0.309, 0.582, 2.34, 68, 128, 29, 1
9, 18, 162, 2.0, 0.327, 0.914, 1.89, 53, 148, 28, 1
10, 27, 270, 2.7, 0.367, 0.83, 1.87, 99, 224, 53, 1
8, 22, 176, 2.75, 0.398, 0.818, 2.06, 70, 144, 34, 1
8, 31, 248, 3.875, 0.375, 0.722, 2.02, 93, 179, 46, 1
8, 23, 184, 2.875, 0.375, 0.88, 2.09, 69, 162, 33, 1
10, 40, 400, 4.0, 0.295, 0.68, 1.9, 118, 272, 62, 1
10, 53, 530, 5.3, 0.294, 0.908, 1.75, 156, 481, 89, 1
10, 9, 90, 0.9, 0.3, 0.778, 2.25, 27, 70, 12, 1
10, 54, 540, 5.4, 0.306, 0.689, 1.94, 165, 372, 85, 1
10, 34, 340, 3.4, 0.279, 0.8, 1.86, 95, 272, 51, 1
9, 15, 135, 1.667, 0.244, 0.83, 1.57, 33, 112, 21, 1
8, 33, 264, 4.125, 0.356, 0.705, 2.0, 94, 186, 47, 1
10, 52, 520, 5.2, 0.298, 0.752, 2.09, 155, 391, 74, 1
7, 38, 266, 5.429, 0.353, 0.902, 2.04, 94, 240, 46, 1
6, 4, 24, 0.667, 0.542, 1.0, 1.86, 13, 24, 7, 1
7, 21, 147, 3.0, 0.313, 0.667, 2.09, 46, 98, 22, 1
10, 242, 2420, 24.2, 0.26, 0.579, 2.08, 630, 1401, 303, 1
8, 25, 200, 3.125, 0.335, 0.77, 1.68, 67, 154, 40, 1
8, 7, 56, 0.875, 0.429, 1.0, 2.67, 24, 56, 9, 1
8, 14, 112, 1.75, 0.339, 0.884, 1.73, 38, 99, 22, 1
8, 4, 32, 0.5, 0.594, 1.0, 2.71, 19, 32, 7, 1
7, 13, 91, 1.857, 0.429, 0.945, 2.05, 39, 86, 19, 1
8, 52, 416, 6.5, 0.38, 0.88, 1.88, 158, 366, 84, 1
8, 63, 504, 7.875, 0.333, 0.734, 1.58, 168, 370, 106, 1
8, 26, 208, 3.25, 0.24, 0.563, 2.5, 50, 117, 20, 1
8, 43, 344, 5.375, 0.34, 0.892, 1.83, 117, 307, 64, 1
8, 5, 40, 0.625, 0.475, 1.0, 2.38, 19, 40, 8, 1
8, 9, 72, 1.125, 0.389, 0.792, 2.0, 28, 57, 14, 1
7, 16, 112, 2.286, 0.438, 0.857, 2.04, 49, 96, 24, 1
11, 97, 1067, 8.818, 0.266, 0.635, 2.04, 284, 678, 139, 1
10, 37, 370, 3.7, 0.33, 0.897, 2.0, 122, 332, 61, 1
8, 18, 144, 2.25, 0.403, 1.0, 1.61, 58, 144, 36, 1
8, 16, 128, 2.0, 0.406, 0.93, 1.68, 52, 119, 31, 1
10, 23, 230, 2.3, 0.343, 0.791, 1.88, 79, 182, 42, 1
11, 132, 1452, 12.0, 0.189, 0.44, 2.04, 274, 639, 134, 1
7, 72, 504, 10.286, 0.405, 0.845, 1.85, 204, 426, 110, 1
10, 23, 230, 2.3, 0.37, 0.83, 2.3, 85, 191, 37, 1
7, 3, 21, 0.429, 0.571, 1.0, 3.0, 12, 21, 4, 1
8, 28, 224, 3.5, 0.397, 0.996, 2.07, 89, 223, 43, 1
8, 16, 128, 2.0, 0.367, 0.969, 1.88, 47, 124, 25, 1
8, 6, 48, 0.75, 0.313, 0.792, 3.0, 15, 38, 5, 1
10, 22, 220, 2.2, 0.332, 0.714, 2.15, 73, 157, 34, 1
10, 93, 930, 9.3, 0.268, 0.784, 1.78, 249, 729, 140, 1
7, 11, 77, 1.571, 0.455, 0.974, 1.75, 35, 75, 20, 1
8, 39, 312, 4.875, 0.304, 0.756, 1.38, 95, 236, 69, 1
7, 6, 42, 0.857, 0.357, 1.0, 1.67, 15, 42, 9, 1
7, 49, 343, 7.0, 0.318, 0.612, 1.91, 109, 210, 57, 1
5, 23, 115, 4.6, 0.452, 0.913, 1.79, 52, 105, 29, 1
8, 53, 424, 6.625, 0.38, 0.915, 1.87, 161, 388, 86, 1
15, 67, 1005, 4.467, 0.293, 0.607, 3.59, 294, 610, 82, 1
13, 38, 494, 2.923, 0.314, 0.957, 3.6, 155, 473, 43, 1
8, 98, 784, 12.25, 0.221, 0.874, 1.42, 173, 685, 122, 1
8, 106, 848, 13.25, 0.358, 0.698, 2.29, 304, 592, 133, 1
7, 144, 1008, 20.571, 0.092, 0.384, 1.24, 93, 387, 75, 1
8, 233, 1864, 29.125, 0.262, 0.838, 1.58, 488, 1562, 309, 1
7, 51, 357, 7.286, 0.207, 0.969, 1.14, 74, 346, 65, 1
9, 268, 2412, 29.778, 0.183, 0.686, 1.29, 441, 1654, 341, 1
9, 509, 4581, 56.556, 0.123, 0.501, 1.26, 563, 2297, 448, 1
5, 81, 405, 16.2, 0.311, 0.968, 1.3, 126, 392, 97, 1
7, 91, 637, 13.0, 0.334, 0.975, 1.76, 213, 621, 121, 1
7, 12, 84, 1.714, 0.226, 0.786, 1.9, 19, 66, 10, 1
4, 7, 28, 1.75, 0.286, 0.571, 8.0, 8, 16, 1, 1
8, 69, 552, 8.625, 0.098, 0.344, 1.38, 54, 190, 39, 1
5, 13, 65, 2.6, 0.154, 0.662, 10.0, 10, 43, 1, 1
9, 508, 4572, 56.444, 0.164, 0.69, 1.22, 748, 3154, 614, 1
9, 283, 2547, 31.444, 0.186, 0.727, 1.22, 474, 1852, 389, 1
5, 98, 490, 19.6, 0.341, 0.639, 2.14, 167, 313, 78, 1
25, 291, 7275, 11.64, 0.456, 0.934, 7.29, 3315, 6796, 455, 1
8, 110, 880, 13.75, 0.23, 0.872, 1.66, 202, 767, 122, 1
9, 180, 1620, 20.0, 0.374, 0.759, 2.86, 606, 1230, 212, 1
8, 123, 984, 15.375, 0.402, 0.75, 2.71, 396, 738, 146, 1
5, 4, 20, 0.8, 0.45, 0.45, 9.0, 9, 9, 1, 1
9, 272, 2448, 30.222, 0.137, 0.532, 1.33, 336, 1303, 252, 1
9, 101, 909, 11.222, 0.211, 0.816, 1.37, 192, 742, 140, 1
9, 508, 4572, 56.444, 0.16, 0.52, 1.3, 732, 2379, 563, 1
2, 535, 1070, 267.5, 0.545, 0.629, 24.29, 583, 673, 24, 2
14, 298, 4172, 21.286, 0.207, 0.71, 3.49, 862, 2962, 247, 1
8, 75, 600, 9.375, 0.423, 0.87, 3.02, 254, 522, 84, 1
10, 185, 1850, 18.5, 0.36, 0.688, 2.81, 666, 1272, 237, 1
3, 470, 1410, 156.67, 0.352, 0.387, 23.62, 496, 545, 21, 2
2, 64, 128, 32.0, 0.43, 0.602, 3.93, 55, 77, 14, 2
9, 245, 2205, 27.222, 0.16, 0.607, 1.39, 353, 1338, 254, 1
1, 249, 249, 249.0, 0.173, 1.0, 1.02, 43, 249, 42, 1
7, 193, 1351, 27.571, 0.206, 0.813, 1.37, 278, 1099, 203, 1
7, 305, 2135, 43.571, 0.109, 0.501, 1.21, 232, 1069, 191, 1
1, 200, 200, 200.0, 0.13, 1.0, 1.04, 26, 200, 25, 1
7, 147, 1029, 21.0, 0.215, 0.956, 1.28, 221, 984, 173, 1
25, 471, 11775, 18.84, 0.449, 0.886, 7.8, 5290, 10437, 678, 1
25, 495, 12375, 19.8, 0.464, 0.952, 7.33, 5748, 11777, 784, 1
8, 59, 472, 7.375, 0.381, 0.873, 2.77, 180, 412, 65, 1
2, 537, 1074, 268.5, 0.507, 0.528, 181.33, 544, 567, 3, 2
7, 152, 1064, 21.714, 0.214, 0.73, 1.27, 228, 777, 179, 1
14, 38, 532, 2.714, 0.227, 0.844, 2.95, 121, 449, 41, 1
28, 32, 896, 1.143, 0.488, 0.743, 7.05, 437, 666, 62, 3
7, 215, 1505, 30.714, 0.548, 0.997, 3.35, 824, 1500, 246, 1
9, 83, 747, 9.222, 0.376, 0.687, 2.49, 281, 513, 113, 1
9, 185, 1665, 20.556, 0.386, 0.686, 2.83, 643, 1142, 227, 1
9, 169, 1521, 18.778, 0.343, 0.696, 2.61, 522, 1058, 200, 1
2, 63, 126, 31.5, 0.341, 0.508, 10.75, 43, 64, 4, 2
9, 151, 1359, 16.778, 0.184, 0.5, 1.4, 250, 679, 178, 1
9, 536, 4824, 59.556, 0.189, 0.813, 1.38, 913, 3924, 662, 1
7, 86, 602, 12.286, 0.244, 0.831, 1.27, 147, 500, 116, 1
2, 475, 950, 237.5, 0.504, 0.544, 95.8, 479, 517, 5, 2
7, 219, 1533, 31.286, 0.182, 0.798, 1.26, 279, 1224, 222, 1
5, 13, 65, 2.6, 0.338, 0.723, 2.2, 22, 47, 10, 1
8, 109, 872, 13.625, 0.2, 0.854, 1.39, 174, 745, 125, 1
10, 251, 2510, 25.1, 0.151, 0.567, 1.29, 378, 1423, 293, 1
9, 280, 2520, 31.111, 0.165, 0.684, 1.24, 415, 1724, 336, 1
8, 209, 1672, 26.125, 0.173, 0.828, 1.27, 290, 1384, 228, 1
1, 109, 109, 109.0, 0.183, 1.0, 1.05, 20, 109, 19, 1
7, 62, 434, 8.857, 0.189, 0.756, 1.28, 82, 328, 64, 1
1, 278, 278, 278.0, 0.946, 1.0, 29.22, 263, 278, 9, 2
10, 251, 2510, 25.1, 0.141, 0.621, 1.23, 354, 1559, 287, 1
1, 89, 89, 89.0, 0.169, 1.0, 1.07, 15, 89, 14, 1
25, 178, 4450, 7.12, 0.49, 0.896, 7.9, 2181, 3988, 276, 1
8, 63, 504, 7.875, 0.321, 0.954, 1.82, 162, 481, 89, 1
9, 249, 2241, 27.667, 0.301, 0.739, 1.96, 674, 1655, 344, 1
7, 14, 98, 2.0, 0.296, 0.786, 2.9, 29, 77, 10, 1
8, 15, 120, 1.875, 0.25, 0.808, 2.14, 30, 97, 14, 1
10, 511, 5110, 51.1, 0.161, 0.634, 1.43, 822, 3238, 575, 1
11, 511, 5621, 46.455, 0.17, 0.538, 1.42, 956, 3023, 671, 1
7, 45, 315, 6.429, 0.254, 0.813, 1.4, 80, 256, 57, 1
8, 73, 584, 9.125, 0.235, 0.803, 1.47, 137, 469, 93, 1
6, 83, 498, 13.833, 0.329, 0.823, 1.58, 164, 410, 104, 1
10, 510, 5100, 51.0, 0.163, 0.542, 1.36, 832, 2763, 612, 1
7, 13, 91, 1.857, 0.374, 1.0, 1.89, 34, 91, 18, 1
14, 227, 3178, 16.214, 0.237, 0.839, 3.34, 754, 2667, 226, 1
13, 38, 494, 2.923, 0.324, 0.935, 3.81, 160, 462, 42, 1
25, 186, 4650, 7.44, 0.485, 0.942, 7.39, 2253, 4379, 305, 1
8, 57, 456, 7.125, 0.434, 0.958, 2.91, 198, 437, 68, 1
9, 181, 1629, 20.111, 0.375, 0.738, 2.9, 611, 1202, 211, 1
10, 506, 5060, 50.6, 0.15, 0.589, 1.34, 758, 2980, 564, 1
9, 352, 3168, 39.111, 0.205, 0.692, 1.34, 651, 2193, 486, 1
9, 172, 1548, 19.111, 0.171, 0.731, 1.31, 265, 1131, 202, 1
7, 151, 1057, 21.571, 0.077, 0.434, 1.33, 81, 459, 61, 1
14, 57, 798, 4.071, 0.727, 0.951, 11.84, 580, 759, 49, 1
25, 186, 4650, 7.44, 0.456, 0.868, 8.06, 2121, 4035, 263, 1
7, 63, 441, 9.0, 0.338, 0.941, 1.94, 149, 415, 77, 1
9, 167, 1503, 18.556, 0.378, 0.727, 2.88, 568, 1093, 197, 1
2, 537, 1074, 268.5, 0.537, 0.609, 22.19, 577, 654, 26, 2
7, 315, 2205, 45.0, 0.056, 0.248, 1.13, 124, 546, 110, 1
9, 278, 2502, 30.889, 0.176, 0.594, 1.28, 440, 1485, 345, 1
9, 99, 891, 11.0, 0.189, 0.745, 1.4, 168, 664, 120, 1
9, 120, 1080, 13.333, 0.176, 0.752, 1.29, 190, 812, 147, 1
6, 13, 78, 2.167, 0.372, 0.987, 1.71, 29, 77, 17, 1
2, 537, 1074, 268.5, 0.523, 0.567, 62.44, 562, 609, 9, 2
5, 13, 65, 2.6, 0.262, 0.769, 2.43, 17, 50, 7, 1
1, 31, 31, 31.0, 0.226, 1.0, 1.17, 7, 31, 6, 1
5, 98, 490, 19.6, 0.316, 0.704, 1.82, 155, 345, 85, 1
25, 187, 4675, 7.48, 0.472, 0.943, 7.28, 2207, 4408, 303, 1
8, 100, 800, 12.5, 0.485, 0.879, 3.43, 388, 703, 113, 1
2, 32, 64, 16.0, 0.516, 0.531, 33.0, 33, 34, 1, 2
9, 326, 2934, 36.222, 0.171, 0.641, 1.3, 501, 1882, 385, 1
1, 99, 99, 99.0, 0.192, 1.0, 1.06, 19, 99, 18, 1
6, 81, 486, 13.5, 0.282, 0.932, 1.34, 137, 453, 102, 1
1, 70, 70, 70.0, 0.2, 1.0, 1.08, 14, 70, 13, 1
8, 241, 1928, 30.125, 0.119, 0.498, 1.26, 230, 960, 182, 1
8, 242, 1936, 30.25, 0.128, 0.574, 1.27, 247, 1111, 195, 1
1, 118, 118, 118.0, 0.186, 1.0, 1.05, 22, 118, 21, 1
6, 39, 234, 6.5, 0.192, 0.197, 45.0, 45, 46, 1, 2
12, 278, 3336, 23.167, 0.11, 0.144, 15.91, 366, 479, 23, 2
83, 277, 22991, 3.337, 0.18, 0.365, 6.86, 4138, 8387, 603, 5
38, 1, 38, 0.026, 1.0, 1.0, 38.0, 38, 38, 1, 4
11, 20, 220, 1.818, 0.223, 0.373, 2.58, 49, 82, 19, 1
1, 25, 25, 25.0, 1.0, 1.0, 25.0, 25, 25, 1, 4
14, 12, 168, 0.857, 0.661, 0.851, 9.25, 111, 143, 12, 1
9, 9, 81, 1.0, 0.728, 0.889, 7.38, 59, 72, 8, 1
11, 190, 2090, 17.273, 0.239, 0.457, 2.11, 500, 955, 237, 1
1, 11, 11, 11.0, 1.0, 1.0, 11.0, 11, 11, 1, 2
1, 7, 7, 7.0, 1.0, 1.0, 7.0, 7, 7, 1, 2
10, 37, 370, 3.7, 0.592, 0.722, 8.11, 219, 267, 27, 1
11, 71, 781, 6.455, 0.461, 0.659, 5.54, 360, 515, 65, 1
11, 288, 3168, 26.182, 0.248, 0.5, 2.04, 787, 1584, 386, 1
14, 27, 378, 1.929, 0.479, 0.709, 7.24, 181, 268, 25, 1
13, 67, 871, 5.154, 0.432, 0.517, 6.6, 376, 450, 57, 1
10, 31, 310, 3.1, 0.645, 0.774, 6.67, 200, 240, 30, 1
12, 85, 1020, 7.083, 0.476, 0.614, 5.4, 486, 626, 90, 1
93, 104, 9672, 1.118, 0.451, 0.611, 4.25, 4366, 5908, 1028, 3
14, 12, 168, 0.857, 0.429, 0.732, 6.55, 72, 123, 11, 1
42, 1, 42, 0.024, 1.0, 1.0, 42.0, 42, 42, 1, 4
14, 340, 4760, 24.286, 0.383, 0.521, 5.07, 1824, 2480, 360, 1
11, 17, 187, 1.545, 0.321, 0.652, 4.29, 60, 122, 14, 1
13, 6, 78, 0.462, 0.436, 0.449, 34.0, 34, 35, 1, 1
10, 80, 800, 8.0, 0.275, 0.435, 3.93, 220, 348, 56, 1
10, 89, 890, 8.9, 0.252, 0.496, 3.25, 224, 441, 69, 1
2, 16, 32, 8.0, 0.25, 0.531, 2.67, 8, 17, 3, 2
1, 136, 136, 136.0, 0.963, 1.0, 32.75, 131, 136, 4, 2
9, 83, 747, 9.222, 0.371, 0.727, 3.3, 277, 543, 84, 1
11, 90, 990, 8.182, 0.47, 0.718, 4.6, 465, 711, 101, 1
14, 1, 14, 0.071, 1.0, 1.0, 14.0, 14, 14, 1, 4
14, 314, 4396, 22.429, 0.379, 0.721, 4.66, 1664, 3168, 357, 1
10, 159, 1590, 15.9, 0.377, 0.763, 3.13, 600, 1213, 192, 1
14, 91, 1274, 6.5, 0.389, 0.628, 5.05, 495, 800, 98, 1
11, 161, 1771, 14.636, 0.329, 0.605, 3.05, 582, 1071, 191, 1
9, 62, 558, 6.889, 0.403, 0.665, 3.26, 225, 371, 69, 1
10, 18, 180, 1.8, 0.656, 0.9, 6.94, 118, 162, 17, 1
8, 154, 1232, 19.25, 0.424, 0.87, 2.75, 522, 1072, 190, 1
54, 357, 19278, 6.611, 0.299, 0.655, 6.4, 5766, 12626, 901, 5
12, 72, 864, 6.0, 0.623, 0.86, 6.73, 538, 743, 80, 1
10, 9, 90, 0.9, 0.644, 0.689, 58.0, 58, 62, 1, 1
8, 141, 1128, 17.625, 0.447, 0.932, 2.45, 504, 1051, 206, 1
14, 372, 5208, 26.571, 0.378, 0.586, 4.99, 1971, 3050, 395, 1
10, 143, 1430, 14.3, 0.355, 0.775, 2.33, 508, 1108, 218, 1
23, 124, 2852, 5.391, 0.941, 1.0, 17.21, 2684, 2852, 156, 1
10, 186, 1860, 18.6, 0.347, 0.771, 2.42, 645, 1434, 267, 1
14, 265, 3710, 18.929, 0.354, 0.565, 4.47, 1315, 2097, 294, 1
3, 3, 9, 1.0, 0.889, 0.889, 8.0, 8, 8, 1, 1
10, 9, 90, 0.9, 0.689, 0.789, 10.33, 62, 71, 6, 1
8, 126, 1008, 15.75, 0.469, 0.961, 2.87, 473, 969, 165, 1
14, 367, 5138, 26.214, 0.349, 0.576, 4.5, 1791, 2962, 398, 1
11, 344, 3784, 31.273, 0.446, 0.712, 4.71, 1686, 2694, 358, 1
11, 167, 1837, 15.182, 0.371, 0.8, 2.86, 681, 1470, 238, 1
14, 326, 4564, 23.286, 0.363, 0.589, 4.4, 1657, 2689, 377, 1
3, 3, 9, 1.0, 0.889, 0.889, 8.0, 8, 8, 1, 1
9, 18, 162, 2.0, 0.623, 0.864, 7.77, 101, 140, 13, 1
1, 255, 255, 255.0, 0.686, 1.0, 4.86, 175, 255, 36, 2
17, 203, 3451, 11.941, 0.925, 0.999, 14.19, 3192, 3448, 225, 1
13, 222, 2886, 17.077, 0.377, 0.692, 4.92, 1087, 1997, 221, 1
17, 266, 4522, 15.647, 0.921, 1.0, 12.82, 4167, 4522, 325, 1
8, 1, 8, 0.125, 1.0, 1.0, 8.0, 8, 8, 1, 4
12, 175, 2100, 14.583, 0.403, 0.774, 4.28, 847, 1625, 198, 1
17, 98, 1666, 5.765, 0.929, 1.0, 14.88, 1548, 1666, 104, 1
10, 17, 170, 1.7, 0.482, 0.759, 6.83, 82, 129, 12, 1
12, 252, 3024, 21.0, 0.416, 0.682, 4.75, 1259, 2062, 265, 1
1, 30, 30, 30.0, 0.4, 1.0, 2.4, 12, 30, 5, 2
8, 50, 400, 6.25, 0.528, 0.955, 3.01, 211, 382, 70, 1
26, 378, 9828, 14.538, 0.229, 0.584, 3.46, 2252, 5737, 650, 1
24, 166, 3984, 6.917, 0.905, 0.98, 17.08, 3604, 3905, 211, 1
14, 419, 5866, 29.929, 0.373, 0.603, 4.51, 2188, 3535, 485, 1
3, 3, 9, 1.0, 0.889, 0.889, 8.0, 8, 8, 1, 1
14, 417, 5838, 29.786, 0.359, 0.559, 4.48, 2094, 3262, 467, 1
9, 19, 171, 2.111, 0.62, 0.836, 7.57, 106, 143, 14, 1
12, 272, 3264, 22.667, 0.329, 0.75, 2.74, 1075, 2448, 393, 1
11, 98, 1078, 8.909, 0.378, 0.724, 3.04, 408, 781, 134, 1
168, 135, 22680, 0.804, 0.82, 0.904, 62.81, 18591, 20513, 296, 3
9, 1, 9, 0.111, 1.0, 1.0, 9.0, 9, 9, 1, 4
12, 72, 864, 6.0, 0.615, 0.862, 6.4, 531, 745, 83, 1
11, 185, 2035, 16.818, 0.487, 0.883, 4.5, 991, 1796, 220, 1
10, 10, 100, 1.0, 0.52, 0.53, 52.0, 52, 53, 1, 1
10, 16, 160, 1.6, 0.619, 0.963, 6.19, 99, 154, 16, 1
7, 123, 861, 17.571, 0.419, 0.962, 2.62, 361, 828, 138, 1
28, 333, 9324, 11.893, 0.351, 0.65, 4.55, 3270, 6057, 718, 1
7, 157, 1099, 22.429, 0.439, 0.874, 2.77, 482, 961, 174, 1
3, 3, 9, 1.0, 0.889, 1.0, 8.0, 8, 9, 1, 1
9, 369, 3321, 41.0, 0.329, 0.639, 2.67, 1094, 2122, 409, 1
7, 14, 98, 2.0, 0.102, 0.204, 10.0, 10, 20, 1, 2
1, 15, 15, 15.0, 0.533, 1.0, 2.0, 8, 15, 4, 2
9, 82, 738, 9.111, 0.312, 0.669, 2.74, 230, 494, 84, 1
24, 170, 4080, 7.083, 0.931, 0.999, 17.04, 3799, 4075, 223, 1
24, 209, 5016, 8.708, 0.926, 0.992, 17.27, 4645, 4976, 269, 1
17, 350, 5950, 20.588, 0.363, 0.577, 5.22, 2162, 3433, 414, 1
12, 266, 3192, 22.167, 0.338, 0.667, 2.72, 1079, 2130, 397, 1
11, 198, 2178, 18.0, 0.383, 0.773, 2.9, 834, 1683, 288, 1
72, 96, 6912, 1.333, 0.488, 0.582, 15.69, 3374, 4025, 215, 3
11, 72, 792, 6.545, 0.665, 0.938, 6.35, 527, 743, 83, 1
16, 341, 5456, 21.313, 0.378, 0.724, 5.23, 2060, 3949, 394, 1
25, 203, 5075, 8.12, 0.837, 0.929, 15.22, 4246, 4713, 279, 1
11, 56, 616, 5.091, 0.386, 0.7, 3.09, 238, 431, 77, 1
12, 22, 264, 1.833, 0.621, 0.788, 9.65, 164, 208, 17, 1
23, 120, 2760, 5.217, 0.942, 1.0, 17.44, 2599, 2760, 149, 1
11, 23, 253, 2.091, 0.585, 0.834, 8.22, 148, 211, 18, 1
12, 22, 264, 1.833, 0.538, 0.852, 8.35, 142, 225, 17, 1
17, 398, 6766, 23.412, 0.32, 0.608, 5.3, 2162, 4117, 408, 1
16, 212, 3392, 13.25, 0.376, 0.693, 5.75, 1276, 2349, 222, 1
3, 424, 1272, 141.33, 0.537, 0.557, 136.6, 683, 709, 5, 1
9, 83, 747, 9.222, 0.356, 0.914, 2.77, 266, 683, 96, 1
16, 227, 3632, 14.188, 0.41, 0.731, 4.97, 1490, 2654, 300, 1
16, 382, 6112, 23.875, 0.375, 0.6, 5.16, 2292, 3670, 444, 1
11, 20, 220, 1.818, 0.577, 0.882, 8.47, 127, 194, 15, 1
16, 309, 4944, 19.313, 0.382, 0.549, 5.38, 1890, 2713, 351, 1
15, 294, 4410, 19.6, 0.395, 0.651, 5.28, 1743, 2872, 330, 1
3, 4, 12, 1.333, 0.833, 0.917, 10.0, 10, 11, 1, 1
7, 54, 378, 7.714, 0.497, 0.849, 3.42, 188, 321, 55, 1
1, 23, 23, 23.0, 0.348, 1.0, 1.6, 8, 23, 5, 2
16, 352, 5632, 22.0, 0.39, 0.738, 5.25, 2196, 4157, 418, 1
14, 2, 28, 0.143, 0.536, 0.536, 15.0, 15, 15, 1, 4
24, 135, 3240, 5.625, 0.911, 0.966, 18.69, 2953, 3131, 158, 1
11, 2, 22, 0.182, 0.636, 0.636, 14.0, 14, 14, 1, 4
11, 22, 242, 2.0, 0.632, 0.864, 8.05, 153, 209, 19, 1
15, 268, 4020, 17.867, 0.413, 0.731, 5.1, 1661, 2940, 326, 1
11, 94, 1034, 8.545, 0.38, 0.677, 3.12, 393, 700, 126, 1
10, 57, 570, 5.7, 0.407, 0.739, 2.94, 232, 421, 79, 1
16, 439, 7024, 27.438, 0.384, 0.724, 5.09, 2696, 5084, 530, 1
11, 436, 4796, 39.636, 0.336, 0.755, 2.86, 1612, 3623, 564, 1
11, 22, 242, 2.0, 0.603, 0.888, 8.59, 146, 215, 17, 1
11, 378, 4158, 34.364, 0.33, 0.684, 2.95, 1371, 2846, 465, 1
9, 1, 9, 0.111, 1.0, 1.0, 9.0, 9, 9, 1, 4
77, 271, 20867, 3.519, 0.478, 0.744, 11.28, 9981, 15523, 885, 1
8, 13, 104, 1.625, 0.663, 0.817, 6.9, 69, 85, 10, 1
8, 13, 104, 1.625, 0.635, 0.788, 8.25, 66, 82, 8, 1
10, 248, 2480, 24.8, 0.356, 0.729, 2.6, 883, 1807, 340, 1
8, 48, 384, 6.0, 0.354, 0.901, 1.68, 136, 346, 81, 1
9, 281, 2529, 31.222, 0.272, 0.856, 1.73, 687, 2164, 398, 1
7, 13, 91, 1.857, 0.791, 0.978, 6.0, 72, 89, 12, 1
9, 276, 2484, 30.667, 0.388, 0.846, 2.58, 964, 2102, 373, 1
8, 13, 104, 1.625, 0.625, 0.817, 5.91, 65, 85, 11, 1
8, 12, 96, 1.5, 0.583, 0.813, 6.22, 56, 78, 9, 1
8, 184, 1472, 23.0, 0.237, 0.777, 1.64, 349, 1144, 213, 1
7, 5, 35, 0.714, 0.829, 0.829, 29.0, 29, 29, 1, 1
6, 130, 780, 21.667, 0.253, 0.528, 2.05, 197, 412, 96, 1
87, 116, 10092, 1.333, 0.406, 0.416, 104.95, 4093, 4194, 39, 1
17, 24, 408, 1.412, 0.426, 0.735, 4.7, 174, 300, 37, 1
9, 159, 1431, 17.667, 0.249, 0.605, 1.93, 356, 866, 184, 1
8, 206, 1648, 25.75, 0.236, 0.793, 1.64, 389, 1307, 237, 1
17, 21, 357, 1.235, 0.373, 0.613, 16.63, 133, 219, 8, 1
9, 73, 657, 8.111, 0.298, 0.627, 2.55, 196, 412, 77, 1
8, 109, 872, 13.625, 0.219, 0.595, 1.61, 191, 519, 119, 1
8, 76, 608, 9.5, 0.232, 0.51, 1.88, 141, 310, 75, 1
7, 231, 1617, 33.0, 0.26, 0.64, 1.71, 420, 1035, 246, 1
7, 227, 1589, 32.429, 0.217, 0.509, 1.6, 345, 809, 215, 1
8, 192, 1536, 24.0, 0.207, 0.579, 1.57, 318, 889, 203, 1
7, 135, 945, 19.286, 0.156, 0.753, 1.23, 147, 712, 120, 1
3, 5, 15, 1.667, 0.533, 0.8, 4.0, 8, 12, 2, 1
5, 177, 885, 35.4, 0.226, 0.498, 1.71, 200, 441, 117, 1
6, 47, 282, 7.833, 0.177, 0.45, 1.61, 50, 127, 31, 1
4, 25, 100, 6.25, 0.28, 0.71, 1.33, 28, 71, 21, 1
7, 162, 1134, 23.143, 0.096, 0.235, 1.49, 109, 266, 73, 1
10, 189, 1890, 18.9, 0.263, 0.515, 2.34, 498, 973, 213, 1
7, 111, 777, 15.857, 0.254, 0.883, 1.5, 197, 686, 131, 1
18, 185, 3330, 10.278, 0.163, 0.358, 2.39, 544, 1193, 228, 1
6, 71, 426, 11.833, 0.329, 0.958, 1.57, 140, 408, 89, 1
17, 34, 578, 2.0, 0.123, 0.156, 17.75, 71, 90, 4, 1
6, 28, 168, 4.667, 0.327, 0.589, 2.12, 55, 99, 26, 1
7, 72, 504, 10.286, 0.236, 0.651, 1.7, 119, 328, 70, 1
9, 153, 1377, 17.0, 0.304, 0.848, 2.06, 419, 1168, 203, 1
84, 1, 84, 0.012, 1.0, 1.0, 84.0, 84, 84, 1, 4
10, 325, 3250, 32.5, 0.215, 0.692, 1.51, 700, 2248, 463, 1
17, 24, 408, 1.412, 0.36, 0.708, 5.88, 147, 289, 25, 1
7, 50, 350, 7.143, 0.266, 0.74, 1.45, 93, 259, 64, 1
117, 1, 117, 0.0090, 1.0, 1.0, 117.0, 117, 117, 1, 4
5, 93, 465, 18.6, 0.351, 1.0, 1.66, 163, 465, 98, 1
6, 97, 582, 16.167, 0.232, 0.852, 1.55, 135, 496, 87, 1
6, 96, 576, 16.0, 0.335, 0.703, 2.44, 193, 405, 79, 1
5, 63, 315, 12.6, 0.368, 0.927, 2.0, 116, 292, 58, 1
6, 96, 576, 16.0, 0.309, 0.644, 2.44, 178, 371, 73, 1
6, 96, 576, 16.0, 0.351, 0.755, 2.43, 202, 435, 83, 1
16, 24, 384, 1.5, 0.411, 0.872, 4.51, 158, 335, 35, 1
6, 96, 576, 16.0, 0.302, 0.795, 2.2, 174, 458, 79, 1
10, 282, 2820, 28.2, 0.191, 0.701, 1.43, 540, 1977, 378, 1
9, 183, 1647, 20.333, 0.218, 0.6, 1.42, 359, 989, 252, 1
6, 93, 558, 15.5, 0.276, 0.962, 1.52, 154, 537, 101, 1
9, 80, 720, 8.889, 0.231, 0.694, 1.54, 166, 500, 108, 1
5, 96, 480, 19.2, 0.329, 0.717, 2.14, 158, 344, 74, 1
6, 96, 576, 16.0, 0.293, 0.724, 2.09, 169, 417, 81, 1
160, 286, 45760, 1.788, 0.201, 0.226, 55.42, 9199, 10347, 166, 5
9, 9, 81, 1.0, 0.321, 0.395, 13.0, 26, 32, 2, 1
11, 57, 627, 5.182, 0.343, 0.678, 2.95, 215, 425, 73, 1
9, 160, 1440, 17.778, 0.215, 0.8, 1.58, 310, 1152, 196, 1
9, 127, 1143, 14.111, 0.213, 0.679, 1.58, 243, 776, 154, 1
6, 7, 42, 1.167, 0.333, 0.952, 1.4, 14, 40, 10, 1
9, 88, 792, 9.778, 0.263, 0.726, 1.59, 208, 575, 131, 1
7, 38, 266, 5.429, 0.41, 0.91, 1.82, 109, 242, 60, 1
7, 36, 252, 5.143, 0.456, 0.98, 2.05, 115, 247, 56, 1
9, 98, 882, 10.889, 0.285, 0.645, 2.06, 251, 569, 122, 1
6, 21, 126, 3.5, 0.238, 0.738, 1.58, 30, 93, 19, 1
8, 69, 552, 8.625, 0.261, 0.879, 1.47, 144, 485, 98, 1
6, 10, 60, 1.667, 0.183, 0.65, 1.83, 11, 39, 6, 1
6, 7, 42, 1.167, 0.333, 0.738, 2.33, 14, 31, 6, 1
7, 8, 56, 1.143, 0.214, 0.625, 1.71, 12, 35, 7, 1
9, 32, 288, 3.556, 0.417, 0.715, 3.08, 120, 206, 39, 1
7, 8, 56, 1.143, 0.304, 0.768, 1.42, 17, 43, 12, 1
1, 77, 77, 77.0, 0.325, 1.0, 1.04, 25, 77, 24, 1
6, 82, 492, 13.667, 0.104, 0.303, 1.31, 51, 149, 39, 1
9, 72, 648, 8.0, 0.255, 0.494, 2.01, 165, 320, 82, 1
16, 90, 1440, 5.625, 0.197, 0.77, 1.39, 283, 1109, 204, 1
67, 296, 19832, 4.418, 0.088, 0.285, 1.54, 1748, 5649, 1134, 1
8, 117, 936, 14.625, 0.201, 0.698, 1.45, 188, 653, 130, 1
9, 55, 495, 6.111, 0.275, 0.661, 1.92, 136, 327, 71, 1
9, 49, 441, 5.444, 0.252, 0.739, 1.61, 111, 326, 69, 1
6, 20, 120, 3.333, 0.317, 0.983, 1.52, 38, 118, 25, 1
10, 285, 2850, 28.5, 0.175, 0.598, 1.58, 499, 1703, 315, 1
6, 13, 78, 2.167, 0.295, 0.692, 1.53, 23, 54, 15, 1
5, 16, 80, 3.2, 0.25, 0.938, 2.0, 20, 75, 10, 1
7, 27, 189, 3.857, 0.259, 0.688, 1.44, 49, 130, 34, 1
7, 22, 154, 3.143, 0.097, 0.403, 1.36, 15, 62, 11, 1
5, 42, 210, 8.4, 0.257, 0.838, 1.46, 54, 176, 37, 1
7, 35, 245, 5.0, 0.245, 0.804, 1.36, 60, 197, 44, 1
7, 39, 273, 5.571, 0.147, 0.48, 1.67, 40, 131, 24, 1
7, 40, 280, 5.714, 0.25, 0.832, 1.59, 70, 233, 44, 1
5, 29, 145, 5.8, 0.276, 0.779, 1.6, 40, 113, 25, 1
36, 186, 6696, 5.167, 0.318, 0.654, 7.28, 2126, 4382, 292, 1
11, 60, 660, 5.455, 0.271, 0.85, 1.97, 179, 561, 91, 1
13, 390, 5070, 30.0, 0.182, 0.735, 1.56, 924, 3727, 593, 1
1, 58, 58, 58.0, 0.845, 1.0, 9.8, 49, 58, 5, 2
1, 107, 107, 107.0, 0.869, 1.0, 18.6, 93, 107, 5, 2
14, 440, 6160, 31.429, 0.158, 0.626, 1.54, 975, 3857, 632, 1
3, 550, 1650, 183.33, 0.339, 0.401, 15.11, 559, 662, 37, 2
14, 422, 5908, 30.143, 0.18, 0.58, 1.7, 1062, 3426, 624, 1
13, 311, 4043, 23.923, 0.216, 0.759, 1.63, 873, 3069, 537, 1
3, 463, 1389, 154.33, 0.296, 0.382, 13.7, 411, 531, 30, 2
14, 409, 5726, 29.214, 0.172, 0.578, 1.79, 984, 3307, 551, 1
1, 206, 206, 206.0, 0.99, 1.0, 204.0, 204, 206, 1, 2
13, 218, 2834, 16.769, 0.216, 0.737, 1.78, 612, 2090, 344, 1
1, 17, 17, 17.0, 1.0, 1.0, 17.0, 17, 17, 1, 2
1, 34, 34, 34.0, 0.471, 1.0, 1.07, 16, 34, 15, 2
7, 18, 126, 2.571, 0.167, 0.437, 2.63, 21, 55, 8, 1
9, 311, 2799, 34.556, 0.163, 0.582, 1.34, 456, 1629, 340, 1
9, 1, 9, 0.111, 1.0, 1.0, 9.0, 9, 9, 1, 4
2, 52, 104, 26.0, 0.231, 0.529, 1.5, 24, 55, 16, 2
9, 181, 1629, 20.111, 0.217, 0.661, 1.66, 354, 1077, 213, 1
9, 134, 1206, 14.889, 0.216, 0.68, 1.65, 260, 820, 158, 1
7, 65, 455, 9.286, 0.215, 0.798, 1.38, 98, 363, 71, 1
7, 178, 1246, 25.429, 0.242, 0.795, 1.41, 301, 990, 213, 1
9, 268, 2412, 29.778, 0.132, 0.534, 1.24, 319, 1288, 258, 1
1, 106, 106, 106.0, 0.434, 1.0, 1.02, 46, 106, 45, 2
7, 135, 945, 19.286, 0.202, 0.732, 1.43, 191, 692, 134, 1
7, 91, 637, 13.0, 0.179, 0.816, 1.24, 114, 520, 92, 1
7, 346, 2422, 49.429, 0.167, 0.707, 1.19, 404, 1712, 339, 1
7, 42, 294, 6.0, 0.143, 0.714, 1.27, 42, 210, 33, 1
20, 30, 600, 1.5, 0.433, 0.597, 13.68, 260, 358, 19, 1
1, 67, 67, 67.0, 0.985, 1.0, 66.0, 66, 67, 1, 2
1, 10, 10, 10.0, 1.0, 1.0, 10.0, 10, 10, 1, 2
8, 32, 256, 4.0, 0.402, 0.496, 34.33, 103, 127, 3, 1
8, 28, 224, 3.5, 0.438, 0.496, 19.6, 98, 111, 5, 1
7, 42, 294, 6.0, 0.405, 0.976, 2.05, 119, 287, 58, 1
10, 82, 820, 8.2, 0.3, 0.832, 2.05, 246, 682, 120, 1
10, 31, 310, 3.1, 0.281, 0.606, 1.98, 87, 188, 44, 1
2, 25, 50, 12.5, 0.36, 1.0, 4.5, 18, 50, 4, 2
2, 24, 48, 12.0, 0.354, 1.0, 3.4, 17, 48, 5, 2
2, 21, 42, 10.5, 0.452, 1.0, 6.33, 19, 42, 3, 2
14, 102, 1428, 7.286, 0.356, 0.709, 2.96, 509, 1013, 172, 1
10, 10, 100, 1.0, 0.57, 0.91, 3.17, 57, 91, 18, 1
14, 84, 1176, 6.0, 0.261, 0.623, 2.31, 307, 733, 133, 1
11, 64, 704, 5.818, 0.395, 0.558, 3.35, 278, 393, 83, 1
7, 4, 28, 0.571, 0.714, 0.929, 10.0, 20, 26, 2, 1
6, 7, 42, 1.167, 0.357, 0.548, 7.5, 15, 23, 2, 1
11, 99, 1089, 9.0, 0.23, 0.601, 2.14, 250, 654, 117, 1
9, 85, 765, 9.444, 0.302, 0.812, 1.82, 231, 621, 127, 1
9, 92, 828, 10.222, 0.365, 0.954, 2.2, 302, 790, 137, 1
1, 52, 52, 52.0, 0.981, 1.0, 51.0, 51, 52, 1, 2
10, 11, 110, 1.1, 0.373, 1.0, 1.58, 41, 110, 26, 1
8, 27, 216, 3.375, 0.218, 0.829, 2.14, 47, 179, 22, 1
311, 463, 143993, 1.489, 0.088, 0.16, 3.93, 12631, 23092, 3212, 5
12, 101, 1212, 8.417, 0.292, 0.792, 1.99, 354, 960, 178, 1
12, 85, 1020, 7.083, 0.305, 0.828, 1.94, 311, 845, 160, 1
8, 99, 792, 12.375, 0.351, 0.962, 1.66, 278, 762, 167, 1
12, 117, 1404, 9.75, 0.251, 0.635, 1.86, 353, 891, 190, 1
9, 95, 855, 10.556, 0.284, 0.849, 1.91, 243, 726, 127, 1
9, 45, 405, 5.0, 0.319, 0.923, 2.11, 129, 374, 61, 1
1, 148, 148, 148.0, 0.959, 1.0, 47.33, 142, 148, 3, 2
15, 342, 5130, 22.8, 0.24, 0.548, 2.49, 1232, 2810, 495, 1
13, 85, 1105, 6.538, 0.327, 0.633, 2.76, 361, 700, 131, 1
9, 107, 963, 11.889, 0.383, 0.858, 2.22, 369, 826, 166, 1
7, 71, 497, 10.143, 0.394, 0.958, 1.87, 196, 476, 105, 1
12, 80, 960, 6.667, 0.324, 0.673, 2.45, 311, 646, 127, 1
24, 117, 2808, 4.875, 0.347, 0.729, 2.88, 975, 2048, 338, 1
12, 67, 804, 5.583, 0.376, 0.751, 2.99, 302, 604, 101, 1
9, 35, 315, 3.889, 0.397, 0.832, 1.92, 125, 262, 65, 1
7, 10, 70, 1.429, 0.286, 0.886, 1.82, 20, 62, 11, 1
8, 31, 248, 3.875, 0.298, 0.871, 1.45, 74, 216, 51, 1
8, 25, 200, 3.125, 0.24, 0.91, 1.45, 48, 182, 33, 1
4, 18, 72, 4.5, 0.333, 0.667, 1.71, 24, 48, 14, 1
7, 11, 77, 1.571, 0.364, 1.0, 1.33, 28, 77, 21, 1
7, 43, 301, 6.143, 0.249, 0.807, 1.29, 75, 243, 58, 1
7, 13, 91, 1.857, 0.286, 0.989, 1.73, 26, 90, 15, 1
6, 28, 168, 4.667, 0.369, 0.78, 1.77, 62, 131, 35, 1
5, 7, 35, 1.4, 0.543, 1.0, 2.11, 19, 35, 9, 1
6, 10, 60, 1.667, 0.317, 0.85, 1.19, 19, 51, 16, 1
7, 16, 112, 2.286, 0.259, 1.0, 2.07, 29, 112, 14, 1
9, 41, 369, 4.556, 0.263, 0.743, 1.41, 97, 274, 69, 1
6, 19, 114, 3.167, 0.289, 0.789, 1.38, 33, 90, 24, 1
8, 32, 256, 4.0, 0.207, 0.797, 1.23, 53, 204, 43, 1
9, 55, 495, 6.111, 0.255, 0.697, 1.38, 126, 345, 91, 1
9, 42, 378, 4.667, 0.235, 0.603, 1.37, 89, 228, 65, 1
7, 23, 161, 3.286, 0.447, 1.0, 1.95, 72, 161, 37, 1
7, 7, 49, 1.0, 0.306, 0.592, 2.14, 15, 29, 7, 1
6, 7, 42, 1.167, 0.524, 1.0, 2.0, 22, 42, 11, 1
8, 35, 280, 4.375, 0.443, 0.996, 2.14, 124, 279, 58, 1
53, 48, 2544, 0.906, 0.157, 0.269, 7.84, 400, 685, 51, 5
6, 18, 108, 3.0, 0.537, 0.981, 2.64, 58, 106, 22, 1
9, 25, 225, 2.778, 0.32, 0.707, 2.25, 72, 159, 32, 1
11, 150, 1650, 13.636, 0.186, 0.533, 2.06, 307, 879, 149, 1
8, 27, 216, 3.375, 0.435, 0.963, 2.14, 94, 208, 44, 1
11, 272, 2992, 24.727, 0.283, 0.703, 1.97, 847, 2103, 431, 1
8, 7, 56, 0.875, 0.411, 0.875, 2.09, 23, 49, 11, 1
9, 26, 234, 2.889, 0.342, 0.821, 2.35, 80, 192, 34, 1
10, 12, 120, 1.2, 0.4, 0.933, 2.29, 48, 112, 21, 1
7, 2, 14, 0.286, 0.714, 0.714, 10.0, 10, 10, 1, 1
9, 14, 126, 1.556, 0.278, 1.0, 2.06, 35, 126, 17, 1
7, 20, 140, 2.857, 0.421, 0.829, 2.46, 59, 116, 24, 1
8, 9, 72, 1.125, 0.361, 0.819, 1.73, 26, 59, 15, 1
8, 45, 360, 5.625, 0.297, 0.564, 1.88, 107, 203, 57, 1
10, 35, 350, 3.5, 0.311, 0.72, 1.88, 109, 252, 58, 1
11, 64, 704, 5.818, 0.25, 0.597, 2.0, 176, 420, 88, 1
5, 20, 100, 4.0, 0.54, 0.95, 2.35, 54, 95, 23, 1
11, 261, 2871, 23.727, 0.251, 0.661, 2.0, 722, 1898, 361, 1
8, 50, 400, 6.25, 0.378, 0.915, 1.7, 151, 366, 89, 1
11, 261, 2871, 23.727, 0.231, 0.596, 1.87, 662, 1711, 354, 1
6, 4, 24, 0.667, 0.5, 0.75, 6.0, 12, 18, 2, 1
10, 25, 250, 2.5, 0.332, 0.772, 1.89, 83, 193, 44, 1
27, 106, 2862, 3.926, 0.261, 0.478, 5.45, 747, 1368, 137, 1
2, 19, 38, 9.5, 0.184, 0.789, 1.4, 7, 30, 5, 1
7, 63, 441, 9.0, 0.288, 0.991, 1.61, 127, 437, 79, 1
6, 81, 486, 13.5, 0.282, 0.957, 1.34, 137, 465, 102, 1
1, 277, 277, 277.0, 1.0, 1.0, 277.0, 277, 277, 1, 2
7, 101, 707, 14.429, 0.501, 0.973, 3.19, 354, 688, 111, 1
8, 101, 808, 12.625, 0.29, 0.978, 1.71, 234, 790, 137, 1
9, 84, 756, 9.333, 0.329, 0.632, 2.08, 249, 478, 120, 1
7, 100, 700, 14.286, 0.279, 0.98, 1.63, 195, 686, 120, 1
7, 143, 1001, 20.429, 0.105, 0.526, 1.28, 105, 527, 82, 1
7, 112, 784, 16.0, 0.168, 0.667, 1.25, 132, 523, 106, 1
10, 17, 170, 1.7, 0.318, 0.529, 3.86, 54, 90, 14, 1
1, 11, 11, 11.0, 0.909, 1.0, 10.0, 10, 11, 1, 2
83, 314, 26062, 3.783, 0.298, 0.671, 8.75, 7772, 17482, 888, 5
1, 18, 18, 18.0, 0.5, 1.0, 3.0, 9, 18, 3, 2
14, 371, 5194, 26.5, 0.38, 0.59, 4.85, 1975, 3066, 407, 1
13, 201, 2613, 15.462, 0.4, 0.722, 4.45, 1046, 1887, 235, 1
11, 62, 682, 5.636, 0.353, 0.78, 3.21, 241, 532, 75, 1
14, 284, 3976, 20.286, 0.365, 0.54, 5.1, 1453, 2147, 285, 1
166, 472, 78352, 2.843, 0.359, 0.547, 17.12, 28093, 42821, 1641, 3
11, 20, 220, 1.818, 0.564, 0.918, 8.86, 124, 202, 14, 1
16, 205, 3280, 12.813, 0.401, 0.799, 5.36, 1314, 2622, 245, 1
4, 17, 68, 4.25, 0.191, 0.647, 1.86, 13, 44, 7, 1
9, 161, 1449, 17.889, 0.273, 0.521, 2.41, 396, 755, 164, 1
5, 92, 460, 18.4, 0.287, 0.604, 1.38, 132, 278, 96, 1
197, 198, 39006, 1.005, 0.273, 0.332, 46.93, 10654, 12964, 227, 5
4, 93, 372, 23.25, 0.312, 0.763, 1.66, 116, 284, 70, 1
13, 284, 3692, 21.846, 0.205, 0.553, 1.87, 758, 2040, 405, 1
6, 39, 234, 6.5, 0.342, 0.936, 2.05, 80, 219, 39, 1
9, 111, 999, 12.333, 0.209, 0.571, 1.57, 209, 570, 133, 1
1, 40, 40, 40.0, 0.4, 1.0, 1.07, 16, 40, 15, 1
6, 31, 186, 5.167, 0.199, 0.565, 1.85, 37, 105, 20, 1
5, 15, 75, 3.0, 0.093, 0.347, 1.4, 7, 26, 5, 1
5, 13, 65, 2.6, 0.292, 0.892, 1.46, 19, 58, 13, 1
14, 412, 5768, 29.429, 0.179, 0.671, 1.59, 1032, 3869, 651, 1
8, 183, 1464, 22.875, 0.185, 0.76, 1.43, 271, 1112, 190, 1
7, 9, 63, 1.286, 0.349, 0.889, 2.2, 22, 56, 10, 1
7, 42, 294, 6.0, 0.262, 0.738, 1.79, 77, 217, 43, 1
7, 346, 2422, 49.429, 0.185, 0.731, 1.26, 448, 1771, 355, 1
28, 82, 2296, 2.929, 0.271, 0.39, 8.9, 623, 895, 70, 1
17, 341, 5797, 20.059, 0.935, 0.998, 36.38, 5420, 5784, 149, 2
11, 11, 121, 1.0, 0.455, 0.876, 4.23, 55, 106, 13, 1
9, 1, 9, 0.111, 1.0, 1.0, 9.0, 9, 9, 1, 4
10, 165, 1650, 16.5, 0.258, 0.695, 1.65, 426, 1147, 258, 1
1, 87, 87, 87.0, 0.92, 1.0, 16.0, 80, 87, 5, 2
1, 279, 279, 279.0, 0.964, 1.0, 38.43, 269, 279, 7, 2
