@relation page-blocks
@attribute Height integer [1, 804]
@attribute Lenght integer [1, 553]
@attribute Area integer [7, 143993]
@attribute Eccen real [0.0070, 537.0]
@attribute P_black real [0.052, 1.0]
@attribute P_and real [0.062, 1.0]
@attribute Mean_tr real [1.0, 4955.0]
@attribute Blackpix integer [1, 33017]
@attribute Blackand integer [7, 46133]
@attribute Wb_trans integer [1, 3212]
@attribute Class {1, 2, 3, 4, 5}
@inputs Height, Lenght, Area, Eccen, P_black, P_and, Mean_tr, Blackpix, Blackand, Wb_trans
@outputs Class
@data
6, 18, 108, 3.0, 0.287, 0.741, 4.43, 31, 80, 7, 1
5, 2, 10, 0.4, 0.8, 1.0, 8.0, 8, 10, 1, 1
5, 19, 95, 3.8, 0.232, 0.4, 5.5, 22, 38, 4, 1
7, 103, 721, 14.714, 0.295, 0.691, 1.76, 213, 498, 121, 1
3, 113, 339, 37.667, 0.41, 0.472, 13.9, 139, 160, 10, 2
3, 59, 177, 19.667, 0.475, 0.475, 84.0, 84, 84, 1, 2
9, 21, 189, 2.333, 0.429, 0.772, 3.0, 81, 146, 27, 1
2, 22, 44, 11.0, 0.75, 0.75, 33.0, 33, 33, 1, 2
8, 95, 760, 11.875, 0.303, 0.937, 1.77, 230, 712, 130, 1
9, 92, 828, 10.222, 0.292, 0.843, 2.05, 242, 698, 118, 1
1, 44, 44, 44.0, 0.25, 1.0, 2.2, 11, 44, 5, 2
11, 20, 220, 1.818, 0.168, 0.75, 3.36, 37, 165, 11, 1
10, 126, 1260, 12.6, 0.425, 0.862, 2.68, 536, 1086, 200, 1
9, 13, 117, 1.444, 0.239, 0.462, 4.67, 28, 54, 6, 1
9, 75, 675, 8.333, 0.256, 0.606, 2.19, 173, 409, 79, 1
9, 40, 360, 4.444, 0.356, 0.967, 2.29, 128, 348, 56, 1
8, 48, 384, 6.0, 0.302, 0.914, 1.76, 116, 351, 66, 1
9, 47, 423, 5.222, 0.274, 0.747, 2.42, 116, 316, 48, 1
9, 41, 369, 4.556, 0.301, 0.886, 1.91, 111, 327, 58, 1
1, 57, 57, 57.0, 0.456, 1.0, 3.71, 26, 57, 7, 2
10, 152, 1520, 15.2, 0.297, 0.778, 2.17, 452, 1182, 208, 1
1, 12, 12, 12.0, 0.583, 1.0, 3.5, 7, 12, 2, 1
6, 27, 162, 4.5, 0.154, 0.481, 2.78, 25, 78, 9, 1
7, 17, 119, 2.429, 0.227, 0.58, 2.7, 27, 69, 10, 1
1, 12, 12, 12.0, 0.583, 1.0, 3.5, 7, 12, 2, 1
11, 8, 88, 0.727, 0.705, 1.0, 7.75, 62, 88, 8, 1
11, 7, 77, 0.636, 0.468, 1.0, 3.6, 36, 77, 10, 1
10, 21, 210, 2.1, 0.329, 0.843, 2.56, 69, 177, 27, 1
9, 19, 171, 2.111, 0.292, 0.76, 2.63, 50, 130, 19, 1
9, 34, 306, 3.778, 0.337, 0.817, 1.81, 103, 250, 57, 1
10, 13, 130, 1.3, 0.108, 0.685, 2.33, 14, 89, 6, 1
9, 82, 738, 9.111, 0.252, 0.74, 2.0, 186, 546, 93, 1
9, 34, 306, 3.778, 0.379, 0.961, 1.71, 116, 294, 68, 1
11, 26, 286, 2.364, 0.297, 0.941, 2.02, 85, 269, 42, 1
7, 33, 231, 4.714, 0.143, 0.844, 2.36, 33, 195, 14, 1
9, 84, 756, 9.333, 0.288, 0.791, 1.83, 218, 598, 119, 1
5, 2, 10, 0.4, 0.8, 0.8, 8.0, 8, 8, 1, 4
9, 20, 180, 2.222, 0.261, 0.556, 2.35, 47, 100, 20, 1
9, 22, 198, 2.444, 0.298, 0.965, 2.11, 59, 191, 28, 1
1, 45, 45, 45.0, 0.756, 1.0, 5.67, 34, 45, 6, 2
7, 35, 245, 5.0, 0.453, 0.873, 2.47, 111, 214, 45, 1
5, 3, 15, 0.6, 0.467, 1.0, 7.0, 7, 15, 1, 1
4, 47, 188, 11.75, 0.298, 0.739, 2.33, 56, 139, 24, 1
11, 9, 99, 0.818, 0.465, 0.818, 9.2, 46, 81, 5, 1
12, 73, 876, 6.083, 0.257, 0.591, 2.14, 225, 518, 105, 1
8, 17, 136, 2.125, 0.353, 0.801, 2.0, 48, 109, 24, 1
9, 82, 738, 9.111, 0.343, 0.913, 2.02, 253, 674, 125, 1
8, 53, 424, 6.625, 0.37, 0.901, 1.76, 157, 382, 89, 1
11, 84, 924, 7.636, 0.251, 0.681, 1.77, 232, 629, 131, 1
42, 7, 294, 0.167, 0.282, 0.432, 2.18, 83, 127, 38, 4
8, 122, 976, 15.25, 0.227, 0.65, 1.44, 222, 634, 154, 1
11, 96, 1056, 8.727, 0.331, 0.954, 4.32, 350, 1007, 81, 1
9, 80, 720, 8.889, 0.338, 0.954, 2.04, 243, 687, 119, 1
9, 33, 297, 3.667, 0.259, 0.774, 1.67, 77, 230, 46, 1
9, 43, 387, 4.778, 0.377, 0.922, 2.25, 146, 357, 65, 1
5, 46, 230, 9.2, 0.278, 0.835, 2.21, 64, 192, 29, 1
7, 45, 315, 6.429, 0.2, 0.775, 1.91, 63, 244, 33, 1
7, 27, 189, 3.857, 0.238, 0.741, 2.81, 45, 140, 16, 1
10, 98, 980, 9.8, 0.448, 0.881, 2.74, 439, 863, 160, 1
11, 67, 737, 6.091, 0.331, 0.844, 2.28, 244, 622, 107, 1
10, 80, 800, 8.0, 0.314, 0.799, 2.06, 251, 639, 122, 1
11, 97, 1067, 8.818, 0.297, 0.666, 2.4, 317, 711, 132, 1
9, 82, 738, 9.111, 0.389, 0.92, 2.33, 287, 679, 123, 1
9, 69, 621, 7.667, 0.343, 0.876, 1.75, 213, 544, 122, 1
22, 47, 1034, 2.136, 0.319, 0.753, 2.13, 330, 779, 155, 1
9, 75, 675, 8.333, 0.396, 0.914, 2.21, 267, 617, 121, 1
11, 86, 946, 7.818, 0.283, 0.764, 1.91, 268, 723, 140, 1
1, 124, 124, 124.0, 0.444, 1.0, 7.86, 55, 124, 7, 2
9, 6, 54, 0.667, 0.5, 0.593, 13.5, 27, 32, 2, 1
9, 34, 306, 3.778, 0.288, 0.641, 2.1, 88, 196, 42, 1
10, 98, 980, 9.8, 0.463, 0.945, 2.72, 454, 926, 167, 1
9, 39, 351, 4.333, 0.293, 0.937, 2.06, 103, 329, 50, 1
1, 115, 115, 115.0, 0.2, 1.0, 4.6, 23, 115, 5, 2
10, 131, 1310, 13.1, 0.439, 0.845, 2.79, 575, 1107, 206, 1
10, 98, 980, 9.8, 0.376, 0.861, 2.1, 368, 844, 175, 1
9, 47, 423, 5.222, 0.492, 0.948, 2.42, 208, 401, 86, 1
10, 78, 780, 7.8, 0.381, 0.856, 2.52, 297, 668, 118, 1
9, 7, 63, 0.778, 0.349, 0.683, 2.2, 22, 43, 10, 1
10, 37, 370, 3.7, 0.354, 0.708, 3.2, 131, 262, 41, 1
9, 47, 423, 5.222, 0.371, 0.865, 2.75, 157, 366, 57, 1
9, 41, 369, 4.556, 0.507, 0.992, 3.28, 187, 366, 57, 1
10, 18, 180, 1.8, 0.511, 0.872, 2.97, 92, 157, 31, 1
8, 28, 224, 3.5, 0.259, 0.844, 1.93, 58, 189, 30, 1
28, 330, 9240, 11.786, 0.057, 0.066, 31.0, 527, 614, 17, 2
212, 464, 98368, 2.189, 0.052, 0.07, 11.84, 5066, 6884, 428, 5
10, 38, 380, 3.8, 0.432, 0.939, 2.78, 164, 357, 59, 1
10, 49, 490, 4.9, 0.59, 0.982, 3.11, 289, 481, 93, 1
3, 286, 858, 95.333, 0.406, 0.427, 87.0, 348, 366, 4, 2
10, 53, 530, 5.3, 0.343, 0.811, 2.0, 182, 430, 91, 1
9, 85, 765, 9.444, 0.395, 0.846, 2.32, 302, 647, 130, 1
10, 43, 430, 4.3, 0.458, 0.94, 3.58, 197, 404, 55, 1
9, 40, 360, 4.444, 0.483, 0.992, 2.85, 174, 357, 61, 1
1, 77, 77, 77.0, 0.403, 1.0, 5.17, 31, 77, 6, 2
1, 40, 40, 40.0, 0.875, 1.0, 11.67, 35, 40, 3, 2
7, 42, 294, 6.0, 0.293, 0.857, 2.61, 86, 252, 33, 1
7, 8, 56, 1.143, 0.161, 0.518, 1.8, 9, 29, 5, 1
7, 2, 14, 0.286, 0.5, 0.929, 7.0, 7, 13, 1, 1
6, 11, 66, 1.833, 0.197, 0.848, 1.3, 13, 56, 10, 1
10, 8, 80, 0.8, 0.4, 0.7, 4.0, 32, 56, 8, 1
1, 14, 14, 14.0, 0.571, 1.0, 2.0, 8, 14, 4, 2
9, 12, 108, 1.333, 0.407, 1.0, 1.63, 44, 108, 27, 1
9, 34, 306, 3.778, 0.31, 0.895, 1.61, 95, 274, 59, 1
8, 12, 96, 1.5, 0.469, 1.0, 1.61, 45, 96, 28, 1
11, 85, 935, 7.727, 0.268, 0.902, 1.73, 251, 843, 145, 1
9, 10, 90, 1.111, 0.144, 0.522, 6.5, 13, 47, 2, 5
11, 86, 946, 7.818, 0.289, 0.701, 1.98, 273, 663, 138, 1
1, 13, 13, 13.0, 0.692, 1.0, 3.0, 9, 13, 3, 2
8, 45, 360, 5.625, 0.222, 0.806, 1.9, 80, 290, 42, 1
7, 58, 406, 8.286, 0.212, 0.842, 2.26, 86, 342, 38, 1
4, 15, 60, 3.75, 0.267, 0.8, 4.0, 16, 48, 4, 1
15, 31, 465, 2.067, 0.204, 0.465, 3.96, 95, 216, 24, 1
11, 21, 231, 1.909, 0.316, 0.58, 4.29, 73, 134, 17, 1
9, 37, 333, 4.111, 0.396, 0.85, 2.03, 132, 283, 65, 1
9, 21, 189, 2.333, 0.317, 0.778, 2.61, 60, 147, 23, 1
9, 53, 477, 5.889, 0.317, 0.805, 1.66, 151, 384, 91, 1
9, 9, 81, 1.0, 0.16, 0.864, 1.63, 13, 70, 8, 1
9, 27, 243, 3.0, 0.346, 0.975, 1.87, 84, 237, 45, 1
8, 18, 144, 2.25, 0.472, 1.0, 2.52, 68, 144, 27, 1
10, 125, 1250, 12.5, 0.456, 0.862, 2.92, 570, 1078, 195, 1
9, 43, 387, 4.778, 0.47, 0.948, 3.31, 182, 367, 55, 1
9, 46, 414, 5.111, 0.29, 0.838, 2.18, 120, 347, 55, 1
2, 176, 352, 88.0, 0.528, 0.605, 31.0, 186, 213, 6, 2
1, 39, 39, 39.0, 0.897, 1.0, 8.75, 35, 39, 4, 2
11, 22, 242, 2.0, 0.293, 0.798, 2.37, 71, 193, 30, 1
11, 67, 737, 6.091, 0.269, 0.689, 2.96, 198, 508, 67, 1
7, 123, 861, 17.571, 0.265, 0.626, 1.66, 228, 539, 137, 1
9, 21, 189, 2.333, 0.365, 0.905, 2.3, 69, 171, 30, 1
10, 67, 670, 6.7, 0.3, 0.745, 2.14, 201, 499, 94, 1
8, 32, 256, 4.0, 0.402, 0.898, 1.81, 103, 230, 57, 1
9, 12, 108, 1.333, 0.444, 1.0, 1.85, 48, 108, 26, 1
11, 94, 1034, 8.545, 0.257, 0.604, 2.18, 266, 625, 122, 1
12, 73, 876, 6.083, 0.259, 0.743, 2.1, 227, 651, 108, 1
9, 81, 729, 9.0, 0.322, 0.819, 2.22, 235, 597, 106, 1
9, 47, 423, 5.222, 0.404, 0.943, 1.99, 171, 399, 86, 1
9, 75, 675, 8.333, 0.369, 0.936, 2.09, 249, 632, 119, 1
12, 27, 324, 2.25, 0.318, 0.898, 2.64, 103, 291, 39, 1
9, 21, 189, 2.333, 0.323, 0.81, 1.79, 61, 153, 34, 1
10, 101, 1010, 10.1, 0.442, 0.855, 2.92, 446, 864, 153, 1
12, 118, 1416, 9.833, 0.255, 0.7, 2.06, 361, 991, 175, 1
8, 59, 472, 7.375, 0.206, 0.691, 3.13, 97, 326, 31, 1
10, 9, 90, 0.9, 0.522, 0.656, 9.4, 47, 59, 5, 1
1, 69, 69, 69.0, 0.841, 1.0, 8.29, 58, 69, 7, 2
9, 20, 180, 2.222, 0.3, 0.972, 1.74, 54, 175, 31, 1
8, 83, 664, 10.375, 0.398, 0.94, 2.15, 264, 624, 123, 1
8, 82, 656, 10.25, 0.358, 0.84, 2.24, 235, 551, 105, 1
9, 63, 567, 7.0, 0.284, 0.908, 1.96, 161, 515, 82, 1
8, 83, 664, 10.375, 0.294, 0.955, 2.17, 195, 634, 90, 1
11, 62, 682, 5.636, 0.218, 0.705, 1.62, 149, 481, 92, 1
9, 83, 747, 9.222, 0.289, 0.751, 1.93, 216, 561, 112, 1
9, 32, 288, 3.556, 0.302, 0.674, 2.17, 87, 194, 40, 1
10, 116, 1160, 11.6, 0.273, 0.797, 1.7, 317, 925, 186, 1
8, 43, 344, 5.375, 0.494, 0.953, 3.4, 170, 328, 50, 1
9, 43, 387, 4.778, 0.455, 0.899, 2.98, 176, 348, 59, 1
8, 42, 336, 5.25, 0.423, 0.979, 2.37, 142, 329, 60, 1
10, 131, 1310, 13.1, 0.487, 0.856, 2.94, 638, 1121, 217, 1
11, 89, 979, 8.091, 0.17, 0.706, 2.72, 166, 691, 61, 1
12, 230, 2760, 19.167, 0.164, 0.57, 3.48, 453, 1572, 130, 1
13, 116, 1508, 8.923, 0.279, 0.658, 2.3, 421, 992, 183, 1
7, 49, 343, 7.0, 0.297, 0.641, 2.08, 102, 220, 49, 1
12, 118, 1416, 9.833, 0.309, 0.726, 2.42, 438, 1028, 181, 1
7, 9, 63, 1.286, 0.143, 0.238, 9.0, 9, 15, 1, 5
37, 72, 2664, 1.946, 0.12, 0.257, 7.64, 321, 685, 42, 5
9, 34, 306, 3.778, 0.366, 0.846, 2.38, 112, 259, 47, 1
13, 1, 13, 0.077, 1.0, 1.0, 13.0, 13, 13, 1, 4
7, 116, 812, 16.571, 0.262, 0.788, 1.84, 213, 640, 116, 1
3, 54, 162, 18.0, 0.364, 0.519, 8.43, 59, 84, 7, 2
6, 181, 1086, 30.167, 0.298, 0.684, 1.69, 324, 743, 192, 1
10, 33, 330, 3.3, 0.394, 0.645, 3.25, 130, 213, 40, 1
13, 408, 5304, 31.385, 0.281, 0.677, 2.58, 1492, 3591, 579, 1
13, 151, 1963, 11.615, 0.302, 0.726, 2.59, 593, 1425, 229, 1
12, 103, 1236, 8.583, 0.353, 0.724, 2.55, 436, 895, 171, 1
49, 79, 3871, 1.612, 0.084, 0.179, 7.36, 324, 694, 44, 5
5, 39, 195, 7.8, 0.344, 0.728, 2.09, 67, 142, 32, 1
7, 114, 798, 16.286, 0.253, 0.741, 1.77, 202, 591, 114, 1
7, 1, 7, 0.143, 1.0, 1.0, 7.0, 7, 7, 1, 4
8, 17, 136, 2.125, 0.456, 0.824, 2.38, 62, 112, 26, 1
7, 28, 196, 4.0, 0.337, 0.99, 2.13, 66, 194, 31, 1
22, 71, 1562, 3.227, 0.487, 0.834, 10.13, 760, 1302, 75, 1
15, 136, 2040, 9.067, 0.24, 0.748, 2.81, 489, 1526, 174, 1
7, 181, 1267, 25.857, 0.316, 0.758, 1.65, 400, 961, 242, 1
9, 93, 837, 10.333, 0.278, 0.847, 1.66, 233, 709, 140, 1
6, 100, 600, 16.667, 0.345, 0.795, 1.68, 207, 477, 123, 1
8, 40, 320, 5.0, 0.481, 0.988, 2.61, 154, 316, 59, 1
12, 89, 1068, 7.417, 0.429, 0.879, 3.5, 458, 939, 131, 1
12, 129, 1548, 10.75, 0.303, 0.711, 2.51, 469, 1100, 187, 1
12, 104, 1248, 8.667, 0.335, 0.758, 2.46, 418, 946, 170, 1
39, 70, 2730, 1.795, 0.09, 0.255, 7.0, 245, 697, 35, 5
8, 93, 744, 11.625, 0.324, 0.835, 1.99, 241, 621, 121, 1
9, 62, 558, 6.889, 0.348, 0.869, 2.23, 194, 485, 87, 1
13, 409, 5317, 31.462, 0.312, 0.602, 3.03, 1657, 3200, 547, 1
13, 121, 1573, 9.308, 0.376, 0.69, 3.72, 591, 1086, 159, 1
13, 291, 3783, 22.385, 0.285, 0.627, 2.68, 1080, 2371, 403, 1
13, 277, 3601, 21.308, 0.293, 0.636, 2.59, 1054, 2292, 407, 1
10, 33, 330, 3.3, 0.327, 0.742, 2.35, 108, 245, 46, 1
9, 108, 972, 12.0, 0.449, 0.868, 2.55, 436, 844, 171, 1
14, 116, 1624, 8.286, 0.27, 0.649, 2.12, 439, 1054, 207, 1
6, 90, 540, 15.0, 0.394, 0.804, 2.2, 213, 434, 97, 1
7, 16, 112, 2.286, 0.464, 0.884, 3.25, 52, 99, 16, 1
22, 69, 1518, 3.136, 0.516, 0.848, 10.59, 784, 1287, 74, 1
7, 189, 1323, 27.0, 0.339, 0.704, 1.89, 449, 932, 237, 1
33, 160, 5280, 4.848, 0.219, 0.389, 6.34, 1154, 2054, 182, 1
9, 13, 117, 1.444, 0.564, 0.863, 3.88, 66, 101, 17, 1
11, 37, 407, 3.364, 0.371, 0.899, 2.01, 151, 366, 75, 1
12, 497, 5964, 41.417, 0.269, 0.594, 2.44, 1605, 3544, 658, 1
12, 50, 600, 4.167, 0.345, 0.627, 2.72, 207, 376, 76, 1
7, 46, 322, 6.571, 0.298, 0.994, 2.18, 96, 320, 44, 1
7, 172, 1204, 24.571, 0.294, 0.967, 2.07, 354, 1164, 171, 1
22, 71, 1562, 3.227, 0.536, 0.876, 11.64, 838, 1368, 72, 1
6, 189, 1134, 31.5, 0.324, 0.83, 1.62, 367, 941, 227, 1
8, 70, 560, 8.75, 0.298, 0.914, 1.76, 167, 512, 95, 1
10, 35, 350, 3.5, 0.331, 0.686, 1.93, 116, 240, 60, 1
9, 33, 297, 3.667, 0.33, 0.845, 1.81, 98, 251, 54, 1
5, 27, 135, 5.4, 0.407, 0.815, 2.12, 55, 110, 26, 1
11, 337, 3707, 30.636, 0.179, 0.648, 2.09, 664, 2402, 318, 1
5, 333, 1665, 66.6, 0.374, 0.413, 36.65, 623, 688, 17, 2
22, 70, 1540, 3.182, 0.525, 0.838, 11.54, 808, 1290, 70, 1
8, 69, 552, 8.625, 0.312, 0.842, 1.91, 172, 465, 90, 1
10, 127, 1270, 12.7, 0.388, 0.798, 2.35, 493, 1014, 210, 1
9, 91, 819, 10.111, 0.233, 0.789, 1.71, 191, 646, 112, 1
11, 30, 330, 2.727, 0.379, 0.739, 3.05, 125, 244, 41, 1
11, 104, 1144, 9.455, 0.377, 0.779, 2.57, 431, 891, 168, 1
8, 46, 368, 5.75, 0.291, 0.886, 2.23, 107, 326, 48, 1
10, 121, 1210, 12.1, 0.415, 0.879, 2.61, 502, 1063, 192, 1
27, 115, 3105, 4.259, 0.293, 0.672, 2.35, 910, 2087, 388, 1
12, 414, 4968, 34.5, 0.313, 0.734, 2.3, 1554, 3646, 675, 1
12, 69, 828, 5.75, 0.4, 0.74, 3.48, 331, 613, 95, 1
12, 105, 1260, 8.75, 0.37, 0.717, 2.91, 466, 903, 160, 1
10, 50, 500, 5.0, 0.472, 0.812, 2.74, 236, 406, 86, 1
10, 1, 10, 0.1, 1.0, 1.0, 10.0, 10, 10, 1, 4
9, 108, 972, 12.0, 0.389, 0.88, 2.22, 378, 855, 170, 1
3, 3, 9, 1.0, 0.778, 0.778, 7.0, 7, 7, 1, 1
24, 64, 1536, 2.667, 0.227, 0.57, 3.38, 348, 875, 103, 1
10, 197, 1970, 19.7, 0.245, 0.751, 1.87, 482, 1479, 258, 1
85, 69, 5865, 0.812, 0.165, 0.441, 1.44, 969, 2588, 674, 5
13, 13, 169, 1.0, 0.124, 0.45, 3.5, 21, 76, 6, 5
7, 41, 287, 5.857, 0.425, 0.993, 1.97, 122, 285, 62, 1
7, 12, 84, 1.714, 0.476, 0.762, 2.86, 40, 64, 14, 1
10, 271, 2710, 27.1, 0.267, 0.698, 1.96, 724, 1892, 369, 1
8, 5, 40, 0.625, 0.275, 0.45, 3.67, 11, 18, 3, 5
7, 15, 105, 2.143, 0.114, 0.295, 2.4, 12, 31, 5, 5
8, 271, 2168, 33.875, 0.314, 0.819, 1.82, 681, 1775, 375, 1
5, 3, 15, 0.6, 0.467, 0.6, 3.5, 7, 9, 2, 5
11, 272, 2992, 24.727, 0.168, 0.595, 1.43, 504, 1781, 352, 1
6, 17, 102, 2.833, 0.343, 0.873, 1.3, 35, 89, 27, 1
10, 271, 2710, 27.1, 0.197, 0.748, 1.38, 533, 2027, 386, 1
6, 9, 54, 1.5, 0.148, 0.296, 4.0, 8, 16, 2, 5
10, 271, 2710, 27.1, 0.199, 0.717, 1.42, 540, 1942, 381, 1
13, 8, 104, 0.615, 0.154, 0.769, 1.07, 16, 80, 15, 5
10, 100, 1000, 10.0, 0.212, 0.702, 1.45, 212, 702, 146, 1
8, 240, 1920, 30.0, 0.193, 0.635, 1.4, 370, 1220, 264, 1
8, 108, 864, 13.5, 0.235, 0.618, 1.41, 203, 534, 144, 1
8, 37, 296, 4.625, 0.182, 0.649, 1.35, 54, 192, 40, 1
11, 271, 2981, 24.636, 0.162, 0.542, 1.36, 483, 1616, 355, 1
11, 271, 2981, 24.636, 0.176, 0.671, 1.39, 525, 2001, 378, 1
10, 47, 470, 4.7, 0.223, 0.706, 1.62, 105, 332, 65, 1
11, 189, 2079, 17.182, 0.174, 0.613, 1.41, 361, 1275, 256, 1
10, 173, 1730, 17.3, 0.09, 0.375, 1.52, 155, 649, 102, 1
10, 197, 1970, 19.7, 0.144, 0.589, 1.25, 284, 1160, 228, 1
8, 96, 768, 12.0, 0.111, 0.479, 1.35, 85, 368, 63, 1
10, 271, 2710, 27.1, 0.176, 0.574, 1.39, 476, 1556, 342, 1
10, 271, 2710, 27.1, 0.193, 0.693, 1.37, 522, 1878, 380, 1
9, 175, 1575, 19.444, 0.19, 0.568, 1.35, 299, 894, 221, 1
7, 17, 119, 2.429, 0.328, 0.731, 1.44, 39, 87, 27, 1
7, 14, 98, 2.0, 0.357, 0.867, 1.75, 35, 85, 20, 1
8, 15, 120, 1.875, 0.3, 0.642, 1.57, 36, 77, 23, 1
6, 20, 120, 3.333, 0.175, 0.792, 1.5, 21, 95, 14, 1
8, 99, 792, 12.375, 0.199, 0.662, 1.39, 158, 524, 114, 1
6, 69, 414, 11.5, 0.28, 0.744, 1.4, 116, 308, 83, 1
8, 80, 640, 10.0, 0.184, 0.544, 1.4, 118, 348, 84, 1
5, 38, 190, 7.6, 0.426, 0.989, 1.42, 81, 188, 57, 1
5, 6, 30, 1.2, 0.367, 0.767, 3.67, 11, 23, 3, 1
7, 8, 56, 1.143, 0.357, 1.0, 2.86, 20, 56, 7, 1
10, 12, 120, 1.2, 0.183, 0.392, 2.2, 22, 47, 10, 1
7, 41, 287, 5.857, 0.213, 0.861, 1.33, 61, 247, 46, 1
9, 23, 207, 2.556, 0.246, 0.57, 1.82, 51, 118, 28, 1
8, 17, 136, 2.125, 0.265, 0.566, 1.71, 36, 77, 21, 1
7, 37, 259, 5.286, 0.301, 0.691, 1.81, 78, 179, 43, 1
7, 54, 378, 7.714, 0.267, 0.619, 1.42, 101, 234, 71, 1
6, 17, 102, 2.833, 0.255, 0.745, 1.18, 26, 76, 22, 1
7, 41, 287, 5.857, 0.185, 0.638, 1.51, 53, 183, 35, 1
10, 12, 120, 1.2, 0.225, 0.558, 2.7, 27, 67, 10, 1
7, 16, 112, 2.286, 0.25, 0.527, 2.0, 28, 59, 14, 1
10, 58, 580, 5.8, 0.081, 0.224, 1.62, 47, 130, 29, 1
9, 8, 72, 0.889, 0.264, 1.0, 1.27, 19, 72, 15, 1
7, 18, 126, 2.571, 0.206, 0.651, 2.17, 26, 82, 12, 1
7, 4, 28, 0.571, 0.286, 0.964, 8.0, 8, 27, 1, 1
7, 9, 63, 1.286, 0.365, 0.857, 1.77, 23, 54, 13, 1
7, 30, 210, 4.286, 0.352, 0.79, 1.54, 74, 166, 48, 1
10, 151, 1510, 15.1, 0.193, 0.77, 1.48, 291, 1162, 197, 1
8, 81, 648, 10.125, 0.221, 0.591, 1.29, 143, 383, 111, 1
5, 15, 75, 3.0, 0.36, 0.933, 1.35, 27, 70, 20, 1
5, 5, 25, 1.0, 0.44, 1.0, 1.57, 11, 25, 7, 1
7, 23, 161, 3.286, 0.329, 1.0, 1.39, 53, 161, 38, 1
8, 11, 88, 1.375, 0.25, 0.83, 1.29, 22, 73, 17, 1
7, 19, 133, 2.714, 0.361, 0.917, 1.5, 48, 122, 32, 1
7, 8, 56, 1.143, 0.357, 0.893, 2.22, 20, 50, 9, 1
7, 4, 28, 0.571, 0.25, 0.857, 2.33, 7, 24, 3, 1
7, 17, 119, 2.429, 0.286, 0.916, 1.31, 34, 109, 26, 1
6, 49, 294, 8.167, 0.286, 0.694, 1.38, 84, 204, 61, 1
7, 30, 210, 4.286, 0.305, 0.871, 1.64, 64, 183, 39, 1
7, 46, 322, 6.571, 0.304, 0.745, 1.53, 98, 240, 64, 1
9, 21, 189, 2.333, 0.206, 0.778, 1.22, 39, 147, 32, 1
9, 58, 522, 6.444, 0.203, 0.531, 1.34, 106, 277, 79, 1
9, 8, 72, 0.889, 0.222, 0.736, 1.78, 16, 53, 9, 1
9, 19, 171, 2.111, 0.222, 0.673, 1.31, 38, 115, 29, 1
8, 16, 128, 2.0, 0.234, 0.922, 1.58, 30, 118, 19, 1
7, 13, 91, 1.857, 0.363, 0.934, 2.2, 33, 85, 15, 1
9, 23, 207, 2.556, 0.222, 0.816, 1.35, 46, 169, 34, 1
5, 7, 35, 1.4, 0.457, 1.0, 2.0, 16, 35, 8, 1
7, 26, 182, 3.714, 0.302, 0.912, 1.53, 55, 166, 36, 1
7, 18, 126, 2.571, 0.27, 0.825, 1.31, 34, 104, 26, 1
7, 21, 147, 3.0, 0.293, 0.81, 1.34, 43, 119, 32, 1
7, 19, 133, 2.714, 0.248, 0.624, 1.5, 33, 83, 22, 1
7, 24, 168, 3.429, 0.232, 0.851, 1.22, 39, 143, 32, 1
7, 4, 28, 0.571, 0.286, 1.0, 2.0, 8, 28, 4, 1
7, 11, 77, 1.571, 0.403, 0.974, 1.48, 31, 75, 21, 1
5, 24, 120, 4.8, 0.375, 0.95, 1.45, 45, 114, 31, 1
9, 39, 351, 4.333, 0.239, 0.624, 1.53, 84, 219, 55, 1
7, 32, 224, 4.571, 0.277, 0.83, 1.41, 62, 186, 44, 1
6, 6, 36, 1.0, 0.361, 1.0, 1.44, 13, 36, 9, 1
6, 7, 42, 1.167, 0.357, 0.762, 2.14, 15, 32, 7, 1
7, 5, 35, 0.714, 0.371, 0.829, 1.86, 13, 29, 7, 1
7, 35, 245, 5.0, 0.302, 0.939, 1.48, 74, 230, 50, 1
7, 20, 140, 2.857, 0.379, 1.0, 1.61, 53, 140, 33, 1
7, 23, 161, 3.286, 0.286, 0.677, 1.59, 46, 109, 29, 1
7, 39, 273, 5.571, 0.293, 0.733, 1.43, 80, 200, 56, 1
8, 39, 312, 4.875, 0.224, 0.824, 1.21, 70, 257, 58, 1
7, 54, 378, 7.714, 0.235, 0.799, 1.53, 89, 302, 58, 1
7, 17, 119, 2.429, 0.227, 0.891, 1.5, 27, 106, 18, 1
6, 26, 156, 4.333, 0.288, 0.872, 1.29, 45, 136, 35, 1
7, 11, 77, 1.571, 0.299, 0.779, 1.64, 23, 60, 14, 1
7, 16, 112, 2.286, 0.286, 0.705, 1.88, 32, 79, 17, 1
7, 52, 364, 7.429, 0.272, 0.788, 1.22, 99, 287, 81, 1
9, 37, 333, 4.111, 0.228, 0.586, 1.27, 76, 195, 60, 1
7, 11, 77, 1.571, 0.299, 0.727, 1.35, 23, 56, 17, 1
9, 30, 270, 3.333, 0.248, 0.937, 1.46, 67, 253, 46, 1
9, 17, 153, 1.889, 0.235, 0.647, 1.44, 36, 99, 25, 1
7, 14, 98, 2.0, 0.306, 0.959, 1.3, 30, 94, 23, 1
7, 18, 126, 2.571, 0.278, 0.976, 1.35, 35, 123, 26, 1
7, 5, 35, 0.714, 0.257, 1.0, 1.13, 9, 35, 8, 1
7, 6, 42, 0.857, 0.381, 1.0, 2.29, 16, 42, 7, 1
7, 38, 266, 5.429, 0.338, 0.729, 1.55, 90, 194, 58, 1
7, 36, 252, 5.143, 0.302, 0.873, 1.36, 76, 220, 56, 1
9, 28, 252, 3.111, 0.25, 0.77, 1.47, 63, 194, 43, 1
7, 20, 140, 2.857, 0.229, 0.864, 1.19, 32, 121, 27, 1
6, 11, 66, 1.833, 0.364, 0.833, 1.6, 24, 55, 15, 1
7, 32, 224, 4.571, 0.272, 0.862, 1.53, 61, 193, 40, 1
6, 14, 84, 2.333, 0.274, 1.0, 1.28, 23, 84, 18, 1
6, 24, 144, 4.0, 0.292, 0.778, 1.35, 42, 112, 31, 1
5, 8, 40, 1.6, 0.35, 0.975, 1.0, 14, 39, 14, 1
7, 20, 140, 2.857, 0.329, 1.0, 1.48, 46, 140, 31, 1
7, 11, 77, 1.571, 0.299, 1.0, 1.77, 23, 77, 13, 1
6, 14, 84, 2.333, 0.286, 1.0, 1.2, 24, 84, 20, 1
4, 20, 80, 5.0, 0.388, 0.925, 1.41, 31, 74, 22, 1
4, 22, 88, 5.5, 0.432, 0.977, 1.46, 38, 86, 26, 1
9, 29, 261, 3.222, 0.23, 0.613, 1.3, 60, 160, 46, 1
7, 33, 231, 4.714, 0.264, 0.844, 1.2, 61, 195, 51, 1
7, 19, 133, 2.714, 0.203, 0.406, 2.25, 27, 54, 12, 1
6, 15, 90, 2.5, 0.267, 0.833, 2.0, 24, 75, 12, 1
7, 24, 168, 3.429, 0.268, 0.708, 1.61, 45, 119, 28, 1
5, 14, 70, 2.8, 0.386, 0.857, 1.69, 27, 60, 16, 1
8, 4, 32, 0.5, 0.25, 0.344, 8.0, 8, 11, 1, 1
7, 34, 238, 4.857, 0.298, 0.937, 1.31, 71, 223, 54, 1
9, 45, 405, 5.0, 0.259, 0.805, 1.4, 105, 326, 75, 1
8, 47, 376, 5.875, 0.266, 0.604, 1.56, 100, 227, 64, 1
7, 56, 392, 8.0, 0.319, 0.829, 1.45, 125, 325, 86, 1
7, 16, 112, 2.286, 0.259, 0.768, 2.07, 29, 86, 14, 1
5, 33, 165, 6.6, 0.376, 0.903, 1.44, 62, 149, 43, 1
9, 5, 45, 0.556, 0.244, 0.622, 1.83, 11, 28, 6, 1
7, 21, 147, 3.0, 0.259, 0.837, 1.46, 38, 123, 26, 1
7, 11, 77, 1.571, 0.416, 0.818, 2.0, 32, 63, 16, 1
7, 86, 602, 12.286, 0.294, 0.701, 1.69, 177, 422, 105, 1
9, 11, 99, 1.222, 0.222, 0.737, 1.29, 22, 73, 17, 1
7, 25, 175, 3.571, 0.303, 0.709, 1.51, 53, 124, 35, 1
9, 28, 252, 3.111, 0.258, 0.607, 1.51, 65, 153, 43, 1
7, 43, 301, 6.143, 0.319, 0.801, 1.41, 96, 241, 68, 1
7, 11, 77, 1.571, 0.377, 0.961, 1.45, 29, 74, 20, 1
7, 7, 49, 1.0, 0.306, 0.959, 1.67, 15, 47, 9, 1
6, 11, 66, 1.833, 0.379, 0.818, 1.67, 25, 54, 15, 1
5, 17, 85, 3.4, 0.388, 0.859, 1.83, 33, 73, 18, 1
6, 38, 228, 6.333, 0.377, 0.833, 1.51, 86, 190, 57, 1
5, 8, 40, 1.6, 0.55, 0.95, 1.83, 22, 38, 12, 1
5, 12, 60, 2.4, 0.55, 0.983, 2.2, 33, 59, 15, 1
5, 32, 160, 6.4, 0.406, 1.0, 1.41, 65, 160, 46, 1
6, 13, 78, 2.167, 0.359, 0.885, 1.65, 28, 69, 17, 1
9, 30, 270, 3.333, 0.285, 0.6, 1.51, 77, 162, 51, 1
7, 11, 77, 1.571, 0.364, 0.909, 1.75, 28, 70, 16, 1
5, 27, 135, 5.4, 0.304, 0.889, 1.41, 41, 120, 29, 1
7, 15, 105, 2.143, 0.371, 0.829, 1.77, 39, 87, 22, 1
9, 82, 738, 9.111, 0.245, 0.562, 1.48, 181, 415, 122, 1
5, 4, 20, 0.8, 0.5, 0.7, 10.0, 10, 14, 1, 1
7, 25, 175, 3.571, 0.371, 1.0, 1.63, 65, 175, 40, 1
6, 19, 114, 3.167, 0.316, 0.886, 1.8, 36, 101, 20, 1
8, 41, 328, 5.125, 0.21, 0.662, 1.44, 69, 217, 48, 1
7, 54, 378, 7.714, 0.286, 0.878, 1.4, 108, 332, 77, 1
6, 8, 48, 1.333, 0.313, 0.875, 1.07, 15, 42, 14, 1
9, 16, 144, 1.778, 0.208, 0.715, 1.5, 30, 103, 20, 1
9, 11, 99, 1.222, 0.283, 0.939, 1.56, 28, 93, 18, 1
7, 23, 161, 3.286, 0.28, 0.826, 1.45, 45, 133, 31, 1
9, 18, 162, 2.0, 0.241, 0.981, 1.44, 39, 159, 27, 1
6, 68, 408, 11.333, 0.257, 0.672, 1.15, 105, 274, 91, 1
9, 13, 117, 1.444, 0.308, 0.88, 1.71, 36, 103, 21, 1
7, 16, 112, 2.286, 0.25, 1.0, 1.56, 28, 112, 18, 1
7, 35, 245, 5.0, 0.347, 0.771, 1.52, 85, 189, 56, 1
6, 23, 138, 3.833, 0.283, 0.891, 1.11, 39, 123, 35, 1
5, 7, 35, 1.4, 0.457, 1.0, 1.45, 16, 35, 11, 1
9, 41, 369, 4.556, 0.201, 0.653, 1.3, 74, 241, 57, 1
7, 10, 70, 1.429, 0.286, 0.7, 1.25, 20, 49, 16, 1
5, 9, 45, 1.8, 0.444, 0.956, 1.43, 20, 43, 14, 1
6, 29, 174, 4.833, 0.305, 0.966, 1.26, 53, 168, 42, 1
9, 35, 315, 3.889, 0.26, 0.924, 1.37, 82, 291, 60, 1
5, 32, 160, 6.4, 0.419, 0.981, 1.31, 67, 157, 51, 1
7, 54, 378, 7.714, 0.304, 0.876, 1.26, 115, 331, 91, 1
7, 13, 91, 1.857, 0.407, 0.978, 1.76, 37, 89, 21, 1
5, 3, 15, 0.6, 0.6, 0.933, 3.0, 9, 14, 3, 1
7, 29, 203, 4.143, 0.281, 0.783, 1.33, 57, 159, 43, 1
6, 44, 264, 7.333, 0.265, 0.811, 1.23, 70, 214, 57, 1
8, 398, 3184, 49.75, 0.279, 0.664, 1.7, 887, 2113, 521, 1
8, 48, 384, 6.0, 0.341, 0.737, 1.96, 131, 283, 67, 1
9, 35, 315, 3.889, 0.362, 0.825, 1.97, 114, 260, 58, 1
8, 28, 224, 3.5, 0.393, 0.759, 2.2, 88, 170, 40, 1
14, 17, 238, 1.214, 0.113, 0.387, 1.8, 27, 92, 15, 5
8, 9, 72, 1.125, 0.458, 1.0, 3.0, 33, 72, 11, 1
53, 48, 2544, 0.906, 0.181, 0.374, 4.69, 460, 951, 98, 5
11, 42, 462, 3.818, 0.292, 0.76, 1.93, 135, 351, 70, 1
8, 20, 160, 2.5, 0.506, 1.0, 2.45, 81, 160, 33, 1
11, 57, 627, 5.182, 0.295, 0.719, 2.47, 185, 451, 75, 1
9, 17, 153, 1.889, 0.392, 0.935, 2.22, 60, 143, 27, 1
8, 22, 176, 2.75, 0.398, 0.784, 1.94, 70, 138, 36, 1
21, 4, 84, 0.19, 0.31, 0.643, 3.71, 26, 54, 7, 5
7, 46, 322, 6.571, 0.177, 0.304, 8.14, 57, 98, 7, 2
2, 9, 18, 4.5, 0.556, 0.556, 10.0, 10, 10, 1, 2
11, 15, 165, 1.364, 0.358, 0.752, 2.19, 59, 124, 27, 1
1, 13, 13, 13.0, 0.846, 1.0, 5.5, 11, 13, 2, 2
10, 33, 330, 3.3, 0.391, 0.982, 2.05, 129, 324, 63, 1
10, 4, 40, 0.4, 0.35, 0.9, 1.75, 14, 36, 8, 1
8, 9, 72, 1.125, 0.319, 0.667, 2.3, 23, 48, 10, 1
19, 13, 247, 0.684, 0.215, 0.551, 1.51, 53, 136, 35, 1
8, 6, 48, 0.75, 0.5, 0.854, 3.0, 24, 41, 8, 1
9, 116, 1044, 12.889, 0.339, 0.88, 1.86, 354, 919, 190, 1
25, 9, 225, 0.36, 0.187, 0.436, 2.47, 42, 98, 17, 5
10, 25, 250, 2.5, 0.384, 0.836, 2.46, 96, 209, 39, 1
8, 10, 80, 1.25, 0.438, 0.988, 1.94, 35, 79, 18, 1
6, 18, 108, 3.0, 0.5, 0.991, 2.45, 54, 107, 22, 1
10, 27, 270, 2.7, 0.367, 0.744, 2.02, 99, 201, 49, 1
8, 31, 248, 3.875, 0.427, 0.992, 2.16, 106, 246, 49, 1
9, 4, 36, 0.444, 0.25, 0.75, 9.0, 9, 27, 1, 5
10, 18, 180, 1.8, 0.389, 0.817, 1.89, 70, 147, 37, 1
52, 48, 2496, 0.923, 0.138, 0.248, 7.67, 345, 619, 45, 5
11, 87, 957, 7.909, 0.253, 0.662, 1.89, 242, 634, 128, 1
10, 59, 590, 5.9, 0.269, 0.69, 1.81, 159, 407, 88, 1
8, 49, 392, 6.125, 0.406, 0.742, 1.81, 159, 291, 88, 1
27, 4, 108, 0.148, 0.38, 0.75, 2.56, 41, 81, 16, 4
9, 26, 234, 2.889, 0.385, 0.85, 1.88, 90, 199, 48, 1
9, 56, 504, 6.222, 0.339, 0.931, 2.22, 171, 469, 77, 1
9, 47, 423, 5.222, 0.362, 0.905, 2.01, 153, 383, 76, 1
9, 9, 81, 1.0, 0.346, 0.877, 2.8, 28, 71, 10, 1
1, 86, 86, 86.0, 0.93, 1.0, 40.0, 80, 86, 2, 2
8, 30, 240, 3.75, 0.383, 0.983, 1.88, 92, 236, 49, 1
8, 37, 296, 4.625, 0.375, 0.753, 2.22, 111, 223, 50, 1
10, 22, 220, 2.2, 0.377, 0.614, 2.44, 83, 135, 34, 1
8, 16, 128, 2.0, 0.375, 0.93, 2.09, 48, 119, 23, 1
8, 12, 96, 1.5, 0.385, 0.802, 2.18, 37, 77, 17, 1
9, 1, 9, 0.111, 1.0, 1.0, 9.0, 9, 9, 1, 1
8, 25, 200, 3.125, 0.37, 0.73, 2.06, 74, 146, 36, 1
8, 10, 80, 1.25, 0.425, 0.913, 2.0, 34, 73, 17, 1
8, 31, 248, 3.875, 0.411, 0.742, 2.04, 102, 184, 50, 1
8, 49, 392, 6.125, 0.441, 0.997, 1.9, 173, 391, 91, 1
9, 27, 243, 3.0, 0.358, 0.856, 1.85, 87, 208, 47, 1
8, 12, 96, 1.5, 0.375, 0.792, 2.57, 36, 76, 14, 1
11, 86, 946, 7.818, 0.297, 0.748, 1.95, 281, 708, 144, 1
10, 28, 280, 2.8, 0.375, 0.657, 2.33, 105, 184, 45, 1
8, 5, 40, 0.625, 0.45, 1.0, 3.0, 18, 40, 6, 1
7, 38, 266, 5.429, 0.414, 0.846, 2.44, 110, 225, 45, 1
8, 7, 56, 0.875, 0.375, 1.0, 2.63, 21, 56, 8, 1
8, 53, 424, 6.625, 0.344, 0.884, 1.83, 146, 375, 80, 1
10, 47, 470, 4.7, 0.338, 0.698, 2.3, 159, 328, 69, 1
7, 31, 217, 4.429, 0.461, 0.991, 2.44, 100, 215, 41, 1
7, 5, 35, 0.714, 0.514, 0.8, 9.0, 18, 28, 2, 1
11, 13, 143, 1.182, 0.35, 0.783, 2.08, 50, 112, 24, 1
11, 240, 2640, 21.818, 0.27, 0.634, 2.05, 714, 1674, 348, 1
8, 17, 136, 2.125, 0.346, 1.0, 2.47, 47, 136, 19, 1
10, 48, 480, 4.8, 0.36, 0.863, 2.16, 173, 414, 80, 1
9, 20, 180, 2.222, 0.361, 0.7, 2.32, 65, 126, 28, 1
9, 29, 261, 3.222, 0.414, 0.966, 2.4, 108, 252, 45, 1
10, 34, 340, 3.4, 0.356, 0.744, 1.98, 121, 253, 61, 1
9, 16, 144, 1.778, 0.326, 0.792, 1.74, 47, 114, 27, 1
9, 64, 576, 7.111, 0.345, 0.694, 2.29, 199, 400, 87, 1
6, 36, 216, 6.0, 0.509, 0.991, 2.0, 110, 214, 55, 1
11, 73, 803, 6.636, 0.27, 0.844, 2.03, 217, 678, 107, 1
8, 27, 216, 3.375, 0.407, 1.0, 2.05, 88, 216, 43, 1
8, 14, 112, 1.75, 0.446, 1.0, 2.17, 50, 112, 23, 1
8, 39, 312, 4.875, 0.388, 0.933, 2.2, 121, 291, 55, 1
10, 30, 300, 3.0, 0.367, 0.783, 2.29, 110, 235, 48, 1
10, 28, 280, 2.8, 0.293, 0.8, 2.0, 82, 224, 41, 1
6, 32, 192, 5.333, 0.417, 0.964, 2.11, 80, 185, 38, 1
6, 8, 48, 1.333, 0.563, 0.958, 3.38, 27, 46, 8, 1
9, 34, 306, 3.778, 0.356, 0.925, 2.06, 109, 283, 53, 1
11, 61, 671, 5.545, 0.294, 0.735, 2.21, 197, 493, 89, 1
8, 14, 112, 1.75, 0.42, 0.759, 2.04, 47, 85, 23, 1
8, 21, 168, 2.625, 0.357, 0.964, 2.07, 60, 162, 29, 1
10, 41, 410, 4.1, 0.312, 0.734, 1.94, 128, 301, 66, 1
10, 52, 520, 5.2, 0.319, 0.802, 1.87, 166, 417, 89, 1
8, 8, 64, 1.0, 0.438, 1.0, 2.33, 28, 64, 12, 1
10, 25, 250, 2.5, 0.268, 0.588, 1.91, 67, 147, 35, 1
8, 8, 64, 1.0, 0.359, 0.766, 1.64, 23, 49, 14, 1
8, 33, 264, 4.125, 0.424, 0.867, 2.24, 112, 229, 50, 1
8, 9, 72, 1.125, 0.361, 0.972, 1.73, 26, 70, 15, 1
10, 6, 60, 0.6, 0.333, 0.817, 2.5, 20, 49, 8, 1
8, 26, 208, 3.25, 0.346, 0.909, 1.85, 72, 189, 39, 1
10, 52, 520, 5.2, 0.306, 0.688, 1.96, 159, 358, 81, 1
6, 39, 234, 6.5, 0.393, 0.927, 1.77, 92, 217, 52, 1
12, 272, 3264, 22.667, 0.219, 0.589, 1.8, 715, 1922, 397, 1
9, 10, 90, 1.111, 0.344, 0.789, 2.07, 31, 71, 15, 1
9, 28, 252, 3.111, 0.317, 0.976, 1.95, 80, 246, 41, 1
8, 52, 416, 6.5, 0.325, 0.877, 1.75, 135, 365, 77, 1
10, 15, 150, 1.5, 0.36, 0.813, 2.08, 54, 122, 26, 1
10, 18, 180, 1.8, 0.294, 0.911, 1.89, 53, 164, 28, 1
8, 9, 72, 1.125, 0.417, 1.0, 2.31, 30, 72, 13, 1
9, 105, 945, 11.667, 0.236, 0.579, 1.91, 223, 547, 117, 1
9, 101, 909, 11.222, 0.256, 0.688, 1.71, 233, 625, 136, 1
7, 109, 763, 15.571, 0.283, 0.543, 1.93, 216, 414, 112, 1
6, 221, 1326, 36.833, 0.268, 0.536, 1.95, 356, 711, 183, 1
10, 46, 460, 4.6, 0.278, 0.583, 1.66, 128, 268, 77, 1
8, 30, 240, 3.75, 0.354, 0.75, 2.02, 85, 180, 42, 1
8, 14, 112, 1.75, 0.482, 0.759, 3.38, 54, 85, 16, 1
8, 5, 40, 0.625, 0.35, 0.6, 3.5, 14, 24, 4, 1
10, 155, 1550, 15.5, 0.275, 0.803, 1.85, 427, 1244, 231, 1
10, 41, 410, 4.1, 0.276, 0.693, 1.61, 113, 284, 70, 1
10, 12, 120, 1.2, 0.35, 0.867, 2.33, 42, 104, 18, 1
10, 11, 110, 1.1, 0.409, 0.955, 2.5, 45, 105, 18, 1
3, 3, 9, 1.0, 0.778, 0.778, 7.0, 7, 7, 1, 1
10, 9, 90, 0.9, 0.333, 0.878, 2.5, 30, 79, 12, 1
10, 10, 100, 1.0, 0.35, 0.89, 1.94, 35, 89, 18, 1
6, 17, 102, 2.833, 0.451, 0.745, 2.56, 46, 76, 18, 1
8, 39, 312, 4.875, 0.378, 0.962, 1.64, 118, 300, 72, 1
10, 261, 2610, 26.1, 0.259, 0.767, 1.74, 676, 2001, 388, 1
8, 20, 160, 2.5, 0.394, 0.863, 2.1, 63, 138, 30, 1
8, 23, 184, 2.875, 0.348, 0.723, 2.0, 64, 133, 32, 1
34, 27, 918, 0.794, 0.219, 0.554, 3.09, 201, 509, 65, 5
36, 43, 1548, 1.194, 0.117, 0.183, 3.07, 181, 283, 59, 5
8, 20, 160, 2.5, 0.406, 0.906, 1.86, 65, 145, 35, 1
8, 12, 96, 1.5, 0.406, 0.917, 1.56, 39, 88, 25, 1
9, 91, 819, 10.111, 0.161, 0.44, 1.86, 132, 360, 71, 1
7, 20, 140, 2.857, 0.493, 0.979, 1.82, 69, 137, 38, 1
11, 221, 2431, 20.091, 0.25, 0.544, 1.95, 607, 1323, 312, 1
8, 12, 96, 1.5, 0.531, 0.813, 2.83, 51, 78, 18, 1
7, 20, 140, 2.857, 0.429, 0.993, 2.0, 60, 139, 30, 1
6, 30, 180, 5.0, 0.45, 0.833, 3.12, 81, 150, 26, 1
5, 22, 110, 4.4, 0.536, 0.909, 2.19, 59, 100, 27, 1
8, 12, 96, 1.5, 0.458, 0.667, 3.67, 44, 64, 12, 1
8, 31, 248, 3.875, 0.351, 0.839, 1.98, 87, 208, 44, 1
5, 23, 115, 4.6, 0.504, 0.783, 2.42, 58, 90, 24, 1
10, 41, 410, 4.1, 0.356, 0.956, 2.15, 146, 392, 68, 1
5, 30, 150, 6.0, 0.587, 0.96, 2.44, 88, 144, 36, 1
10, 79, 790, 7.9, 0.244, 0.742, 1.79, 193, 586, 108, 1
8, 19, 152, 2.375, 0.434, 0.664, 3.0, 66, 101, 22, 1
11, 19, 209, 1.727, 0.306, 0.789, 2.46, 64, 165, 26, 1
8, 6, 48, 0.75, 0.333, 0.979, 1.78, 16, 47, 9, 1
8, 29, 232, 3.625, 0.401, 0.884, 2.38, 93, 205, 39, 1
7, 6, 42, 0.857, 0.5, 1.0, 2.33, 21, 42, 9, 1
8, 92, 736, 11.5, 0.359, 0.913, 1.75, 264, 672, 151, 1
10, 12, 120, 1.2, 0.333, 0.958, 1.82, 40, 115, 22, 1
8, 24, 192, 3.0, 0.318, 0.974, 1.56, 61, 187, 39, 1
8, 7, 56, 0.875, 0.482, 0.946, 2.7, 27, 53, 10, 1
8, 12, 96, 1.5, 0.385, 0.896, 1.68, 37, 86, 22, 1
8, 20, 160, 2.5, 0.394, 0.944, 2.25, 63, 151, 28, 1
8, 25, 200, 3.125, 0.405, 0.865, 1.84, 81, 173, 44, 1
8, 35, 280, 4.375, 0.357, 0.921, 1.64, 100, 258, 61, 1
10, 19, 190, 1.9, 0.326, 0.768, 1.59, 62, 146, 39, 1
10, 46, 460, 4.6, 0.317, 0.683, 1.85, 146, 314, 79, 1
10, 28, 280, 2.8, 0.336, 0.85, 1.68, 94, 238, 56, 1
8, 9, 72, 1.125, 0.361, 0.903, 1.63, 26, 65, 16, 1
8, 12, 96, 1.5, 0.396, 0.969, 1.65, 38, 93, 23, 1
6, 4, 24, 0.667, 0.667, 1.0, 4.0, 16, 24, 4, 1
10, 260, 2600, 26.0, 0.282, 0.737, 1.78, 732, 1916, 412, 1
8, 11, 88, 1.375, 0.477, 0.966, 2.0, 42, 85, 21, 1
8, 24, 192, 3.0, 0.26, 0.672, 1.85, 50, 129, 27, 1
8, 19, 152, 2.375, 0.421, 0.974, 1.83, 64, 148, 35, 1
8, 12, 96, 1.5, 0.396, 0.99, 1.9, 38, 95, 20, 1
10, 26, 260, 2.6, 0.35, 0.819, 2.33, 91, 213, 39, 1
8, 61, 488, 7.625, 0.342, 0.875, 1.94, 167, 427, 86, 1
8, 20, 160, 2.5, 0.413, 0.981, 2.06, 66, 157, 32, 1
8, 23, 184, 2.875, 0.462, 1.0, 1.89, 85, 184, 45, 1
8, 70, 560, 8.75, 0.279, 0.727, 1.68, 156, 407, 93, 1
8, 39, 312, 4.875, 0.369, 0.99, 2.05, 115, 309, 56, 1
7, 12, 84, 1.714, 0.393, 0.69, 2.36, 33, 58, 14, 1
11, 74, 814, 6.727, 0.247, 0.695, 1.97, 201, 566, 102, 1
8, 25, 200, 3.125, 0.31, 0.67, 1.63, 62, 134, 38, 1
6, 7, 42, 1.167, 0.476, 0.976, 2.22, 20, 41, 9, 1
6, 23, 138, 3.833, 0.377, 0.862, 2.36, 52, 119, 22, 1
8, 23, 184, 2.875, 0.353, 0.826, 1.91, 65, 152, 34, 1
8, 13, 104, 1.625, 0.452, 0.971, 1.96, 47, 101, 24, 1
10, 120, 1200, 12.0, 0.279, 0.765, 1.7, 335, 918, 197, 1
8, 12, 96, 1.5, 0.385, 0.698, 2.47, 37, 67, 15, 1
8, 50, 400, 6.25, 0.36, 0.728, 1.97, 144, 291, 73, 1
5, 14, 70, 2.8, 0.543, 0.929, 2.0, 38, 65, 19, 1
5, 27, 135, 5.4, 0.548, 1.0, 2.18, 74, 135, 34, 1
5, 15, 75, 3.0, 0.547, 0.947, 2.05, 41, 71, 20, 1
10, 171, 1710, 17.1, 0.126, 0.452, 1.78, 215, 773, 121, 1
8, 12, 96, 1.5, 0.396, 0.844, 2.11, 38, 81, 18, 1
7, 20, 140, 2.857, 0.429, 1.0, 1.94, 60, 140, 31, 1
9, 40, 360, 4.444, 0.275, 0.875, 1.6, 99, 315, 62, 1
7, 9, 63, 1.286, 0.397, 0.841, 2.78, 25, 53, 9, 1
8, 168, 1344, 21.0, 0.32, 0.909, 1.76, 430, 1222, 245, 1
7, 14, 98, 2.0, 0.408, 0.939, 2.5, 40, 92, 16, 1
8, 33, 264, 4.125, 0.375, 0.83, 1.9, 99, 219, 52, 1
10, 39, 390, 3.9, 0.31, 0.779, 1.95, 121, 304, 62, 1
10, 59, 590, 5.9, 0.251, 0.763, 1.7, 148, 450, 87, 1
8, 25, 200, 3.125, 0.3, 0.59, 2.22, 60, 118, 27, 1
10, 43, 430, 4.3, 0.256, 0.707, 1.8, 110, 304, 61, 1
8, 3, 24, 0.375, 0.5, 1.0, 3.0, 12, 24, 4, 1
8, 7, 56, 0.875, 0.339, 0.964, 1.36, 19, 54, 14, 1
8, 14, 112, 1.75, 0.402, 1.0, 1.55, 45, 112, 29, 1
7, 20, 140, 2.857, 0.464, 0.986, 2.32, 65, 138, 28, 1
7, 4, 28, 0.571, 0.393, 1.0, 2.2, 11, 28, 5, 1
7, 23, 161, 3.286, 0.348, 1.0, 1.37, 56, 161, 41, 1
10, 116, 1160, 11.6, 0.246, 0.759, 1.6, 285, 881, 178, 1
8, 33, 264, 4.125, 0.371, 0.678, 1.88, 98, 179, 52, 1
13, 225, 2925, 17.308, 0.253, 0.893, 3.27, 740, 2612, 226, 1
24, 177, 4248, 7.375, 0.508, 0.927, 8.05, 2157, 3939, 268, 1
25, 291, 7275, 11.64, 0.466, 0.957, 7.34, 3392, 6963, 462, 1
2, 536, 1072, 268.0, 0.505, 0.512, 180.33, 541, 549, 3, 2
8, 353, 2824, 44.125, 0.07, 0.292, 1.19, 197, 825, 165, 1
9, 304, 2736, 33.778, 0.202, 0.749, 1.32, 554, 2049, 419, 1
6, 12, 72, 2.0, 0.278, 1.0, 2.22, 20, 72, 9, 1
5, 31, 155, 6.2, 0.361, 0.974, 1.56, 56, 151, 36, 1
1, 35, 35, 35.0, 0.2, 1.0, 1.17, 7, 35, 6, 1
1, 40, 40, 40.0, 0.175, 1.0, 1.17, 7, 40, 6, 1
8, 280, 2240, 35.0, 0.191, 0.709, 1.28, 427, 1589, 333, 1
7, 13, 91, 1.857, 0.308, 0.978, 1.56, 28, 89, 18, 1
1, 60, 60, 60.0, 0.217, 1.0, 1.08, 13, 60, 12, 1
8, 103, 824, 12.875, 0.142, 0.62, 1.17, 117, 511, 100, 1
9, 331, 2979, 36.778, 0.126, 0.527, 1.21, 374, 1570, 308, 1
7, 13, 91, 1.857, 0.198, 0.846, 2.25, 18, 77, 8, 1
9, 510, 4590, 56.667, 0.137, 0.636, 1.24, 629, 2918, 506, 1
8, 145, 1160, 18.125, 0.156, 0.773, 1.24, 181, 897, 146, 1
13, 38, 494, 2.923, 0.33, 0.98, 3.88, 163, 484, 42, 1
30, 60, 1800, 2.0, 0.154, 0.457, 1.85, 278, 823, 150, 5
5, 4, 20, 0.8, 0.4, 0.7, 2.67, 8, 14, 3, 1
24, 176, 4224, 7.333, 0.496, 0.969, 7.85, 2096, 4094, 267, 1
8, 82, 656, 10.25, 0.418, 0.753, 2.51, 274, 494, 109, 1
2, 536, 1072, 268.0, 0.532, 0.558, 30.0, 570, 598, 19, 2
9, 508, 4572, 56.444, 0.188, 0.597, 1.49, 861, 2731, 579, 1
9, 535, 4815, 59.444, 0.088, 0.318, 1.37, 425, 1530, 310, 1
10, 508, 5080, 50.8, 0.1, 0.343, 1.36, 506, 1742, 372, 1
7, 163, 1141, 23.286, 0.212, 0.831, 1.31, 242, 948, 185, 1
10, 534, 5340, 53.4, 0.132, 0.519, 1.28, 703, 2771, 548, 1
7, 95, 665, 13.571, 0.296, 0.982, 1.64, 197, 653, 120, 1
7, 61, 427, 8.714, 0.319, 0.988, 1.77, 136, 422, 77, 1
8, 107, 856, 13.375, 0.381, 0.77, 2.4, 326, 659, 136, 1
8, 150, 1200, 18.75, 0.205, 0.628, 1.32, 246, 753, 187, 1
9, 508, 4572, 56.444, 0.184, 0.705, 1.31, 840, 3224, 640, 1
7, 34, 238, 4.857, 0.282, 0.782, 1.49, 67, 186, 45, 1
9, 107, 963, 11.889, 0.191, 0.739, 1.36, 184, 712, 135, 1
1, 257, 257, 257.0, 1.0, 1.0, 257.0, 257, 257, 1, 2
13, 37, 481, 2.846, 0.322, 0.992, 3.52, 155, 477, 44, 1
9, 109, 981, 12.111, 0.219, 0.779, 1.67, 215, 764, 129, 1
8, 103, 824, 12.875, 0.425, 0.933, 2.71, 350, 769, 129, 1
9, 187, 1683, 20.778, 0.42, 0.786, 3.03, 707, 1323, 233, 1
9, 535, 4815, 59.444, 0.191, 0.788, 1.36, 921, 3793, 676, 1
9, 138, 1242, 15.333, 0.155, 0.717, 1.34, 193, 890, 144, 1
9, 218, 1962, 24.222, 0.148, 0.582, 1.43, 290, 1141, 203, 1
2, 537, 1074, 268.5, 0.594, 0.655, 21.27, 638, 703, 30, 2
7, 228, 1596, 32.571, 0.154, 0.548, 1.4, 245, 875, 175, 1
9, 533, 4797, 59.222, 0.166, 0.803, 1.3, 797, 3853, 612, 1
24, 471, 11304, 19.625, 0.474, 0.921, 7.9, 5363, 10409, 679, 1
5, 29, 145, 5.8, 0.4, 0.966, 1.61, 58, 140, 36, 1
9, 102, 918, 11.333, 0.183, 0.804, 1.27, 168, 738, 132, 1
9, 535, 4815, 59.444, 0.136, 0.498, 1.39, 655, 2399, 470, 1
2, 99, 198, 49.5, 0.253, 0.616, 4.55, 50, 122, 11, 2
8, 61, 488, 7.625, 0.207, 0.803, 1.31, 101, 392, 77, 1
8, 299, 2392, 37.375, 0.186, 0.687, 1.32, 446, 1643, 338, 1
26, 294, 7644, 11.308, 0.453, 0.917, 7.6, 3464, 7010, 456, 1
7, 61, 427, 8.714, 0.321, 0.965, 1.78, 137, 412, 77, 1
8, 186, 1488, 23.25, 0.399, 0.812, 2.53, 593, 1208, 234, 1
1, 63, 63, 63.0, 1.0, 1.0, 63.0, 63, 63, 1, 2
1, 186, 186, 186.0, 0.828, 1.0, 9.06, 154, 186, 17, 2
1, 214, 214, 214.0, 1.0, 1.0, 214.0, 214, 214, 1, 2
5, 29, 145, 5.8, 0.317, 0.952, 1.39, 46, 138, 33, 1
9, 207, 1863, 23.0, 0.177, 0.632, 1.29, 330, 1178, 255, 1
9, 103, 927, 11.444, 0.164, 0.771, 1.22, 152, 715, 125, 1
7, 175, 1225, 25.0, 0.186, 0.906, 1.21, 228, 1110, 188, 1
10, 86, 860, 8.6, 0.145, 0.637, 1.21, 125, 548, 103, 1
9, 314, 2826, 34.889, 0.156, 0.587, 1.25, 440, 1659, 352, 1
7, 80, 560, 11.429, 0.155, 0.698, 1.18, 87, 391, 74, 1
1, 148, 148, 148.0, 0.986, 1.0, 73.0, 146, 148, 2, 2
8, 199, 1592, 24.875, 0.115, 0.575, 1.18, 183, 915, 155, 1
7, 198, 1386, 28.286, 0.055, 0.359, 1.23, 76, 498, 62, 1
7, 148, 1036, 21.143, 0.184, 0.816, 1.2, 191, 845, 159, 1
24, 187, 4488, 7.792, 0.485, 0.918, 8.16, 2178, 4122, 267, 1
28, 32, 896, 1.143, 0.501, 0.744, 7.02, 449, 667, 64, 1
8, 215, 1720, 26.875, 0.416, 0.808, 2.94, 715, 1389, 243, 1
8, 187, 1496, 23.375, 0.155, 0.747, 1.38, 232, 1118, 168, 1
8, 14, 112, 1.75, 0.286, 0.884, 2.67, 32, 99, 12, 1
8, 14, 112, 1.75, 0.25, 0.786, 3.11, 28, 88, 9, 1
8, 15, 120, 1.875, 0.325, 0.833, 1.86, 39, 100, 21, 1
8, 15, 120, 1.875, 0.267, 0.767, 2.29, 32, 92, 14, 1
9, 129, 1161, 14.333, 0.169, 0.647, 1.41, 196, 751, 139, 1
7, 15, 105, 2.143, 0.4, 0.924, 1.5, 42, 97, 28, 1
9, 107, 963, 11.889, 0.209, 0.778, 1.38, 201, 749, 146, 1
10, 508, 5080, 50.8, 0.16, 0.628, 1.41, 813, 3189, 578, 1
9, 490, 4410, 54.444, 0.067, 0.323, 1.4, 297, 1425, 212, 1
2, 69, 138, 34.5, 0.087, 0.507, 1.2, 12, 70, 10, 1
7, 14, 98, 2.0, 0.316, 0.908, 1.94, 31, 89, 16, 1
4, 98, 392, 24.5, 0.523, 0.98, 2.14, 205, 384, 96, 1
24, 177, 4248, 7.375, 0.514, 0.961, 8.02, 2182, 4082, 272, 1
2, 537, 1074, 268.5, 0.621, 0.747, 16.68, 667, 802, 40, 2
9, 194, 1746, 21.556, 0.169, 0.597, 1.37, 295, 1043, 215, 1
7, 245, 1715, 35.0, 0.143, 0.608, 1.41, 246, 1042, 175, 1
1, 65, 65, 65.0, 0.2, 1.0, 1.08, 13, 65, 12, 1
13, 104, 1352, 8.0, 0.198, 0.639, 3.44, 268, 864, 78, 1
25, 84, 2100, 3.36, 0.443, 0.82, 8.45, 930, 1722, 110, 1
24, 186, 4464, 7.75, 0.514, 0.988, 7.55, 2296, 4410, 304, 1
25, 292, 7300, 11.68, 0.472, 0.915, 7.51, 3448, 6676, 459, 1
9, 112, 1008, 12.444, 0.213, 0.835, 1.59, 215, 842, 135, 1
9, 181, 1629, 20.111, 0.369, 0.737, 2.99, 601, 1201, 201, 1
9, 376, 3384, 41.778, 0.225, 0.875, 1.34, 760, 2960, 569, 1
9, 353, 3177, 39.222, 0.187, 0.634, 1.45, 594, 2013, 411, 1
5, 14, 70, 2.8, 0.257, 0.814, 3.6, 18, 57, 5, 1
9, 510, 4590, 56.667, 0.171, 0.695, 1.27, 787, 3190, 618, 1
9, 99, 891, 11.0, 0.21, 0.778, 1.39, 187, 693, 135, 1
9, 306, 2754, 34.0, 0.213, 0.807, 1.38, 587, 2222, 424, 1
9, 66, 594, 7.333, 0.241, 0.707, 1.42, 143, 420, 101, 1
1, 177, 177, 177.0, 0.203, 1.0, 1.03, 36, 177, 35, 1
10, 511, 5110, 51.1, 0.134, 0.557, 1.28, 684, 2846, 534, 1
9, 102, 918, 11.333, 0.214, 0.708, 1.3, 196, 650, 151, 1
7, 14, 98, 2.0, 0.316, 0.827, 1.94, 31, 81, 16, 1
13, 227, 2951, 17.462, 0.226, 0.837, 3.11, 668, 2470, 215, 1
9, 111, 999, 12.333, 0.184, 0.771, 1.6, 184, 770, 115, 1
8, 64, 512, 8.0, 0.252, 0.865, 1.63, 129, 443, 79, 1
8, 180, 1440, 22.5, 0.371, 0.832, 2.32, 534, 1198, 230, 1
9, 123, 1107, 13.667, 0.331, 0.65, 2.3, 366, 719, 159, 1
9, 186, 1674, 20.667, 0.372, 0.778, 2.44, 622, 1303, 255, 1
1, 40, 40, 40.0, 0.2, 1.0, 1.14, 8, 40, 7, 1
8, 523, 4184, 65.375, 0.06, 0.305, 1.2, 250, 1277, 209, 1
7, 13, 91, 1.857, 0.209, 0.846, 2.71, 19, 77, 7, 1
8, 69, 552, 8.625, 0.205, 0.826, 1.38, 113, 456, 82, 1
7, 136, 952, 19.429, 0.18, 0.775, 1.2, 171, 738, 142, 1
2, 536, 1072, 268.0, 0.568, 0.688, 24.36, 609, 737, 25, 2
6, 131, 786, 21.833, 0.106, 0.471, 1.38, 83, 370, 60, 1
7, 117, 819, 16.714, 0.186, 0.847, 1.26, 152, 694, 121, 1
9, 508, 4572, 56.444, 0.128, 0.53, 1.27, 587, 2425, 461, 1
2, 45, 90, 22.5, 0.078, 0.944, 1.17, 7, 85, 6, 1
1, 22, 22, 22.0, 0.955, 1.0, 21.0, 21, 22, 1, 2
1, 54, 54, 54.0, 0.944, 1.0, 17.0, 51, 54, 3, 2
1, 15, 15, 15.0, 0.867, 1.0, 13.0, 13, 15, 1, 2
10, 55, 550, 5.5, 0.678, 0.827, 6.32, 373, 455, 59, 1
10, 27, 270, 2.7, 0.63, 0.833, 6.07, 170, 225, 28, 1
9, 67, 603, 7.444, 0.468, 0.823, 3.76, 282, 496, 75, 1
1, 180, 180, 180.0, 0.983, 1.0, 88.5, 177, 180, 2, 2
10, 80, 800, 8.0, 0.553, 0.719, 5.08, 442, 575, 87, 1
10, 22, 220, 2.2, 0.591, 0.855, 6.5, 130, 188, 20, 1
7, 15, 105, 2.143, 0.705, 0.971, 6.17, 74, 102, 12, 1
15, 11, 165, 0.733, 0.503, 0.685, 10.38, 83, 113, 8, 1
12, 257, 3084, 21.417, 0.283, 0.615, 3.0, 872, 1898, 291, 1
1, 7, 7, 7.0, 1.0, 1.0, 7.0, 7, 7, 1, 1
34, 1, 34, 0.029, 1.0, 1.0, 34.0, 34, 34, 1, 4
1, 379, 379, 379.0, 0.963, 1.0, 60.83, 365, 379, 6, 2
10, 50, 500, 5.0, 0.602, 0.746, 5.57, 301, 373, 54, 1
9, 12, 108, 1.333, 0.648, 0.741, 10.0, 70, 80, 7, 1
11, 228, 2508, 20.727, 0.282, 0.621, 2.96, 708, 1558, 239, 1
22, 1, 22, 0.045, 1.0, 1.0, 22.0, 22, 22, 1, 4
1, 14, 14, 14.0, 0.643, 1.0, 3.0, 9, 14, 3, 2
1, 19, 19, 19.0, 0.579, 1.0, 3.67, 11, 19, 3, 2
1, 14, 14, 14.0, 0.643, 1.0, 4.5, 9, 14, 2, 2
1, 14, 14, 14.0, 1.0, 1.0, 14.0, 14, 14, 1, 2
1, 104, 104, 104.0, 0.971, 1.0, 50.5, 101, 104, 2, 2
7, 1, 7, 0.143, 1.0, 1.0, 7.0, 7, 7, 1, 4
14, 402, 5628, 28.714, 0.399, 0.631, 4.75, 2248, 3554, 473, 1
9, 18, 162, 2.0, 0.519, 0.796, 7.64, 84, 129, 11, 1
14, 421, 5894, 30.071, 0.379, 0.581, 4.8, 2236, 3424, 466, 1
11, 80, 880, 7.273, 0.492, 0.882, 4.98, 433, 776, 87, 1
1, 47, 47, 47.0, 0.532, 1.0, 25.0, 25, 47, 1, 2
24, 157, 3768, 6.542, 0.905, 0.958, 18.34, 3411, 3609, 186, 1
14, 407, 5698, 29.071, 0.353, 0.574, 4.54, 2010, 3273, 443, 1
9, 17, 153, 1.889, 0.523, 0.869, 7.27, 80, 133, 11, 1
24, 336, 8064, 14.0, 0.898, 0.958, 15.91, 7238, 7729, 455, 1
9, 20, 180, 2.222, 0.55, 0.733, 9.9, 99, 132, 10, 1
10, 19, 190, 1.9, 0.584, 0.842, 6.94, 111, 160, 16, 1
10, 19, 190, 1.9, 0.563, 0.837, 8.23, 107, 159, 13, 1
13, 350, 4550, 26.923, 0.381, 0.589, 4.49, 1732, 2682, 386, 1
132, 547, 72204, 4.144, 0.37, 0.483, 20.66, 26693, 34874, 1292, 3
8, 74, 592, 9.25, 0.568, 0.983, 3.11, 336, 582, 108, 1
1, 40, 40, 40.0, 0.9, 1.0, 12.0, 36, 40, 3, 1
1, 32, 32, 32.0, 0.438, 1.0, 2.0, 14, 32, 7, 1
12, 71, 852, 5.917, 0.608, 0.866, 5.95, 518, 738, 87, 1
1, 39, 39, 39.0, 0.308, 1.0, 1.71, 12, 39, 7, 2
24, 107, 2568, 4.458, 0.908, 0.982, 16.91, 2333, 2523, 138, 1
11, 184, 2024, 16.727, 0.455, 0.76, 4.72, 920, 1539, 195, 1
11, 141, 1551, 12.818, 0.366, 0.79, 2.85, 567, 1225, 199, 1
10, 18, 180, 1.8, 0.572, 0.867, 6.44, 103, 156, 16, 1
9, 18, 162, 2.0, 0.66, 0.883, 7.13, 107, 143, 15, 1
14, 269, 3766, 19.214, 0.337, 0.625, 4.61, 1271, 2353, 276, 1
11, 246, 2706, 22.364, 0.349, 0.765, 2.85, 944, 2071, 331, 1
10, 155, 1550, 15.5, 0.329, 0.601, 2.88, 510, 931, 177, 1
25, 1, 25, 0.04, 1.0, 1.0, 25.0, 25, 25, 1, 4
9, 8, 72, 0.889, 0.681, 0.764, 12.25, 49, 55, 4, 1
8, 121, 968, 15.125, 0.431, 0.98, 3.11, 417, 949, 134, 1
8, 59, 472, 7.375, 0.464, 0.985, 2.74, 219, 465, 80, 1
10, 1, 10, 0.1, 1.0, 1.0, 10.0, 10, 10, 1, 4
10, 280, 2800, 28.0, 0.356, 0.77, 2.63, 998, 2157, 380, 1
17, 106, 1802, 6.235, 0.927, 1.0, 14.53, 1671, 1802, 115, 1
13, 159, 2067, 12.231, 0.412, 0.627, 4.81, 852, 1296, 177, 1
9, 18, 162, 2.0, 0.605, 0.895, 7.0, 98, 145, 14, 1
12, 285, 3420, 23.75, 0.411, 0.708, 4.33, 1404, 2421, 324, 1
8, 1, 8, 0.125, 1.0, 1.0, 8.0, 8, 8, 1, 4
10, 252, 2520, 25.2, 0.377, 0.775, 2.88, 950, 1953, 330, 1
1, 193, 193, 193.0, 0.57, 1.0, 2.97, 110, 193, 37, 2
128, 347, 44416, 2.711, 0.399, 0.567, 13.07, 17721, 25163, 1356, 3
10, 240, 2400, 24.0, 0.383, 0.821, 2.75, 919, 1971, 334, 1
14, 203, 2842, 14.5, 0.362, 0.67, 4.36, 1028, 1904, 236, 1
13, 123, 1599, 9.462, 0.428, 0.798, 4.38, 684, 1276, 156, 1
8, 95, 760, 11.875, 0.466, 0.904, 2.95, 354, 687, 120, 1
14, 183, 2562, 13.071, 0.39, 0.681, 4.87, 998, 1745, 205, 1
6, 54, 324, 9.0, 0.549, 0.96, 3.36, 178, 311, 53, 1
83, 315, 26145, 3.795, 0.295, 0.594, 9.21, 7725, 15523, 839, 5
10, 19, 190, 1.9, 0.584, 0.816, 6.94, 111, 155, 16, 1
8, 272, 2176, 34.0, 0.359, 0.848, 2.7, 781, 1846, 289, 1
14, 254, 3556, 18.143, 0.377, 0.569, 4.72, 1341, 2022, 284, 1
11, 433, 4763, 39.364, 0.449, 0.706, 4.65, 2137, 3365, 460, 1
10, 19, 190, 1.9, 0.6, 0.768, 9.5, 114, 146, 12, 1
14, 416, 5824, 29.714, 0.384, 0.617, 4.64, 2234, 3594, 481, 1
13, 213, 2769, 16.385, 0.359, 0.658, 4.65, 995, 1821, 214, 1
3, 4, 12, 1.333, 0.75, 0.75, 9.0, 9, 9, 1, 1
13, 133, 1729, 10.231, 0.36, 0.721, 4.9, 622, 1247, 127, 1
27, 320, 8640, 11.852, 0.321, 0.561, 4.53, 2774, 4845, 613, 1
9, 154, 1386, 17.111, 0.406, 0.727, 2.93, 563, 1008, 192, 1
11, 71, 781, 6.455, 0.69, 0.95, 7.0, 539, 742, 77, 1
16, 344, 5504, 21.5, 0.373, 0.572, 5.73, 2053, 3146, 358, 1
11, 154, 1694, 14.0, 0.36, 0.731, 2.96, 609, 1238, 206, 1
12, 23, 276, 1.917, 0.576, 0.79, 9.94, 159, 218, 16, 1
10, 155, 1550, 15.5, 0.332, 0.687, 2.47, 514, 1065, 208, 1
24, 120, 2880, 5.0, 0.927, 0.972, 21.36, 2670, 2800, 125, 1
12, 11, 132, 0.917, 0.652, 0.735, 12.29, 86, 97, 7, 1
13, 135, 1755, 10.385, 0.492, 0.833, 5.5, 864, 1462, 157, 1
11, 70, 770, 6.364, 0.381, 0.639, 3.53, 293, 492, 83, 1
16, 359, 5744, 22.438, 0.376, 0.652, 5.41, 2158, 3747, 399, 1
12, 22, 264, 1.833, 0.553, 0.841, 7.68, 146, 222, 19, 1
9, 70, 630, 7.778, 0.433, 0.851, 2.79, 273, 536, 98, 1
16, 408, 6528, 25.5, 0.39, 0.644, 5.28, 2546, 4204, 482, 1
11, 22, 242, 2.0, 0.649, 0.847, 8.72, 157, 205, 18, 1
9, 155, 1395, 17.222, 0.366, 0.723, 2.54, 511, 1008, 201, 1
12, 71, 852, 5.917, 0.608, 0.863, 6.4, 518, 735, 81, 1
24, 309, 7416, 12.875, 0.921, 0.984, 17.51, 6828, 7295, 390, 1
16, 424, 6784, 26.5, 0.371, 0.563, 5.34, 2514, 3820, 471, 1
14, 62, 868, 4.429, 0.433, 0.646, 5.97, 376, 561, 63, 1
23, 198, 4554, 8.609, 0.924, 0.999, 14.93, 4210, 4548, 282, 1
10, 256, 2560, 25.6, 0.363, 0.765, 2.84, 928, 1959, 327, 1
186, 469, 87234, 2.522, 0.378, 0.529, 22.29, 33017, 46133, 1481, 3
11, 71, 781, 6.455, 0.666, 0.937, 6.19, 520, 732, 84, 1
23, 137, 3151, 5.957, 0.855, 0.934, 16.64, 2695, 2943, 162, 1
15, 356, 5340, 23.733, 0.398, 0.738, 5.32, 2127, 3940, 400, 1
11, 81, 891, 7.364, 0.339, 0.695, 2.77, 302, 619, 109, 1
16, 424, 6784, 26.5, 0.371, 0.719, 5.16, 2518, 4879, 488, 1
12, 72, 864, 6.0, 0.638, 0.918, 6.12, 551, 793, 90, 1
1, 45, 45, 45.0, 0.244, 1.0, 1.38, 11, 45, 8, 2
11, 19, 209, 1.727, 0.598, 0.947, 7.35, 125, 198, 17, 1
16, 417, 6672, 26.063, 0.381, 0.652, 5.29, 2543, 4349, 481, 1
3, 4, 12, 1.333, 0.917, 0.917, 11.0, 11, 11, 1, 1
6, 57, 342, 9.5, 0.453, 0.906, 2.46, 155, 310, 63, 1
9, 232, 2088, 25.778, 0.274, 0.782, 1.76, 573, 1633, 326, 1
10, 316, 3160, 31.6, 0.366, 0.673, 2.74, 1158, 2126, 422, 1
10, 268, 2680, 26.8, 0.494, 0.754, 6.02, 1325, 2022, 220, 1
9, 80, 720, 8.889, 0.304, 0.838, 1.8, 219, 603, 122, 1
9, 162, 1458, 18.0, 0.254, 0.527, 2.69, 371, 769, 138, 1
8, 109, 872, 13.625, 0.447, 0.959, 2.47, 390, 836, 158, 1
8, 1, 8, 0.125, 1.0, 1.0, 8.0, 8, 8, 1, 1
15, 29, 435, 1.933, 0.524, 0.97, 4.15, 228, 422, 55, 1
7, 110, 770, 15.714, 0.21, 0.627, 1.38, 162, 483, 117, 1
9, 125, 1125, 13.889, 0.21, 0.601, 1.69, 236, 676, 140, 1
7, 240, 1680, 34.286, 0.215, 0.538, 1.64, 362, 904, 221, 1
5, 203, 1015, 40.6, 0.239, 0.859, 1.3, 243, 872, 187, 1
18, 158, 2844, 8.778, 0.198, 0.418, 2.46, 563, 1190, 229, 1
7, 243, 1701, 34.714, 0.198, 0.48, 1.48, 336, 817, 227, 1
17, 11, 187, 0.647, 0.417, 0.647, 9.75, 78, 121, 8, 1
10, 141, 1410, 14.1, 0.236, 0.645, 2.25, 333, 910, 148, 1
5, 69, 345, 13.8, 0.249, 0.632, 1.51, 86, 218, 57, 1
9, 150, 1350, 16.667, 0.237, 0.579, 1.75, 320, 782, 183, 1
17, 24, 408, 1.412, 0.4, 0.838, 4.79, 163, 342, 34, 1
7, 239, 1673, 34.143, 0.16, 0.476, 1.51, 268, 797, 177, 1
4, 31, 124, 7.75, 0.419, 0.944, 1.58, 52, 117, 33, 1
23, 249, 5727, 10.826, 0.77, 0.958, 16.33, 4409, 5488, 270, 1
17, 23, 391, 1.353, 0.373, 0.621, 10.43, 146, 243, 14, 1
9, 100, 900, 11.111, 0.247, 0.637, 1.83, 222, 573, 121, 1
4, 44, 176, 11.0, 0.267, 0.614, 1.81, 47, 108, 26, 1
5, 107, 535, 21.4, 0.247, 0.91, 1.43, 132, 487, 92, 1
79, 159, 12561, 2.013, 0.319, 0.368, 51.4, 4009, 4623, 78, 1
14, 284, 3976, 20.286, 0.236, 0.698, 2.24, 938, 2777, 419, 1
9, 333, 2997, 37.0, 0.237, 0.671, 1.57, 711, 2011, 452, 1
9, 197, 1773, 21.889, 0.274, 0.699, 1.74, 485, 1240, 278, 1
6, 94, 564, 15.667, 0.188, 0.874, 1.63, 106, 493, 65, 1
7, 61, 427, 8.714, 0.241, 0.794, 1.47, 103, 339, 70, 1
10, 293, 2930, 29.3, 0.207, 0.596, 1.53, 606, 1746, 397, 1
6, 96, 576, 16.0, 0.309, 0.925, 1.73, 178, 533, 103, 1
8, 298, 2384, 37.25, 0.242, 0.791, 1.5, 576, 1886, 383, 1
6, 96, 576, 16.0, 0.319, 0.703, 2.3, 184, 405, 80, 1
5, 94, 470, 18.8, 0.277, 0.945, 1.63, 130, 444, 80, 1
10, 330, 3300, 33.0, 0.225, 0.771, 1.44, 744, 2545, 518, 1
6, 95, 570, 15.833, 0.274, 0.784, 1.97, 156, 447, 79, 1
7, 19, 133, 2.714, 0.286, 0.632, 1.65, 38, 84, 23, 1
6, 97, 582, 16.167, 0.235, 0.703, 1.71, 137, 409, 80, 1
16, 24, 384, 1.5, 0.44, 0.948, 5.28, 169, 364, 32, 1
12, 91, 1092, 7.583, 0.281, 0.59, 2.46, 307, 644, 125, 1
4, 96, 384, 24.0, 0.417, 0.753, 2.19, 160, 289, 73, 1
6, 96, 576, 16.0, 0.262, 0.842, 1.51, 151, 485, 100, 1
10, 303, 3030, 30.3, 0.179, 0.669, 1.32, 543, 2028, 410, 1
10, 284, 2840, 28.4, 0.202, 0.709, 1.43, 575, 2013, 402, 1
5, 99, 495, 19.8, 0.303, 0.739, 1.92, 150, 366, 78, 1
5, 39, 195, 7.8, 0.395, 0.826, 3.67, 77, 161, 21, 1
63, 66, 4158, 1.048, 0.491, 0.591, 44.37, 2041, 2458, 46, 3
63, 79, 4977, 1.254, 0.338, 0.345, 186.78, 1681, 1718, 9, 3
9, 18, 162, 2.0, 0.395, 0.759, 2.78, 64, 123, 23, 1
9, 151, 1359, 16.778, 0.185, 0.566, 1.39, 251, 769, 181, 1
7, 92, 644, 13.143, 0.292, 0.907, 1.54, 188, 584, 122, 1
8, 75, 600, 9.375, 0.228, 0.662, 1.37, 137, 397, 100, 1
1, 40, 40, 40.0, 0.4, 1.0, 1.07, 16, 40, 15, 1
9, 59, 531, 6.556, 0.237, 0.802, 1.56, 126, 426, 81, 1
8, 1, 8, 0.125, 1.0, 1.0, 8.0, 8, 8, 1, 4
7, 31, 217, 4.429, 0.336, 0.834, 1.52, 73, 181, 48, 1
9, 211, 1899, 23.444, 0.219, 0.707, 1.48, 416, 1343, 282, 1
9, 93, 837, 10.333, 0.229, 0.734, 1.57, 192, 614, 122, 1
1, 63, 63, 63.0, 0.952, 1.0, 20.0, 60, 63, 3, 2
8, 48, 384, 6.0, 0.396, 0.924, 2.03, 152, 355, 75, 1
5, 2, 10, 0.4, 0.8, 0.8, 8.0, 8, 8, 1, 1
7, 56, 392, 8.0, 0.143, 0.401, 1.56, 56, 157, 36, 1
7, 105, 735, 15.0, 0.256, 0.705, 1.69, 188, 518, 111, 1
7, 53, 371, 7.571, 0.089, 0.245, 1.5, 33, 91, 22, 1
1, 102, 102, 102.0, 0.961, 1.0, 24.5, 98, 102, 4, 2
8, 77, 616, 9.625, 0.232, 0.731, 1.47, 143, 450, 97, 1
7, 62, 434, 8.857, 0.272, 0.963, 1.46, 118, 418, 81, 1
1, 29, 29, 29.0, 0.31, 1.0, 1.13, 9, 29, 8, 1
5, 56, 280, 11.2, 0.121, 0.471, 1.31, 34, 132, 26, 1
4, 44, 176, 11.0, 0.267, 0.778, 1.42, 47, 137, 33, 1
2, 47, 94, 23.5, 0.17, 0.511, 1.14, 16, 48, 14, 1
6, 39, 234, 6.5, 0.226, 0.705, 1.66, 53, 165, 32, 1
1, 47, 47, 47.0, 0.426, 1.0, 1.05, 20, 47, 19, 1
5, 12, 60, 2.4, 0.2, 0.467, 1.71, 12, 28, 7, 1
5, 58, 290, 11.6, 0.09, 0.259, 1.18, 26, 75, 22, 1
1, 45, 45, 45.0, 0.356, 1.0, 1.07, 16, 45, 15, 1
8, 126, 1008, 15.75, 0.209, 0.573, 1.45, 211, 578, 146, 1
8, 17, 136, 2.125, 0.228, 0.86, 1.48, 31, 117, 21, 1
7, 28, 196, 4.0, 0.286, 0.781, 1.56, 56, 153, 36, 1
8, 30, 240, 3.75, 0.242, 0.821, 1.53, 58, 197, 38, 1
8, 54, 432, 6.75, 0.188, 0.78, 1.53, 81, 337, 53, 1
6, 15, 90, 2.5, 0.244, 0.733, 2.2, 22, 66, 10, 1
9, 98, 882, 10.889, 0.185, 0.662, 1.58, 163, 584, 103, 1
4, 253, 1012, 63.25, 0.129, 0.66, 1.41, 131, 668, 93, 1
7, 28, 196, 4.0, 0.306, 0.847, 1.58, 60, 166, 38, 1
5, 19, 95, 3.8, 0.316, 0.916, 1.5, 30, 87, 20, 1
7, 14, 98, 2.0, 0.357, 0.939, 1.84, 35, 92, 19, 1
7, 87, 609, 12.429, 0.365, 0.856, 1.91, 222, 521, 116, 1
7, 28, 196, 4.0, 0.27, 0.75, 1.36, 53, 147, 39, 1
5, 25, 125, 5.0, 0.4, 0.928, 1.52, 50, 116, 33, 1
5, 7, 35, 1.4, 0.314, 0.857, 1.83, 11, 30, 6, 1
11, 427, 4697, 38.818, 0.566, 0.57, 189.79, 2657, 2676, 14, 2
5, 110, 550, 22.0, 0.547, 0.556, 100.33, 301, 306, 3, 2
6, 7, 42, 1.167, 0.714, 0.857, 30.0, 30, 36, 1, 1
38, 227, 8626, 5.974, 0.304, 0.648, 7.09, 2623, 5593, 370, 1
1, 235, 235, 235.0, 0.923, 1.0, 27.13, 217, 235, 8, 2
1, 12, 12, 12.0, 0.667, 1.0, 4.0, 8, 12, 2, 2
11, 22, 242, 2.0, 0.281, 0.669, 1.94, 68, 162, 35, 1
3, 544, 1632, 181.33, 0.326, 0.406, 16.12, 532, 662, 33, 2
8, 22, 176, 2.75, 0.324, 0.909, 1.78, 57, 160, 32, 1
2, 325, 650, 162.5, 0.485, 0.537, 28.64, 315, 349, 11, 2
12, 207, 2484, 17.25, 0.2, 0.699, 1.7, 496, 1736, 292, 1
12, 245, 2940, 20.417, 0.204, 0.797, 1.7, 599, 2342, 353, 1
3, 259, 777, 86.333, 0.96, 0.978, 67.82, 746, 760, 11, 2
9, 299, 2691, 33.222, 0.226, 0.705, 1.58, 607, 1896, 385, 1
8, 319, 2552, 39.875, 0.174, 0.692, 1.26, 445, 1765, 353, 1
8, 42, 336, 5.25, 0.271, 0.813, 1.54, 91, 273, 59, 1
8, 309, 2472, 38.625, 0.186, 0.644, 1.41, 459, 1593, 325, 1
7, 43, 301, 6.143, 0.219, 0.983, 1.27, 66, 296, 52, 1
5, 8, 40, 1.6, 0.325, 0.9, 1.63, 13, 36, 8, 1
1, 172, 172, 172.0, 0.465, 1.0, 1.04, 80, 172, 77, 2
7, 95, 665, 13.571, 0.268, 0.929, 1.56, 178, 618, 114, 1
7, 86, 602, 12.286, 0.281, 0.958, 1.55, 169, 577, 109, 1
7, 74, 518, 10.571, 0.16, 0.83, 1.12, 83, 430, 74, 1
5, 19, 95, 3.8, 0.211, 0.779, 1.33, 20, 74, 15, 1
8, 340, 2720, 42.5, 0.183, 0.736, 1.41, 499, 2002, 355, 1
20, 19, 380, 0.95, 0.495, 0.713, 12.53, 188, 271, 15, 1
20, 16, 320, 0.8, 0.5, 0.572, 26.67, 160, 183, 6, 1
1, 95, 95, 95.0, 1.0, 1.0, 95.0, 95, 95, 1, 2
8, 45, 360, 5.625, 0.492, 0.722, 9.32, 177, 260, 19, 1
1, 138, 138, 138.0, 1.0, 1.0, 138.0, 138, 138, 1, 2
33, 180, 5940, 5.455, 0.236, 0.611, 1.68, 1400, 3627, 835, 1
10, 67, 670, 6.7, 0.291, 0.588, 2.27, 195, 394, 86, 1
18, 342, 6156, 19.0, 0.847, 0.897, 43.48, 5217, 5522, 120, 2
12, 28, 336, 2.333, 0.265, 0.592, 3.07, 89, 199, 29, 1
7, 1, 7, 0.143, 1.0, 1.0, 7.0, 7, 7, 1, 4
11, 5, 55, 0.455, 0.655, 0.727, 12.0, 36, 40, 3, 1
11, 303, 3333, 27.545, 0.151, 0.2, 7.49, 502, 666, 67, 1
1, 196, 196, 196.0, 0.98, 1.0, 64.0, 192, 196, 3, 2
2, 199, 398, 99.5, 0.485, 0.508, 32.17, 193, 202, 6, 2
60, 57, 3420, 0.95, 0.46, 0.831, 3.91, 1574, 2843, 403, 1
38, 96, 3648, 2.526, 0.431, 0.836, 3.29, 1574, 3051, 478, 1
9, 57, 513, 6.333, 0.285, 0.91, 1.39, 146, 467, 105, 1
11, 12, 132, 1.091, 0.492, 0.75, 4.33, 65, 99, 15, 1
11, 147, 1617, 13.364, 0.32, 0.607, 2.2, 518, 982, 235, 1
4, 524, 2096, 131.0, 0.542, 0.603, 40.57, 1136, 1264, 28, 2
7, 41, 287, 5.857, 0.213, 0.801, 1.36, 61, 230, 45, 1
10, 12, 120, 1.2, 0.367, 1.0, 1.69, 44, 120, 26, 1
12, 12, 144, 1.0, 0.306, 0.979, 1.69, 44, 141, 26, 1
9, 36, 324, 4.0, 0.54, 0.929, 2.87, 175, 301, 61, 1
7, 122, 854, 17.429, 0.281, 0.626, 1.73, 240, 535, 139, 1
10, 126, 1260, 12.6, 0.463, 0.848, 3.16, 584, 1068, 185, 1
10, 123, 1230, 12.3, 0.362, 0.888, 2.99, 445, 1092, 149, 1
1, 9, 9, 9.0, 0.778, 1.0, 7.0, 7, 9, 1, 1
9, 37, 333, 4.111, 0.538, 0.901, 2.8, 179, 300, 64, 1
9, 37, 333, 4.111, 0.39, 0.811, 2.03, 130, 270, 64, 1
10, 99, 990, 9.9, 0.473, 0.917, 2.93, 468, 908, 160, 1
1, 19, 19, 19.0, 0.684, 1.0, 4.33, 13, 19, 3, 2
9, 6, 54, 0.667, 0.37, 0.907, 2.5, 20, 49, 8, 1
10, 8, 80, 0.8, 0.525, 0.875, 7.0, 42, 70, 6, 1
9, 41, 369, 4.556, 0.374, 0.846, 2.06, 138, 312, 67, 1
12, 48, 576, 4.0, 0.252, 0.755, 1.71, 145, 435, 85, 1
10, 19, 190, 1.9, 0.363, 0.837, 2.46, 69, 159, 28, 1
9, 99, 891, 11.0, 0.484, 0.951, 2.52, 431, 847, 171, 1
9, 47, 423, 5.222, 0.307, 0.872, 2.03, 130, 369, 64, 1
28, 137, 3836, 4.893, 0.265, 0.564, 5.05, 1016, 2163, 201, 1
12, 58, 696, 4.833, 0.343, 0.803, 3.85, 239, 559, 62, 1
6, 44, 264, 7.333, 0.447, 0.811, 2.11, 118, 214, 56, 1
5, 28, 140, 5.6, 0.329, 0.871, 1.77, 46, 122, 26, 1
5, 43, 215, 8.6, 0.405, 0.981, 1.61, 87, 211, 54, 1
9, 35, 315, 3.889, 0.273, 0.654, 1.65, 86, 206, 52, 1
9, 23, 207, 2.556, 0.169, 0.319, 2.92, 35, 66, 12, 1
8, 272, 2176, 34.0, 0.197, 0.629, 1.38, 428, 1369, 310, 1
7, 21, 147, 3.0, 0.313, 0.966, 1.48, 46, 142, 31, 1
5, 8, 40, 1.6, 0.425, 1.0, 1.89, 17, 40, 9, 1
5, 4, 20, 0.8, 0.35, 0.85, 1.75, 7, 17, 4, 1
5, 43, 215, 8.6, 0.233, 0.8, 1.35, 50, 172, 37, 1
6, 19, 114, 3.167, 0.254, 0.956, 1.16, 29, 109, 25, 1
7, 43, 301, 6.143, 0.246, 0.947, 1.32, 74, 285, 56, 1
7, 33, 231, 4.714, 0.342, 0.848, 1.98, 79, 196, 40, 1
9, 22, 198, 2.444, 0.227, 0.934, 1.61, 45, 185, 28, 1
8, 6, 48, 0.75, 0.313, 0.813, 1.88, 15, 39, 8, 1
9, 47, 423, 5.222, 0.279, 0.773, 1.53, 118, 327, 77, 1
9, 30, 270, 3.333, 0.27, 0.796, 1.4, 73, 215, 52, 1
5, 19, 95, 3.8, 0.442, 0.937, 1.5, 42, 89, 28, 1
7, 27, 189, 3.857, 0.286, 1.0, 1.32, 54, 189, 41, 1
8, 44, 352, 5.5, 0.284, 0.673, 1.43, 100, 237, 70, 1
7, 11, 77, 1.571, 0.377, 0.974, 1.61, 29, 75, 18, 1
7, 46, 322, 6.571, 0.354, 0.994, 1.46, 114, 320, 78, 1
9, 48, 432, 5.333, 0.257, 0.738, 1.41, 111, 319, 79, 1
9, 86, 774, 9.556, 0.211, 0.517, 1.29, 163, 400, 126, 1
7, 10, 70, 1.429, 0.314, 1.0, 1.29, 22, 70, 17, 1
8, 10, 80, 1.25, 0.288, 0.813, 1.64, 23, 65, 14, 1
8, 10, 80, 1.25, 0.45, 0.988, 1.71, 36, 79, 21, 1
8, 19, 152, 2.375, 0.401, 0.98, 1.97, 61, 149, 31, 1
8, 1, 8, 0.125, 1.0, 1.0, 8.0, 8, 8, 1, 4
11, 11, 121, 1.0, 0.388, 0.818, 2.24, 47, 99, 21, 1
9, 16, 144, 1.778, 0.382, 0.743, 2.29, 55, 107, 24, 1
8, 7, 56, 0.875, 0.429, 1.0, 2.18, 24, 56, 11, 1
10, 32, 320, 3.2, 0.338, 0.816, 1.83, 108, 261, 59, 1
7, 8, 56, 1.143, 0.482, 1.0, 2.25, 27, 56, 12, 1
10, 72, 720, 7.2, 0.292, 0.667, 1.81, 210, 480, 116, 1
4, 10, 40, 2.5, 0.6, 0.8, 4.0, 24, 32, 6, 1
11, 109, 1199, 9.909, 0.234, 0.62, 1.92, 281, 743, 146, 1
7, 20, 140, 2.857, 0.457, 0.857, 2.46, 64, 120, 26, 1
10, 16, 160, 1.6, 0.444, 1.0, 2.22, 71, 160, 32, 1
10, 74, 740, 7.4, 0.303, 0.708, 2.17, 224, 524, 103, 1
8, 6, 48, 0.75, 0.375, 0.896, 1.8, 18, 43, 10, 1
7, 20, 140, 2.857, 0.464, 1.0, 2.24, 65, 140, 29, 1
6, 10, 60, 1.667, 0.483, 0.933, 2.07, 29, 56, 14, 1
8, 33, 264, 4.125, 0.436, 0.886, 1.89, 115, 234, 61, 1
7, 13, 91, 1.857, 0.286, 0.934, 1.63, 26, 85, 16, 1
8, 150, 1200, 18.75, 0.158, 0.594, 1.23, 189, 713, 154, 1
7, 100, 700, 14.286, 0.283, 0.987, 1.68, 198, 691, 118, 1
9, 535, 4815, 59.444, 0.146, 0.634, 1.32, 704, 3052, 534, 1
25, 294, 7350, 11.76, 0.471, 0.907, 7.72, 3459, 6663, 448, 1
8, 124, 992, 15.5, 0.427, 0.847, 2.6, 424, 840, 163, 1
2, 538, 1076, 269.0, 0.518, 0.596, 29.32, 557, 641, 19, 2
9, 284, 2556, 31.556, 0.137, 0.456, 1.41, 350, 1165, 249, 1
9, 264, 2376, 29.333, 0.197, 0.656, 1.34, 468, 1558, 349, 1
31, 1, 31, 0.032, 1.0, 1.0, 31.0, 31, 31, 1, 4
10, 259, 2590, 25.9, 0.351, 0.779, 2.51, 908, 2018, 362, 1
13, 322, 4186, 24.769, 0.375, 0.714, 4.62, 1571, 2990, 340, 1
26, 170, 4420, 6.538, 0.188, 0.909, 1.54, 833, 4017, 542, 1
20, 1, 20, 0.05, 1.0, 1.0, 20.0, 20, 20, 1, 4
10, 151, 1510, 15.1, 0.381, 0.785, 3.48, 575, 1186, 165, 1
16, 344, 5504, 21.5, 0.385, 0.662, 5.2, 2121, 3643, 408, 1
11, 22, 242, 2.0, 0.603, 0.81, 8.59, 146, 196, 17, 1
187, 141, 26367, 0.754, 0.415, 0.884, 4.69, 10947, 23301, 2333, 3
77, 257, 19789, 3.338, 0.465, 0.49, 72.47, 9204, 9689, 127, 1
9, 168, 1512, 18.667, 0.268, 0.661, 1.89, 405, 1000, 214, 1
9, 92, 828, 10.222, 0.287, 0.694, 1.93, 238, 575, 123, 1
9, 58, 522, 6.444, 0.351, 0.669, 2.29, 183, 349, 80, 1
5, 97, 485, 19.4, 0.334, 0.831, 1.98, 162, 403, 82, 1
7, 26, 182, 3.714, 0.302, 0.863, 1.9, 55, 157, 29, 1
7, 18, 126, 2.571, 0.262, 0.873, 1.94, 33, 110, 17, 1
8, 24, 192, 3.0, 0.203, 0.568, 1.7, 39, 109, 23, 1
71, 34, 2414, 0.479, 0.094, 0.273, 1.91, 227, 659, 119, 1
14, 155, 2170, 11.071, 0.303, 0.639, 2.76, 658, 1386, 238, 1
11, 168, 1848, 15.273, 0.234, 0.723, 1.55, 432, 1337, 279, 1
