@relation unknow
@attribute A1 real [-6879.0, 6285.0]
@attribute A2 real [-7141.0, 6921.0]
@attribute A3 real [-7734.0, 7611.0]
@attribute A4 real [-6627.0, 7149.0]
@attribute A5 real [-7184.0, 6383.0]
@attribute A6 real [-6946.0, 6743.0]
@attribute A7 real [-7781.0, 6285.0]
@attribute A8 real [-6882.0, 6357.0]
@attribute A9 real [-7184.0, 7487.0]
@attribute A10 real [-7232.0, 6757.0]
@attribute A11 real [-7803.0, 7208.0]
@attribute A12 real [-7395.0, 6791.0]
@attribute A13 real [-7096.0, 6403.0]
@attribute A14 real [-7472.0, 7261.0]
@attribute A15 real [-7342.0, 7372.0]
@attribute A16 real [-7121.0, 6905.0]
@attribute A17 real [-7163.0, 7175.0]
@attribute A18 real [-8778.0, 6896.0]
@attribute A19 real [-7554.0, 5726.0]
@attribute A20 real [-6722.0, 7627.0]
@attribute class {0, 1}
@inputs A1, A2, A3, A4, A5, A6, A7, A8, A9, A10, A11, A12, A13, A14, A15, A16, A17, A18, A19, A20
@outputs class
@data
-2186.0, 927.0, 495.0, -2936.0, 1911.0, 1033.0, 3751.0, 1452.0, 3556.0, 19.0, -5035.0, -142.0, -3168.0, -4486.0, -3579.0, -95.0, -369.0, 1552.0, 1707.0, 746.0, 0
1806.0, 1336.0, 353.0, -201.0, 408.0, -354.0, -412.0, -94.0, -2352.0, 516.0, 345.0, -1597.0, 342.0, 412.0, -1028.0, 135.0, 713.0, -854.0, 406.0, 52.0, 1
164.0, -1484.0, -451.0, 48.0, -2155.0, 148.0, -2022.0, -1563.0, 433.0, 1942.0, -124.0, 812.0, -1716.0, -192.0, 2722.0, 717.0, -228.0, -137.0, -2492.0, 985.0, 0
562.0, 597.0, 1214.0, 704.0, 63.0, -923.0, -537.0, -385.0, -11.0, -1088.0, 996.0, 272.0, 1952.0, 946.0, -44.0, 1223.0, 1054.0, 1238.0, 67.0, 272.0, 1
373.0, -709.0, 167.0, 129.0, 725.0, 1086.0, -794.0, 897.0, 1439.0, 99.0, -1291.0, -137.0, 355.0, 9.0, 311.0, -627.0, -626.0, -19.0, 1274.0, 337.0, 1
21.0, -159.0, -19.0, 908.0, 1428.0, -456.0, 422.0, -1594.0, 2176.0, 214.0, 237.0, -856.0, 977.0, -11.0, -32.0, 1646.0, 443.0, 1146.0, 353.0, 1294.0, 1
-205.0, -385.0, 231.0, -333.0, 3058.0, -826.0, -142.0, -626.0, -1748.0, 519.0, 1126.0, 849.0, 216.0, -96.0, -41.0, 147.0, 413.0, 159.0, 9.0, 2846.0, 1
363.0, -133.0, -37.0, 396.0, 1289.0, 2093.0, -106.0, -1753.0, -883.0, 1465.0, 679.0, 168.0, 1825.0, -1969.0, -1292.0, 1728.0, 571.0, -908.0, 482.0, -741.0, 1
-1023.0, 802.0, 2679.0, 384.0, -341.0, 1611.0, -679.0, 221.0, 1.0, 338.0, -1075.0, -724.0, -498.0, 693.0, 602.0, 1619.0, -1421.0, -267.0, 258.0, -495.0, 1
1437.0, -95.0, 65.0, 1186.0, 1294.0, 1524.0, -194.0, 206.0, -1221.0, 191.0, 1553.0, 3.0, 984.0, 432.0, -391.0, 2008.0, 48.0, 192.0, 645.0, 1345.0, 1
236.0, 3202.0, 1647.0, -1769.0, -668.0, -1854.0, 2324.0, 5662.0, 19.0, -123.0, -1842.0, -825.0, -1558.0, -2952.0, 632.0, -1921.0, 2545.0, -311.0, 3631.0, 447.0, 0
-605.0, 4548.0, -1099.0, 885.0, -1043.0, -687.0, -932.0, 558.0, -654.0, -1963.0, 1509.0, 3926.0, 662.0, 1874.0, -944.0, 2146.0, 598.0, -546.0, -295.0, -519.0, 0
1235.0, -2088.0, 574.0, -433.0, 736.0, 1503.0, 1431.0, -1414.0, 63.0, 522.0, 438.0, -56.0, 9.0, 1392.0, -2293.0, -1036.0, 825.0, 1676.0, 1046.0, 135.0, 1
704.0, -108.0, 729.0, 1.0, 463.0, -325.0, 277.0, 1224.0, 369.0, 982.0, -1082.0, 237.0, -123.0, 621.0, -1213.0, 2218.0, 1878.0, -608.0, 298.0, -644.0, 1
587.0, 847.0, 623.0, 3576.0, 1537.0, -297.0, -229.0, 1779.0, -197.0, 2359.0, -526.0, -986.0, 2739.0, 2366.0, 28.0, 519.0, 2654.0, -1162.0, 1452.0, 2693.0, 0
-2207.0, 3822.0, -929.0, -311.0, 1051.0, 2431.0, 2402.0, -1091.0, 1078.0, -43.0, 1323.0, 1438.0, -586.0, -1136.0, 34.0, 2222.0, -409.0, -3661.0, -2257.0, -257.0, 0
-1204.0, 1369.0, -928.0, -87.0, -566.0, 207.0, 2487.0, -3237.0, -1086.0, -3531.0, 2091.0, 2661.0, -1949.0, 3707.0, 732.0, 2112.0, 3494.0, -1276.0, -1956.0, 18.0, 0
1444.0, 298.0, 87.0, 1085.0, 426.0, 1792.0, 1706.0, -3.0, 947.0, -391.0, 1729.0, -1202.0, 3.0, -668.0, 151.0, 66.0, -127.0, 1543.0, 411.0, 1104.0, 1
708.0, 896.0, 292.0, 2367.0, 2764.0, 27.0, -891.0, 1734.0, 1996.0, 399.0, -154.0, 742.0, 1316.0, 1211.0, 103.0, 354.0, 2052.0, -137.0, -435.0, -376.0, 1
-1484.0, -724.0, -175.0, 406.0, 329.0, -3598.0, -3288.0, 3198.0, -624.0, -3078.0, 767.0, -3582.0, 2213.0, 245.0, -3081.0, 174.0, -348.0, 285.0, 1118.0, 1768.0, 0
-598.0, -248.0, 1662.0, -1906.0, 448.0, 1322.0, -3977.0, 1089.0, 1516.0, -497.0, 4586.0, 834.0, -1212.0, -1368.0, -2521.0, -345.0, -1619.0, -2732.0, 2955.0, -191.0, 0
-2225.0, 4378.0, 1289.0, -1056.0, 2548.0, 3485.0, 1325.0, 961.0, -2331.0, -79.0, -2694.0, 2741.0, 43.0, 496.0, 4242.0, 2713.0, -1402.0, 2819.0, -303.0, 1207.0, 0
-236.0, 1091.0, 1096.0, -124.0, 335.0, -489.0, 1268.0, 1235.0, -622.0, 2347.0, 1527.0, 441.0, 733.0, 278.0, -912.0, 1703.0, -586.0, 831.0, 265.0, -1011.0, 1
-2223.0, -159.0, 1132.0, 333.0, 3878.0, -502.0, 1715.0, -106.0, 942.0, -522.0, 1546.0, -747.0, -1609.0, -1657.0, 2564.0, 821.0, 1796.0, 2663.0, -1295.0, 1873.0, 0
13.0, 2583.0, -868.0, -16.0, 686.0, 118.0, 2389.0, 1282.0, -1153.0, 126.0, 947.0, 264.0, 746.0, 21.0, 1092.0, 702.0, 309.0, -1426.0, 714.0, -147.0, 1
1298.0, -1347.0, 1492.0, 411.0, -1.0, -474.0, 244.0, 1266.0, 318.0, 47.0, 1384.0, 848.0, 346.0, 802.0, 527.0, 739.0, 669.0, -228.0, -452.0, 1326.0, 1
1178.0, 414.0, 1016.0, 3199.0, 554.0, 281.0, 806.0, -295.0, -19.0, 508.0, 89.0, 1373.0, 759.0, 2555.0, 2317.0, 1027.0, 1154.0, 993.0, -1008.0, 127.0, 1
3207.0, 634.0, -406.0, -88.0, -1235.0, -2253.0, 1117.0, 1164.0, -879.0, 221.0, 1042.0, 652.0, 111.0, -2383.0, -118.0, 3305.0, 2493.0, 43.0, 387.0, -303.0, 0
-168.0, 1299.0, 356.0, 718.0, -892.0, -366.0, 1176.0, -374.0, 2747.0, 55.0, -1424.0, 1607.0, 984.0, -104.0, -51.0, -217.0, -183.0, -687.0, -64.0, -493.0, 1
1567.0, 1337.0, 991.0, 2496.0, 2733.0, 833.0, -377.0, 625.0, -1587.0, 364.0, -574.0, -199.0, 24.0, 1689.0, 1225.0, -778.0, 1062.0, -698.0, 218.0, -354.0, 1
244.0, -135.0, 452.0, -1274.0, 2652.0, 581.0, 568.0, 1547.0, 1755.0, 439.0, -1026.0, -76.0, -1099.0, 93.0, -854.0, 923.0, 617.0, 1026.0, 72.0, -165.0, 1
-192.0, -929.0, 213.0, -7.0, 1128.0, -1032.0, 329.0, -1001.0, 2478.0, 1977.0, 748.0, 436.0, -662.0, 803.0, -316.0, 1102.0, -522.0, 8.0, 1064.0, 1603.0, 1
746.0, 1059.0, 588.0, 2064.0, 179.0, 733.0, 2192.0, 6.0, 879.0, -551.0, 437.0, 52.0, 347.0, -2303.0, -884.0, 1386.0, 2133.0, 1316.0, 252.0, 39.0, 1
-2559.0, 533.0, 41.0, -6.0, 617.0, 52.0, -223.0, 2101.0, -3284.0, -1362.0, -43.0, 199.0, -1435.0, -5172.0, 2042.0, -2179.0, 245.0, -498.0, -847.0, 2381.0, 0
-598.0, 32.0, -928.0, -184.0, 2995.0, -185.0, -1443.0, 118.0, -27.0, -153.0, -1513.0, 1281.0, 1109.0, -1853.0, 2651.0, -361.0, 1665.0, 1489.0, 351.0, -912.0, 1
-48.0, 468.0, -4061.0, 1381.0, -2351.0, -1652.0, -376.0, -2418.0, -371.0, -3123.0, 108.0, -1777.0, -573.0, -974.0, -1114.0, -1321.0, 978.0, -643.0, -188.0, 3716.0, 0
1994.0, -1587.0, -721.0, 2047.0, 3363.0, -298.0, -3237.0, -1432.0, -1902.0, -1688.0, -583.0, 1336.0, 796.0, 996.0, -1024.0, -1129.0, -895.0, 2216.0, -2368.0, -1065.0, 0
2142.0, 638.0, -2644.0, 665.0, -1836.0, 562.0, 322.0, -3201.0, 1114.0, 86.0, 5346.0, 1227.0, -547.0, 3498.0, -751.0, -8.0, -518.0, -1918.0, -556.0, -2341.0, 0
-322.0, 136.0, -1086.0, -2491.0, 683.0, 2565.0, 2953.0, 2002.0, 1997.0, -327.0, -1013.0, 242.0, -436.0, -28.0, 1585.0, -1146.0, -1536.0, -649.0, -41.0, 106.0, 0
1426.0, -71.0, 1713.0, 2194.0, 1765.0, 214.0, -1158.0, -623.0, 1773.0, -5.0, -2563.0, -849.0, -2392.0, 1653.0, 46.0, 172.0, 553.0, 83.0, 463.0, 2451.0, 0
477.0, 181.0, 1453.0, -728.0, -455.0, -1144.0, -262.0, 77.0, 2.0, 78.0, -156.0, 108.0, 1239.0, -364.0, -6.0, -153.0, 1506.0, -175.0, -1117.0, 805.0, 1
462.0, -1322.0, -481.0, 1557.0, -838.0, -823.0, -1999.0, -1229.0, 2284.0, 2365.0, 17.0, 632.0, 1364.0, 2702.0, -2274.0, 1733.0, 201.0, -2062.0, 558.0, -244.0, 0
451.0, 1782.0, -2.0, -1877.0, -44.0, 801.0, 1547.0, -1172.0, 1153.0, 745.0, 149.0, 798.0, 569.0, 162.0, 272.0, -1912.0, 68.0, 735.0, 863.0, 252.0, 1
178.0, -586.0, -1038.0, 653.0, 477.0, 681.0, 1146.0, 598.0, -242.0, 12.0, 1576.0, 1224.0, 1383.0, 94.0, -601.0, -695.0, 911.0, -39.0, 1103.0, 1937.0, 1
474.0, -672.0, -89.0, -894.0, 512.0, 437.0, -1056.0, -191.0, 1176.0, 2355.0, 1512.0, 2255.0, 276.0, 1973.0, 1096.0, -69.0, -963.0, 533.0, -486.0, -787.0, 1
145.0, 206.0, -215.0, -15.0, 3169.0, -1056.0, 848.0, -824.0, -39.0, 1092.0, -1436.0, 3143.0, 2019.0, 2297.0, -1398.0, -185.0, 561.0, 1329.0, 712.0, 177.0, 0
204.0, 1795.0, 1218.0, -1186.0, -2858.0, -1617.0, 586.0, -3304.0, -3188.0, 1284.0, -328.0, 1159.0, 3144.0, 145.0, 89.0, 2656.0, -1525.0, -238.0, 1542.0, 1822.0, 0
-15.0, 2234.0, -2193.0, -1905.0, -2167.0, -1396.0, -1206.0, 114.0, -869.0, -349.0, 298.0, -1335.0, 979.0, -2108.0, -1336.0, 1324.0, -1484.0, 2378.0, 1398.0, -2939.0, 0
-203.0, 2172.0, 134.0, -98.0, 51.0, 2044.0, 1249.0, -133.0, 1578.0, 229.0, -725.0, 576.0, -3918.0, 3132.0, -5717.0, -538.0, -773.0, -693.0, 2672.0, 952.0, 0
1193.0, 811.0, 1139.0, -217.0, 236.0, 296.0, -335.0, 165.0, -405.0, 1006.0, 279.0, -1122.0, 688.0, 382.0, -587.0, 492.0, 2485.0, 721.0, 1947.0, 786.0, 1
175.0, -224.0, 2215.0, -145.0, -1046.0, 34.0, 132.0, 244.0, 927.0, -144.0, -573.0, 972.0, 1819.0, -7.0, 1135.0, 1024.0, 1384.0, 55.0, 49.0, 1383.0, 1
157.0, 503.0, 734.0, 178.0, -523.0, -1577.0, 2261.0, -499.0, 454.0, 2595.0, -107.0, 142.0, -6.0, 38.0, 971.0, 1245.0, 1278.0, 3896.0, -221.0, 468.0, 1
-784.0, 563.0, -1207.0, -1969.0, 4384.0, 1896.0, -2704.0, 34.0, 661.0, -966.0, 83.0, 4231.0, 68.0, 13.0, -1245.0, -4062.0, 493.0, 481.0, -1616.0, 547.0, 0
1546.0, -479.0, 231.0, 718.0, 1952.0, 217.0, 493.0, -373.0, 29.0, 646.0, 848.0, -273.0, 767.0, -317.0, 347.0, 1336.0, 1453.0, -472.0, -713.0, -383.0, 1
-399.0, -1453.0, 861.0, 89.0, -537.0, -201.0, -116.0, 904.0, -13.0, 1193.0, 831.0, 481.0, 452.0, -384.0, 896.0, 236.0, 2017.0, 2662.0, 714.0, 28.0, 1
1697.0, 156.0, -1394.0, -673.0, -961.0, -1216.0, -224.0, 1975.0, 958.0, 244.0, 401.0, -273.0, 1122.0, -279.0, 823.0, 76.0, 15.0, 935.0, 634.0, 658.0, 1
68.0, -246.0, 312.0, 1291.0, -441.0, 465.0, 91.0, 506.0, 712.0, 1.0, 1488.0, 1025.0, -1163.0, 926.0, -262.0, -885.0, 801.0, 574.0, 491.0, 492.0, 1
-98.0, 2255.0, -387.0, 817.0, 1421.0, -2038.0, -685.0, -1115.0, 4227.0, -344.0, 464.0, 1728.0, 281.0, -2162.0, 3963.0, -243.0, -229.0, -2483.0, 35.0, -2365.0, 0
268.0, -1404.0, 4818.0, 3652.0, -114.0, -1337.0, -2117.0, -1946.0, 3183.0, 1692.0, -1492.0, 112.0, -4444.0, 1642.0, -38.0, 3892.0, 2838.0, -64.0, -188.0, 3339.0, 0
-721.0, -2524.0, 4202.0, 1635.0, -2864.0, -3862.0, -314.0, 412.0, 1225.0, 1312.0, -143.0, -224.0, 4599.0, 175.0, -2918.0, -1275.0, -463.0, 1399.0, -296.0, 1509.0, 0
-1162.0, 879.0, 2658.0, 177.0, 1372.0, -3511.0, 264.0, 779.0, -115.0, 99.0, 2905.0, 3751.0, -425.0, -638.0, 2076.0, -2697.0, 1846.0, 1444.0, -271.0, 2824.0, 0
2514.0, 1747.0, 4676.0, 658.0, 944.0, -41.0, 702.0, 997.0, -1988.0, 367.0, 2223.0, 2649.0, -1678.0, 877.0, 1567.0, 224.0, 3719.0, -2272.0, 522.0, -351.0, 0
1834.0, -36.0, -1618.0, -3082.0, -2811.0, 846.0, 2622.0, 2774.0, -1206.0, 768.0, 1696.0, -32.0, -2628.0, 201.0, 752.0, 2793.0, -1542.0, -1864.0, 994.0, -1282.0, 0
1379.0, 962.0, 1047.0, 1122.0, 943.0, 213.0, 401.0, 2241.0, 27.0, -173.0, 1557.0, -27.0, 847.0, 762.0, 2.0, 648.0, -1458.0, 857.0, -1712.0, 1316.0, 1
1274.0, 1355.0, -818.0, -63.0, 946.0, 251.0, -46.0, -658.0, 205.0, 1251.0, 955.0, -967.0, -83.0, 393.0, -393.0, -1339.0, -1349.0, 1821.0, -814.0, 248.0, 1
2346.0, 751.0, -1196.0, 94.0, 3146.0, -233.0, -2008.0, -1584.0, -126.0, 946.0, 3845.0, 62.0, 2677.0, 1754.0, 392.0, -2399.0, 2151.0, -634.0, 259.0, 1666.0, 0
2532.0, 1092.0, 1151.0, 1751.0, -2254.0, 1901.0, -3354.0, 62.0, -3078.0, 2667.0, 352.0, 63.0, 116.0, -664.0, -2356.0, -4818.0, 2013.0, -71.0, -1324.0, -3119.0, 0
156.0, -306.0, -83.0, -356.0, 1022.0, -778.0, 1342.0, 913.0, -1058.0, -469.0, 419.0, 2258.0, -766.0, 1656.0, 368.0, 67.0, 822.0, 608.0, -478.0, 1119.0, 1
-3211.0, 593.0, -766.0, -124.0, 2116.0, 865.0, 4467.0, 3315.0, -88.0, -282.0, -4507.0, -221.0, 2479.0, -2499.0, -1487.0, -1654.0, -952.0, -602.0, 224.0, 823.0, 0
25.0, -2672.0, -1076.0, 3456.0, -1023.0, 546.0, -4042.0, 841.0, 113.0, -263.0, 2328.0, 1651.0, -5411.0, -1895.0, -1832.0, 793.0, -646.0, 3965.0, -26.0, -1253.0, 0
104.0, 1425.0, -1499.0, -1869.0, 987.0, 1609.0, -659.0, 1044.0, -4421.0, -1695.0, 1201.0, 926.0, 291.0, 2051.0, 1727.0, -12.0, 1706.0, -473.0, -297.0, 314.0, 0
437.0, 308.0, 1941.0, -18.0, 918.0, 1009.0, 1341.0, 931.0, 1927.0, 777.0, 551.0, 1295.0, -238.0, 1758.0, 1236.0, 815.0, -406.0, 1568.0, 785.0, 722.0, 1
3212.0, 111.0, -1248.0, 1888.0, -165.0, -2.0, 1271.0, 333.0, 778.0, -25.0, 1316.0, -682.0, -1.0, -578.0, 1063.0, 1152.0, -1583.0, 121.0, -339.0, 1534.0, 1
2937.0, 386.0, -1495.0, 1594.0, 166.0, 1529.0, -1593.0, 2191.0, -1508.0, 195.0, -1135.0, -4.0, -642.0, 2066.0, 119.0, 1397.0, -22.0, 299.0, 1255.0, 708.0, 1
371.0, 1042.0, 954.0, 238.0, -548.0, -1362.0, 2039.0, 2021.0, 106.0, 411.0, -186.0, 873.0, 1049.0, -27.0, 2554.0, -1399.0, 616.0, 1775.0, 66.0, -28.0, 1
1038.0, 434.0, 587.0, -825.0, 1389.0, 628.0, 942.0, 599.0, -262.0, 545.0, 663.0, 414.0, 838.0, -994.0, -181.0, -1238.0, 688.0, 55.0, -213.0, 2781.0, 1
-878.0, -324.0, -4719.0, 2051.0, -385.0, 88.0, 512.0, -2829.0, 274.0, -2392.0, 2883.0, -582.0, 2113.0, 523.0, 426.0, 181.0, -1686.0, 2139.0, 2071.0, -335.0, 0
2.0, 133.0, 379.0, 102.0, 382.0, -1097.0, 23.0, -52.0, -127.0, 108.0, 118.0, -196.0, 2174.0, -347.0, -661.0, 333.0, 267.0, -714.0, -388.0, 1632.0, 1
-66.0, 215.0, 1614.0, 622.0, 285.0, -174.0, -603.0, 1072.0, 1.0, 885.0, -532.0, 334.0, 1455.0, -1107.0, 139.0, 932.0, 1017.0, -61.0, -776.0, -431.0, 1
361.0, 21.0, 2008.0, 1883.0, -197.0, 1977.0, 2928.0, -2107.0, -1569.0, 2157.0, -924.0, -1138.0, -3042.0, 1569.0, 6348.0, -2022.0, -1754.0, -103.0, 2198.0, -787.0, 0
-277.0, -399.0, 2745.0, -1312.0, 1287.0, 458.0, 326.0, 528.0, 1183.0, 1414.0, -2288.0, -1242.0, -1529.0, 2203.0, -48.0, 1171.0, 1153.0, -2249.0, 107.0, -2024.0, 0
-1668.0, 1763.0, -925.0, -1586.0, 1897.0, 789.0, 2764.0, 711.0, 13.0, 3536.0, -844.0, -144.0, 1266.0, 1317.0, 1172.0, -2601.0, -1105.0, -1653.0, -23.0, -2764.0, 0
-1968.0, -867.0, -185.0, 425.0, 1345.0, -1469.0, -311.0, 453.0, 1479.0, 128.0, -234.0, -3482.0, -4082.0, -1316.0, -667.0, -1017.0, 1288.0, 17.0, -147.0, -4591.0, 0
-2355.0, -2267.0, -818.0, 2288.0, -741.0, 1182.0, 106.0, 1783.0, -1773.0, 362.0, -2416.0, 127.0, 282.0, 568.0, -621.0, 596.0, -2727.0, -1085.0, 659.0, -899.0, 0
849.0, -357.0, 313.0, 416.0, -744.0, 1901.0, -2284.0, -533.0, 305.0, -294.0, 534.0, 666.0, -49.0, 927.0, 155.0, 1898.0, 2646.0, 314.0, 805.0, 634.0, 1
-3108.0, 2808.0, -1712.0, 4043.0, -177.0, 3925.0, 2395.0, -305.0, 1197.0, -3684.0, -174.0, 1005.0, 1141.0, -998.0, -2322.0, 2457.0, -2505.0, -6305.0, 133.0, -103.0, 0
2545.0, -706.0, -1641.0, -1612.0, -1.0, 742.0, 1461.0, 499.0, -1151.0, -2438.0, -1053.0, 239.0, 356.0, 1935.0, 3173.0, 218.0, -1186.0, -1486.0, 1234.0, 124.0, 0
-457.0, -22.0, -1986.0, -44.0, 1103.0, 649.0, -368.0, 1322.0, -1469.0, 213.0, -1385.0, 2825.0, -1336.0, -1242.0, -526.0, -448.0, 4334.0, -3182.0, -492.0, 488.0, 0
116.0, 1655.0, 633.0, 203.0, 429.0, 1777.0, 1356.0, 974.0, 2015.0, -466.0, 348.0, -44.0, 1227.0, 1761.0, -294.0, 1772.0, 498.0, 1608.0, -36.0, 347.0, 1
1862.0, 742.0, 119.0, -1491.0, 524.0, -313.0, -356.0, -619.0, 1007.0, -2225.0, 1117.0, -426.0, -1253.0, -2016.0, -2612.0, -207.0, -862.0, 2792.0, 559.0, -568.0, 0
22.0, -472.0, 2969.0, 772.0, 662.0, 153.0, 1539.0, 3223.0, 105.0, 666.0, 1736.0, 386.0, 186.0, 387.0, -1208.0, 447.0, 978.0, 1258.0, -374.0, -38.0, 1
702.0, 825.0, 1001.0, 304.0, -1335.0, 1718.0, 1422.0, 1155.0, -661.0, 2148.0, 86.0, -35.0, -735.0, -355.0, 647.0, -1194.0, 1298.0, 168.0, -157.0, 907.0, 1
809.0, -889.0, 468.0, 1408.0, -937.0, 435.0, 1556.0, 108.0, 616.0, 163.0, -298.0, 695.0, 2195.0, -1649.0, 61.0, 1189.0, 524.0, 687.0, -19.0, 364.0, 1
1881.0, 1378.0, -934.0, 1363.0, -266.0, 408.0, -2972.0, 368.0, -3.0, 154.0, -173.0, -2581.0, 1111.0, -42.0, 476.0, 426.0, 873.0, 144.0, 681.0, -365.0, 1
-2969.0, 3496.0, 585.0, -2227.0, -1109.0, 2377.0, 366.0, -281.0, 1525.0, 583.0, 328.0, -2681.0, -688.0, -282.0, -1268.0, 1956.0, 2284.0, 3659.0, -922.0, -326.0, 0
1868.0, 1034.0, -1097.0, 1445.0, -632.0, 1752.0, 179.0, 2288.0, 1596.0, 3184.0, -3119.0, -446.0, -1617.0, 1435.0, -337.0, -49.0, -1318.0, 1578.0, 1299.0, 558.0, 0
1223.0, -583.0, 266.0, 378.0, -2243.0, -896.0, -13.0, -414.0, 1194.0, 2106.0, 2835.0, 338.0, 313.0, 1009.0, 935.0, 2536.0, -455.0, 1039.0, 795.0, 1998.0, 1
-1292.0, -3502.0, 1566.0, 1207.0, -3905.0, -3452.0, 292.0, 1107.0, 1698.0, 3885.0, -1095.0, -154.0, -1927.0, 2475.0, 3704.0, -3016.0, 235.0, -1216.0, 1485.0, -2571.0, 0
826.0, -1604.0, -265.0, 1286.0, -11.0, 484.0, -303.0, -181.0, -2712.0, -2184.0, 3069.0, -3374.0, 1919.0, -314.0, -233.0, 1418.0, 1546.0, -301.0, -4703.0, -412.0, 0
-311.0, -1268.0, 1474.0, -893.0, -1837.0, 1098.0, 1071.0, 16.0, 1933.0, 772.0, 1674.0, -2548.0, -4513.0, -5078.0, -1195.0, -1205.0, -457.0, -117.0, 1236.0, -1565.0, 0
-338.0, 2012.0, -629.0, -139.0, 1094.0, 694.0, 91.0, -138.0, 1028.0, -96.0, 2913.0, 651.0, 212.0, 827.0, 2712.0, 1862.0, 1228.0, -367.0, 3.0, 187.0, 1
-206.0, 1691.0, 1538.0, 664.0, 995.0, -807.0, 957.0, 731.0, 573.0, 79.0, -1129.0, 606.0, 797.0, 545.0, -25.0, -124.0, 756.0, 48.0, 1337.0, 1004.0, 1
905.0, -1066.0, -964.0, 907.0, 828.0, -761.0, -99.0, -768.0, 7.0, 525.0, 1578.0, 3.0, 883.0, -458.0, 1712.0, 384.0, 931.0, 198.0, 318.0, -844.0, 1
1552.0, 3413.0, -2859.0, 2538.0, -124.0, -1909.0, -2431.0, 1501.0, -3498.0, -417.0, -852.0, 3639.0, -24.0, 2041.0, -2225.0, 1152.0, -1169.0, 1324.0, -1989.0, 2678.0, 0
51.0, -2679.0, 2123.0, 2009.0, 4513.0, 1417.0, -126.0, 1539.0, -2527.0, 3343.0, -1082.0, -169.0, -1377.0, -1188.0, -2542.0, 264.0, 2316.0, -2814.0, -1257.0, 1495.0, 0
284.0, -246.0, 2869.0, 2712.0, 1366.0, -36.0, 1464.0, -2417.0, 869.0, -89.0, 153.0, 3632.0, -2499.0, -1418.0, -462.0, -872.0, 1389.0, -1732.0, 1175.0, -2304.0, 0
-22.0, -138.0, 4086.0, -1307.0, 2182.0, 239.0, -802.0, 2995.0, 459.0, -1629.0, -1046.0, -927.0, 1806.0, -328.0, -1654.0, 2747.0, 2405.0, -56.0, 4099.0, -761.0, 0
-2576.0, 105.0, -3624.0, 1685.0, -798.0, -3412.0, 2743.0, -498.0, -208.0, 2.0, -956.0, -1064.0, 1394.0, -2209.0, 327.0, -2003.0, 453.0, -734.0, -1193.0, -2778.0, 0
-2192.0, -3485.0, 2466.0, 639.0, -1499.0, -1359.0, -124.0, 361.0, 175.0, -353.0, -1818.0, 349.0, -36.0, 1581.0, -361.0, 1865.0, -564.0, -2446.0, 1537.0, -565.0, 0
1632.0, 545.0, 1392.0, 641.0, 834.0, 2102.0, 2404.0, 592.0, 12.0, 6.0, 1071.0, -84.0, 882.0, 19.0, 845.0, -618.0, -931.0, 2048.0, -357.0, 1351.0, 1
-511.0, 1381.0, -75.0, 31.0, 1061.0, 13.0, 1432.0, 236.0, 284.0, 1403.0, 704.0, 933.0, 3025.0, -1228.0, 1787.0, 723.0, 747.0, 2324.0, -382.0, 1363.0, 1
738.0, 876.0, -1241.0, 1513.0, 1654.0, 638.0, -912.0, -381.0, -1074.0, 575.0, -936.0, 676.0, -1808.0, 1213.0, 2195.0, 594.0, 1942.0, 1657.0, 2673.0, -477.0, 1
527.0, -536.0, -326.0, -2433.0, -1521.0, -49.0, -78.0, -5907.0, 1814.0, -3218.0, 218.0, 1048.0, 2292.0, 87.0, 3558.0, -769.0, -3267.0, -1542.0, -2373.0, -617.0, 0
651.0, 82.0, 67.0, -13.0, -714.0, 136.0, 262.0, -657.0, -302.0, 1269.0, -1121.0, 1062.0, -56.0, -372.0, 275.0, 225.0, 804.0, 589.0, 1826.0, -1259.0, 1
-125.0, -2477.0, 833.0, 2253.0, -287.0, -1318.0, 1691.0, -946.0, 1092.0, -1241.0, -1923.0, 1077.0, 174.0, -699.0, 1254.0, -4662.0, -3262.0, -963.0, -115.0, 265.0, 0
656.0, 1535.0, 1325.0, 701.0, -686.0, 2034.0, 1217.0, -509.0, 586.0, 526.0, 3341.0, 1054.0, 364.0, -306.0, 745.0, 2932.0, -481.0, 82.0, -1847.0, -495.0, 1
-955.0, 996.0, 673.0, -954.0, 165.0, 978.0, -51.0, 1988.0, -489.0, -611.0, 142.0, -319.0, 1031.0, -319.0, -771.0, 57.0, -76.0, 1544.0, 861.0, -515.0, 1
3389.0, -122.0, 538.0, -2358.0, 444.0, -103.0, 167.0, -1286.0, 186.0, 45.0, 895.0, 118.0, 2853.0, 514.0, -288.0, -95.0, -1015.0, -201.0, -62.0, 1779.0, 0
2134.0, 1189.0, 2014.0, 391.0, 1146.0, -1693.0, -2431.0, -1079.0, -2014.0, -739.0, 3645.0, 701.0, -706.0, -2248.0, 2303.0, 239.0, -1029.0, 1995.0, 24.0, -58.0, 0
-1916.0, 5596.0, -4232.0, 2376.0, 1799.0, -3498.0, 1268.0, 1528.0, -233.0, 1369.0, 2537.0, 1955.0, -1212.0, 2551.0, -1872.0, 2683.0, 226.0, 1734.0, 309.0, 238.0, 0
733.0, 482.0, 1429.0, 1881.0, -1305.0, 53.0, 24.0, 501.0, -1726.0, 1448.0, 2442.0, 3854.0, -938.0, 4852.0, -3969.0, -1878.0, 904.0, -535.0, 432.0, -717.0, 0
-958.0, -597.0, 195.0, -38.0, 19.0, 114.0, 988.0, -2.0, 695.0, 1467.0, -1263.0, 946.0, 575.0, 2097.0, 1096.0, 1036.0, -1287.0, -832.0, -522.0, -583.0, 1
1029.0, -858.0, -1248.0, 2868.0, -1213.0, -547.0, -1134.0, -2759.0, 102.0, -1315.0, 3455.0, -4423.0, 1042.0, -1595.0, 1746.0, -1822.0, 314.0, 2417.0, 45.0, -313.0, 0
-433.0, 475.0, 1043.0, -232.0, -801.0, 1831.0, 1893.0, 982.0, 1085.0, -1231.0, -468.0, 2805.0, 222.0, -128.0, 623.0, 611.0, 988.0, -97.0, -248.0, 1129.0, 1
-1.0, 818.0, -7734.0, -107.0, -862.0, 21.0, -629.0, -532.0, -43.0, -1706.0, -1764.0, 1743.0, 1846.0, -314.0, -3017.0, 1204.0, 2764.0, -2582.0, 1152.0, -1274.0, 0
32.0, 1948.0, -6.0, -162.0, 1884.0, 994.0, 985.0, -491.0, -142.0, -1752.0, -412.0, -3121.0, 833.0, -2606.0, 2951.0, -2663.0, -859.0, -4942.0, -2479.0, 746.0, 0
-2094.0, -1208.0, -1643.0, 2028.0, 822.0, -608.0, 825.0, 4697.0, -345.0, -1645.0, -4202.0, 52.0, 233.0, 2699.0, -2178.0, 208.0, 2823.0, -18.0, -6.0, 627.0, 0
784.0, 554.0, 614.0, 1632.0, 615.0, -947.0, 252.0, 1681.0, 52.0, -53.0, 132.0, -82.0, 1098.0, 1617.0, 317.0, 261.0, 1651.0, -515.0, 68.0, -25.0, 1
-1556.0, -1035.0, 2532.0, -413.0, -225.0, 644.0, 226.0, 1436.0, -68.0, 669.0, 251.0, -1238.0, 1109.0, 551.0, 136.0, 186.0, -122.0, -708.0, 2164.0, -576.0, 1
-1702.0, -861.0, -1305.0, 691.0, 192.0, -198.0, -4849.0, -303.0, -692.0, 1952.0, 314.0, 1676.0, 1581.0, 47.0, -1604.0, 202.0, 3139.0, 1759.0, 2123.0, 86.0, 0
1319.0, -865.0, -29.0, -328.0, -159.0, -285.0, 1553.0, 1385.0, 2023.0, -598.0, 356.0, -452.0, 1561.0, -1032.0, 36.0, 443.0, -612.0, 182.0, 2281.0, -1052.0, 1
1561.0, -1705.0, -2991.0, 1388.0, 3294.0, -266.0, -1666.0, 53.0, 2193.0, -2121.0, -1088.0, 34.0, 881.0, 312.0, 374.0, -3425.0, -161.0, -2637.0, -2868.0, -1438.0, 0
139.0, -17.0, -376.0, 956.0, -425.0, 493.0, -38.0, -336.0, 966.0, 642.0, -2307.0, 116.0, -1475.0, 1114.0, -131.0, -112.0, -338.0, 16.0, 579.0, -833.0, 1
1199.0, -404.0, -593.0, 1852.0, -237.0, 1394.0, -348.0, 803.0, -986.0, -964.0, 569.0, -284.0, -767.0, 512.0, 161.0, 2132.0, 947.0, 178.0, 246.0, 137.0, 1
516.0, 714.0, 183.0, -204.0, 41.0, 1136.0, 395.0, 111.0, 815.0, 1702.0, 2331.0, 62.0, 1338.0, -919.0, -627.0, 415.0, 364.0, 2429.0, 1778.0, 671.0, 1
-1328.0, 56.0, 512.0, -1053.0, 384.0, 1544.0, 1367.0, 914.0, -615.0, 382.0, 2999.0, 37.0, 644.0, 1347.0, 1641.0, 219.0, 1564.0, 222.0, -384.0, -825.0, 1
-1826.0, 2761.0, 2145.0, 11.0, -117.0, -154.0, -3845.0, -2967.0, -675.0, 349.0, 4973.0, 4176.0, 1892.0, -568.0, 947.0, -563.0, -2553.0, 1024.0, 888.0, 4598.0, 0
1702.0, 2027.0, 148.0, 1136.0, 1598.0, 539.0, 1441.0, 1083.0, 276.0, 1263.0, -496.0, 1359.0, 1328.0, -399.0, 562.0, 378.0, 1268.0, -794.0, 128.0, 32.0, 1
303.0, 648.0, 2503.0, 803.0, 239.0, -752.0, -2127.0, -7.0, 1094.0, 3476.0, -62.0, 1376.0, 1364.0, -135.0, -73.0, 751.0, -692.0, 137.0, 397.0, 1299.0, 1
-308.0, 1495.0, 13.0, -1076.0, 2636.0, 1945.0, 2.0, 2072.0, -3807.0, -2196.0, 104.0, -552.0, 576.0, -4059.0, -503.0, -977.0, 1378.0, 3652.0, -8.0, -1985.0, 0
57.0, -574.0, 1269.0, 17.0, -476.0, -533.0, 171.0, 2491.0, 1716.0, 1859.0, -2936.0, 1083.0, -838.0, -577.0, -1223.0, 435.0, 3362.0, -778.0, 715.0, 211.0, 0
-203.0, -451.0, 448.0, 308.0, 102.0, 1564.0, 182.0, -222.0, -12.0, 151.0, 313.0, 35.0, 726.0, 2164.0, -817.0, -238.0, 95.0, 257.0, -1255.0, 507.0, 1
-1389.0, -565.0, -648.0, 1352.0, 2281.0, -186.0, -1628.0, -3312.0, 3126.0, 439.0, -994.0, -3193.0, 486.0, -631.0, -233.0, -141.0, 16.0, 1699.0, -1399.0, -65.0, 0
-203.0, 1713.0, 616.0, -45.0, -166.0, 1867.0, -389.0, -55.0, -945.0, -767.0, 759.0, -1942.0, 378.0, 575.0, 719.0, 364.0, 736.0, 774.0, 1027.0, 507.0, 1
-1888.0, -478.0, -93.0, 1012.0, -84.0, 1795.0, 169.0, 58.0, 982.0, 1644.0, -1411.0, -781.0, -344.0, -177.0, 2579.0, 1627.0, 118.0, 1346.0, 646.0, 642.0, 1
-489.0, -2479.0, 261.0, 637.0, -1535.0, -943.0, 911.0, 1125.0, 2569.0, -62.0, 61.0, -1535.0, -204.0, 4797.0, -171.0, -112.0, -595.0, -847.0, -555.0, 234.0, 0
1072.0, -442.0, 2166.0, 1615.0, 179.0, 207.0, 62.0, 2852.0, 1626.0, -1144.0, -1185.0, -164.0, 1311.0, 742.0, -2109.0, -4515.0, 1005.0, -1176.0, -3066.0, 1573.0, 0
1829.0, 591.0, 1163.0, 865.0, 446.0, 524.0, -1343.0, -1177.0, 8.0, 843.0, -272.0, 949.0, 156.0, -507.0, 3.0, 2923.0, -13.0, -819.0, -83.0, -275.0, 1
