@relation unknow
@attribute a1 real [-4014.0, 3578.0]
@attribute a2 real [-3961.0, 4345.0]
@attribute a3 real [-3902.0, 4404.0]
@attribute a4 real [-3889.0, 4259.0]
@attribute a5 real [-3649.0, 4213.0]
@attribute a6 real [-3533.0, 3913.0]
@attribute a7 real [-3733.0, 4452.0]
@attribute a8 real [-4574.0, 3865.0]
@attribute a9 real [-3814.0, 4254.0]
@attribute a10 real [-3908.0, 4083.0]
@attribute a11 real [-3494.0, 4095.0]
@attribute a12 real [-3826.0, 4302.0]
@attribute a13 real [-3945.0, 3782.0]
@attribute a14 real [-3852.0, 4124.0]
@attribute a15 real [-3698.0, 3548.0]
@attribute a16 real [-3698.0, 4244.0]
@attribute a17 real [-3943.0, 3723.0]
@attribute a18 real [-4065.0, 4056.0]
@attribute a19 real [-4122.0, 4324.0]
@attribute a20 real [-3783.0, 4279.0]
@attribute class {0, 1}
@inputs a1, a2, a3, a4, a5, a6, a7, a8, a9, a10, a11, a12, a13, a14, a15, a16, a17, a18, a19, a20
@outputs class
@data
-103.0, -724.0, -172.0, -178.0, -1335.0, -16.0, -734.0, 45.0, -71.0, -1038.0, -789.0, -45.0, 1068.0, -1598.0, -1062.0, 1262.0, -67.0, -599.0, -534.0, 215.0, 1
-1951.0, 29.0, -968.0, -988.0, -65.0, 407.0, -307.0, 355.0, -24.0, -877.0, -61.0, -1916.0, -1067.0, -947.0, 1003.0, -1316.0, 126.0, -306.0, -965.0, 1291.0, 1
-1274.0, 139.0, -441.0, 452.0, -1451.0, -644.0, -472.0, 705.0, 135.0, -416.0, 238.0, 1008.0, 886.0, -1523.0, 676.0, 983.0, 1531.0, 259.0, 1.0, -715.0, 0
-1134.0, 767.0, 1523.0, -2033.0, -226.0, 1787.0, 738.0, 9.0, 1013.0, 352.0, 1206.0, 292.0, -849.0, 393.0, 651.0, -919.0, 553.0, -162.0, 1223.0, 1917.0, 0
-1016.0, -273.0, -116.0, 509.0, -341.0, 35.0, 1881.0, 1409.0, 226.0, 425.0, 1573.0, 262.0, 65.0, -194.0, -1903.0, -847.0, 828.0, 392.0, 323.0, 653.0, 0
-205.0, 2166.0, -1404.0, 56.0, 15.0, -2712.0, -981.0, -688.0, -435.0, -143.0, -1254.0, -375.0, 1004.0, -376.0, 373.0, -1064.0, 914.0, 579.0, 665.0, -111.0, 1
-1203.0, 906.0, -113.0, 1527.0, -989.0, 135.0, 306.0, -213.0, 2837.0, 561.0, 1249.0, -396.0, 533.0, 1903.0, 711.0, -845.0, 1319.0, 1055.0, 109.0, -566.0, 0
-1595.0, -1032.0, -1552.0, -2161.0, 536.0, -156.0, -164.0, -1076.0, -89.0, -4.0, -554.0, -842.0, -7.0, 194.0, -607.0, -965.0, 83.0, 1417.0, 187.0, -2366.0, 1
-476.0, -1622.0, -189.0, -86.0, 95.0, -1235.0, 38.0, -827.0, -214.0, -309.0, -677.0, -1707.0, -998.0, 1356.0, -632.0, -1397.0, -199.0, -1019.0, 79.0, 2019.0, 1
-661.0, -663.0, 53.0, -129.0, 1886.0, 424.0, -508.0, -1705.0, 1228.0, 491.0, 1196.0, 904.0, 1179.0, 1462.0, -708.0, 264.0, -742.0, -168.0, 121.0, 1576.0, 0
1814.0, 1926.0, -751.0, -952.0, 517.0, -878.0, -1327.0, 855.0, -939.0, 908.0, -136.0, 1048.0, -594.0, -1126.0, -2127.0, 1924.0, 88.0, -2392.0, -1253.0, -59.0, 1
-1115.0, -2347.0, 1185.0, -1708.0, -48.0, -327.0, -1369.0, 89.0, 839.0, 723.0, -994.0, 342.0, -3.0, 138.0, -1731.0, 755.0, -956.0, 285.0, -338.0, -758.0, 1
1101.0, -548.0, 1264.0, 1777.0, 1283.0, 143.0, 288.0, 1067.0, -1215.0, -256.0, 976.0, -1883.0, 1949.0, 221.0, 1512.0, 65.0, 182.0, -257.0, 1854.0, 64.0, 0
-841.0, -1807.0, -2027.0, -552.0, 69.0, -1357.0, -518.0, -814.0, -604.0, 195.0, 88.0, -1176.0, 1116.0, 386.0, -336.0, -101.0, 856.0, -957.0, -699.0, 947.0, 1
707.0, 344.0, -185.0, -1346.0, -1815.0, 2042.0, 1322.0, 308.0, 161.0, 188.0, -176.0, 918.0, 148.0, 79.0, 37.0, 671.0, 95.0, 858.0, -56.0, 267.0, 0
1159.0, 959.0, 45.0, -354.0, -768.0, 111.0, 1371.0, -22.0, -1006.0, 2037.0, -979.0, 1586.0, -1095.0, 85.0, -843.0, -1025.0, 1322.0, 593.0, 2806.0, 1832.0, 0
-66.0, 122.0, 225.0, 227.0, -1084.0, 268.0, 11.0, 899.0, -758.0, -1501.0, 478.0, -839.0, -872.0, -1276.0, 116.0, 63.0, -426.0, -809.0, -1173.0, 1136.0, 1
285.0, 1173.0, 748.0, 1849.0, 311.0, -139.0, -75.0, -1026.0, 1942.0, 226.0, 2987.0, 2732.0, 896.0, 499.0, 1388.0, 1228.0, -92.0, 198.0, 801.0, 505.0, 0
1349.0, -1261.0, -482.0, 808.0, 181.0, 167.0, -1583.0, 1061.0, -901.0, 1002.0, -1841.0, -551.0, 61.0, -701.0, -157.0, -36.0, -3477.0, -925.0, -1298.0, -231.0, 1
1245.0, 109.0, -1187.0, 1195.0, -544.0, 1104.0, 972.0, 324.0, 159.0, 436.0, 1258.0, 789.0, 252.0, 1079.0, 1244.0, -722.0, -36.0, 1198.0, 991.0, 1286.0, 0
911.0, 566.0, -26.0, -745.0, -916.0, -1892.0, 469.0, -626.0, -2716.0, -1858.0, -984.0, 694.0, -69.0, 1047.0, -297.0, -562.0, -1912.0, -769.0, -1648.0, -434.0, 1
689.0, 14.0, -1068.0, -1663.0, 1631.0, -1436.0, -614.0, -768.0, -124.0, -108.0, 172.0, -817.0, -307.0, 108.0, -323.0, -13.0, -1266.0, 4.0, -2095.0, -377.0, 1
-243.0, -2318.0, -72.0, -1566.0, -2362.0, 28.0, -27.0, -155.0, 568.0, -81.0, -1305.0, -1832.0, -2429.0, -21.0, -557.0, 165.0, -898.0, -1127.0, -684.0, -1506.0, 1
1874.0, 368.0, 1394.0, -651.0, 2.0, 1206.0, -73.0, 1193.0, 266.0, 2114.0, -278.0, 37.0, 428.0, 678.0, -271.0, 678.0, -273.0, 1551.0, 464.0, 555.0, 0
68.0, 185.0, -613.0, -133.0, 487.0, 111.0, 2954.0, -653.0, 468.0, 877.0, 1218.0, -75.0, 661.0, 1363.0, 1273.0, 58.0, 1129.0, 1035.0, 287.0, -429.0, 0
-1722.0, 661.0, 1098.0, -69.0, 113.0, 3164.0, 306.0, 368.0, 756.0, -714.0, 1322.0, 1739.0, 153.0, -292.0, 231.0, 1581.0, -954.0, -69.0, 244.0, -1152.0, 0
636.0, -38.0, -375.0, 1091.0, -915.0, -1716.0, -1712.0, 171.0, 356.0, -899.0, 202.0, -706.0, 1112.0, -378.0, -1172.0, 548.0, 466.0, -34.0, 1613.0, -1024.0, 1
601.0, -12.0, -485.0, -1701.0, -527.0, 1369.0, 649.0, -1941.0, -2093.0, -1532.0, -1633.0, -205.0, -526.0, -1895.0, -458.0, -1708.0, -1181.0, 1834.0, 2207.0, 454.0, 1
-1036.0, 656.0, -14.0, -766.0, -197.0, -1313.0, 169.0, -1305.0, -274.0, 934.0, 464.0, -252.0, -1521.0, 492.0, 678.0, 365.0, 62.0, -1722.0, -615.0, -778.0, 1
829.0, 292.0, 1009.0, -34.0, 1458.0, -194.0, -377.0, 451.0, -602.0, 232.0, 1598.0, 1799.0, -1167.0, 37.0, 1782.0, -451.0, 1224.0, -308.0, 1036.0, 898.0, 0
1091.0, -1629.0, -1967.0, 914.0, -1761.0, -11.0, -128.0, -2127.0, -596.0, -223.0, -838.0, -1599.0, -27.0, -1951.0, 518.0, -95.0, -717.0, 208.0, -1569.0, -557.0, 1
1322.0, -782.0, 734.0, 574.0, 1051.0, 593.0, -878.0, 428.0, 1109.0, -202.0, 93.0, 183.0, 498.0, -1019.0, 651.0, 2675.0, 1204.0, 366.0, 68.0, -79.0, 0
-112.0, 1284.0, 1273.0, 2131.0, -316.0, 642.0, 1174.0, -248.0, 529.0, -11.0, 1718.0, 3449.0, -347.0, -122.0, 336.0, 89.0, 1468.0, -938.0, 1142.0, 1346.0, 0
-939.0, -547.0, 505.0, -1808.0, 692.0, 396.0, -1167.0, 966.0, 774.0, 1494.0, -98.0, -469.0, -522.0, -1258.0, 106.0, 663.0, -856.0, -2488.0, -74.0, -62.0, 1
1007.0, 805.0, -92.0, -38.0, 1081.0, 241.0, 1238.0, 86.0, 409.0, 35.0, 643.0, 3194.0, 1514.0, -788.0, 1036.0, 388.0, -569.0, 117.0, -968.0, 677.0, 0
146.0, -636.0, 237.0, 1869.0, 3398.0, 996.0, 152.0, 327.0, -82.0, 2423.0, -707.0, 431.0, 1202.0, 668.0, 458.0, 2228.0, 1268.0, 1759.0, 402.0, 834.0, 0
-824.0, -1092.0, -408.0, -377.0, -2331.0, 1088.0, -897.0, -624.0, 32.0, -2622.0, 746.0, -272.0, -676.0, 518.0, -122.0, -1695.0, -427.0, -1151.0, -1171.0, -819.0, 1
281.0, -237.0, -483.0, -6.0, -31.0, 624.0, -769.0, -543.0, -1064.0, -195.0, 479.0, -188.0, -95.0, -363.0, 1077.0, -1771.0, -355.0, -245.0, -3141.0, -296.0, 1
-388.0, -423.0, -1064.0, -854.0, -914.0, -1756.0, -62.0, 1334.0, 64.0, -15.0, -205.0, -1176.0, -1174.0, -1391.0, -422.0, -1329.0, -992.0, -515.0, -12.0, -195.0, 1
-1054.0, -124.0, -1558.0, -403.0, -1142.0, -52.0, -1862.0, -472.0, 46.0, -198.0, -1916.0, -1645.0, -24.0, -1572.0, -15.0, 666.0, -58.0, -651.0, -133.0, 869.0, 1
-255.0, 71.0, 1602.0, 5.0, 324.0, -157.0, 192.0, -1075.0, -2376.0, -544.0, -134.0, -343.0, -1711.0, -157.0, 1673.0, -1883.0, -46.0, 466.0, 711.0, -109.0, 1
2266.0, -222.0, -234.0, 273.0, 1588.0, -15.0, 1281.0, 1958.0, 609.0, 1384.0, 1017.0, 834.0, 188.0, 365.0, 184.0, 1144.0, -1448.0, -217.0, -392.0, -1854.0, 0
-1798.0, 25.0, 509.0, -64.0, 313.0, 884.0, 886.0, 72.0, -2566.0, -873.0, 163.0, 154.0, -1791.0, 862.0, 176.0, 442.0, -834.0, -1196.0, 1371.0, -104.0, 1
-6.0, -94.0, -1322.0, -167.0, 105.0, 1026.0, -475.0, -1244.0, -87.0, -81.0, 906.0, -1632.0, -917.0, -1852.0, -316.0, 2511.0, -199.0, -98.0, -337.0, 1597.0, 1
-1221.0, -454.0, -792.0, -1329.0, 781.0, -788.0, -531.0, -335.0, -312.0, 37.0, 399.0, -2202.0, -207.0, -974.0, -958.0, -1466.0, -668.0, -1163.0, -294.0, -1631.0, 1
-598.0, -499.0, 214.0, -1011.0, -1093.0, 299.0, 708.0, -17.0, 36.0, 867.0, 232.0, -2072.0, -113.0, -911.0, 51.0, -15.0, -428.0, -2355.0, -135.0, -148.0, 1
412.0, -1463.0, -294.0, 1994.0, -1546.0, -68.0, 62.0, -1346.0, -314.0, -498.0, -1144.0, -1717.0, -1661.0, -1204.0, -129.0, -1342.0, 413.0, 857.0, -1704.0, -2247.0, 1
226.0, 684.0, 605.0, 1624.0, 1266.0, 1225.0, -666.0, 655.0, 774.0, 1073.0, -742.0, 894.0, 665.0, 93.0, 335.0, -783.0, 521.0, 87.0, 708.0, -74.0, 0
-1735.0, 58.0, 1407.0, 126.0, -988.0, -1234.0, 1138.0, -2546.0, -1987.0, -623.0, -228.0, -912.0, -2212.0, 219.0, -1745.0, -532.0, -102.0, -1504.0, -865.0, 2108.0, 1
-176.0, -635.0, -815.0, -1225.0, -1365.0, 554.0, -136.0, 68.0, 1056.0, -1705.0, -915.0, -1211.0, 287.0, 667.0, 163.0, -12.0, -601.0, 58.0, 1052.0, 64.0, 1
1016.0, 696.0, -2125.0, 829.0, -2614.0, 1529.0, 8.0, -514.0, 81.0, 1091.0, -1216.0, -42.0, -1174.0, 1342.0, 525.0, -451.0, -1602.0, -25.0, -445.0, -1056.0, 1
-9.0, -4.0, -136.0, -298.0, 503.0, 1737.0, -1102.0, 867.0, 1496.0, 683.0, 427.0, -695.0, -855.0, -418.0, -51.0, 77.0, 611.0, 834.0, 1246.0, -618.0, 0
-899.0, -478.0, -1155.0, -891.0, -498.0, -1244.0, 286.0, -74.0, -1859.0, -3509.0, 28.0, -1001.0, -651.0, -941.0, 78.0, -614.0, 164.0, 308.0, 1693.0, -217.0, 1
176.0, 512.0, -144.0, 245.0, 811.0, -218.0, -54.0, 1469.0, 674.0, 1423.0, 374.0, 1267.0, 821.0, 1438.0, -151.0, 86.0, -101.0, 352.0, -965.0, 2154.0, 0
1125.0, -582.0, -1686.0, 234.0, -87.0, -1512.0, 147.0, 1035.0, -1291.0, -545.0, -789.0, -2645.0, -1071.0, 105.0, -165.0, -1579.0, -2394.0, 35.0, -1568.0, -528.0, 1
-789.0, 888.0, 1084.0, -121.0, -1502.0, 45.0, 1261.0, 106.0, 784.0, -1638.0, -648.0, 501.0, -107.0, -1081.0, 27.0, 1694.0, -1572.0, 132.0, -8.0, -73.0, 1
-117.0, 696.0, 1196.0, -165.0, -1482.0, 256.0, 286.0, -8.0, -57.0, 822.0, 6.0, 68.0, -1473.0, -872.0, -86.0, -384.0, -1511.0, 845.0, -1324.0, -406.0, 1
-172.0, -776.0, -112.0, -113.0, -113.0, -2418.0, 61.0, -1271.0, 458.0, -243.0, -86.0, -204.0, -594.0, -608.0, 157.0, 286.0, -601.0, 762.0, 167.0, -287.0, 1
-2661.0, -626.0, 2089.0, 1182.0, -186.0, -114.0, -8.0, 129.0, 1262.0, -334.0, 916.0, 15.0, 344.0, 571.0, 1082.0, 1017.0, -126.0, -618.0, 13.0, 734.0, 0
669.0, 1176.0, 2117.0, -123.0, -243.0, 1337.0, 1173.0, 995.0, -811.0, 1074.0, -125.0, -6.0, 787.0, -1301.0, 117.0, 724.0, 1063.0, 69.0, 1045.0, 1416.0, 0
1166.0, 1475.0, -94.0, 452.0, 594.0, 148.0, -361.0, -27.0, -578.0, -336.0, 276.0, 763.0, -277.0, 927.0, 267.0, -698.0, 2759.0, 196.0, 665.0, 1837.0, 0
657.0, 466.0, 267.0, 284.0, -13.0, 56.0, -735.0, 1339.0, 62.0, -338.0, 776.0, 607.0, 759.0, -584.0, 1539.0, -206.0, -2086.0, -335.0, 1173.0, 248.0, 0
1682.0, -513.0, 1691.0, -951.0, -1.0, 501.0, -317.0, 68.0, -726.0, 404.0, -1717.0, 696.0, -706.0, -254.0, -2395.0, -964.0, -342.0, -155.0, -1339.0, -876.0, 1
-1197.0, 54.0, 142.0, 622.0, 829.0, 1266.0, 1103.0, 1366.0, -396.0, 115.0, 69.0, 112.0, -1421.0, 1116.0, -58.0, -806.0, -201.0, -351.0, 1353.0, 2299.0, 0
1572.0, -615.0, 321.0, 206.0, 1335.0, 372.0, 961.0, 238.0, 167.0, 2189.0, 1621.0, 1505.0, 2386.0, 264.0, 926.0, 2485.0, 6.0, 1602.0, 657.0, 548.0, 0
2837.0, 1224.0, -984.0, -439.0, 1717.0, 1308.0, 42.0, 1372.0, 197.0, 16.0, -154.0, 5.0, 878.0, -374.0, -646.0, 1646.0, -1022.0, 453.0, 1915.0, -171.0, 0
-855.0, -1063.0, -859.0, -167.0, -645.0, -2434.0, -773.0, -277.0, -592.0, -786.0, 373.0, -38.0, -88.0, 569.0, -913.0, -1948.0, 293.0, -1023.0, -1405.0, -124.0, 1
-798.0, -581.0, -1224.0, 899.0, 1228.0, -394.0, 604.0, -284.0, 463.0, 384.0, 286.0, 1904.0, -1038.0, 878.0, -695.0, -35.0, -1388.0, -165.0, -673.0, -28.0, 1
713.0, -101.0, 1021.0, -1225.0, -17.0, -1249.0, -163.0, -88.0, -852.0, -723.0, -465.0, -354.0, -349.0, -1516.0, -1188.0, 1452.0, -62.0, -426.0, 193.0, -576.0, 1
82.0, -268.0, 36.0, 449.0, 528.0, 1285.0, -163.0, -1531.0, 14.0, -526.0, 1183.0, -1058.0, 649.0, 38.0, 728.0, 1351.0, 369.0, 1139.0, 824.0, 24.0, 0
1311.0, 373.0, 3035.0, -699.0, 1223.0, -1385.0, 1599.0, 458.0, -338.0, 108.0, 2044.0, -305.0, 648.0, 896.0, 2421.0, -2033.0, 704.0, -542.0, 1744.0, -573.0, 0
2223.0, 1262.0, -1476.0, 1471.0, 133.0, 193.0, -937.0, 153.0, 652.0, 1517.0, -1127.0, 1443.0, 173.0, 774.0, -17.0, -472.0, -153.0, 567.0, 383.0, 938.0, 0
-465.0, 658.0, 422.0, 163.0, 113.0, -895.0, 1925.0, 143.0, 1968.0, 1716.0, 816.0, 72.0, -1064.0, 286.0, -75.0, 1185.0, 42.0, 1308.0, 883.0, 7.0, 0
-823.0, -1474.0, 12.0, -1456.0, 2084.0, 446.0, -1.0, 1079.0, 564.0, 552.0, -688.0, -227.0, -2174.0, -1788.0, -2116.0, -2.0, -971.0, 294.0, -778.0, -232.0, 1
-53.0, 236.0, 327.0, -114.0, 68.0, 28.0, 733.0, 151.0, -15.0, 506.0, 761.0, -897.0, 216.0, -2345.0, 416.0, 875.0, 2149.0, 771.0, 589.0, 1143.0, 0
-1126.0, 163.0, 206.0, 88.0, -109.0, -958.0, 988.0, 578.0, 1216.0, 4.0, -817.0, -1815.0, -1102.0, 517.0, -2604.0, -453.0, -8.0, -874.0, -1589.0, -1388.0, 1
1815.0, 896.0, -1159.0, -14.0, -1359.0, 1108.0, 736.0, 1316.0, 111.0, 665.0, 2468.0, 1952.0, 1069.0, 1054.0, 123.0, 2029.0, 391.0, -1516.0, -39.0, 2622.0, 0
878.0, 1596.0, -232.0, 521.0, 633.0, 1411.0, 442.0, 436.0, -869.0, -1915.0, -945.0, 8.0, -179.0, -452.0, -476.0, 118.0, 685.0, 1244.0, -394.0, 1285.0, 0
-1216.0, -538.0, 377.0, -307.0, 6.0, -1278.0, -166.0, -1232.0, -1386.0, 696.0, -408.0, -1386.0, 212.0, 274.0, 498.0, 311.0, 88.0, -1182.0, 436.0, 2222.0, 1
852.0, 445.0, 57.0, 537.0, 1536.0, 1042.0, -229.0, 1054.0, 1118.0, 473.0, 1361.0, 556.0, 579.0, -488.0, -916.0, 384.0, -1667.0, 1302.0, 1303.0, 459.0, 0
108.0, 859.0, -157.0, 101.0, 41.0, 912.0, -782.0, 1597.0, 1215.0, -718.0, 535.0, 619.0, -28.0, 266.0, 208.0, 343.0, 346.0, 2105.0, 807.0, -229.0, 0
353.0, -42.0, 1196.0, 109.0, -19.0, 2426.0, 1268.0, 491.0, 2324.0, -246.0, 118.0, -733.0, 16.0, -789.0, 378.0, 131.0, 108.0, 1946.0, 1495.0, 2511.0, 0
392.0, 846.0, 1834.0, 495.0, 74.0, -232.0, -1058.0, 1191.0, 255.0, 367.0, 46.0, -304.0, -225.0, 1056.0, 718.0, -1094.0, 7.0, 6.0, -33.0, 123.0, 0
-1798.0, 498.0, -1378.0, -575.0, -541.0, -1107.0, -2399.0, -1578.0, 608.0, 263.0, -132.0, -1379.0, -361.0, 112.0, 758.0, 1113.0, -1236.0, -1498.0, -623.0, -149.0, 1
-64.0, -637.0, -441.0, 646.0, 1527.0, -475.0, -565.0, -69.0, -902.0, 257.0, 46.0, -1525.0, -1496.0, 909.0, 1246.0, -339.0, -298.0, -2123.0, 346.0, -2525.0, 1
-287.0, 1964.0, 218.0, -696.0, 1743.0, -779.0, 747.0, -925.0, 218.0, -532.0, 253.0, -134.0, -32.0, -33.0, -508.0, 88.0, -13.0, -238.0, 38.0, -1176.0, 0
-201.0, -2525.0, -938.0, -489.0, -1685.0, -554.0, -444.0, -672.0, 2.0, -1422.0, -273.0, -971.0, -2925.0, -1501.0, 607.0, -2374.0, -1248.0, -55.0, 257.0, -313.0, 1
754.0, -3276.0, -331.0, -304.0, -1018.0, 359.0, -1304.0, -96.0, -1121.0, -197.0, 185.0, 149.0, -1831.0, -1131.0, 1034.0, -36.0, 337.0, -203.0, 86.0, 396.0, 1
-1069.0, 328.0, 883.0, -2302.0, -628.0, 521.0, -114.0, -98.0, -902.0, 236.0, -768.0, -364.0, 2317.0, 339.0, -352.0, -176.0, 93.0, -157.0, 1631.0, -962.0, 1
-477.0, 1272.0, -844.0, 281.0, -4.0, -1362.0, 783.0, -1023.0, 745.0, 514.0, -1865.0, 211.0, -394.0, -1438.0, -281.0, -1604.0, -1989.0, 669.0, -868.0, 11.0, 1
-683.0, 406.0, 1382.0, 625.0, 1069.0, -24.0, 768.0, -128.0, 12.0, 853.0, 1706.0, -147.0, 1167.0, 1657.0, 2852.0, -236.0, 402.0, 1824.0, 963.0, 568.0, 0
-94.0, -502.0, 688.0, 576.0, 2082.0, -24.0, -359.0, 1612.0, 1997.0, -1158.0, 868.0, 3.0, -62.0, 652.0, 753.0, -668.0, 106.0, 1239.0, 1746.0, -423.0, 0
-1385.0, 704.0, -1946.0, -1559.0, 535.0, -668.0, 1891.0, 42.0, -69.0, -166.0, -66.0, 532.0, 34.0, -13.0, -435.0, 484.0, 1088.0, -452.0, 192.0, 372.0, 1
1356.0, 1422.0, 3.0, 522.0, 265.0, 2369.0, 271.0, -16.0, -315.0, -2127.0, -679.0, 2044.0, -118.0, -458.0, -973.0, -1677.0, -836.0, 936.0, 66.0, -381.0, 0
438.0, 1185.0, -761.0, 196.0, -2204.0, 2027.0, -171.0, 347.0, 4.0, 1238.0, -105.0, -296.0, -1742.0, -1148.0, 563.0, -226.0, -1051.0, -888.0, -382.0, 155.0, 1
-958.0, 94.0, 1892.0, 56.0, -74.0, 1392.0, 1212.0, 1567.0, 8.0, 46.0, 241.0, -58.0, 342.0, 404.0, 919.0, 1586.0, 293.0, 1584.0, 824.0, -1633.0, 0
-531.0, 398.0, 1685.0, -1249.0, -423.0, -141.0, 907.0, -2716.0, -2082.0, -382.0, -1915.0, -48.0, 1208.0, 374.0, -802.0, 931.0, 107.0, 398.0, -595.0, 44.0, 1
-12.0, 1079.0, 144.0, -2909.0, -638.0, 706.0, 1551.0, -685.0, -234.0, -8.0, 82.0, 165.0, -1024.0, -1393.0, -2235.0, 81.0, -154.0, 778.0, -6.0, -116.0, 1
-878.0, -1.0, -163.0, -1314.0, -829.0, -949.0, -1676.0, -868.0, -389.0, 71.0, 618.0, -43.0, 1849.0, 309.0, 309.0, 247.0, -1767.0, 808.0, -123.0, 587.0, 1
247.0, -962.0, -882.0, 1071.0, -1613.0, 227.0, 1683.0, -859.0, 1892.0, 326.0, -17.0, 1045.0, -339.0, -1002.0, 1838.0, 77.0, 591.0, -969.0, 1015.0, 368.0, 0
1229.0, -141.0, 1012.0, 694.0, 763.0, -876.0, 1705.0, 1492.0, 1263.0, -238.0, -179.0, -93.0, 688.0, 567.0, 1002.0, 13.0, 1098.0, -1481.0, 1646.0, 714.0, 0
982.0, -427.0, -992.0, 474.0, 1104.0, -112.0, 746.0, -36.0, 1622.0, 4.0, -344.0, 612.0, 67.0, 1361.0, 667.0, -194.0, 64.0, -6.0, 2103.0, 1476.0, 0
517.0, -929.0, -466.0, 546.0, -26.0, 1257.0, 884.0, -1054.0, 1277.0, 348.0, -902.0, 81.0, 1299.0, 204.0, 1171.0, -662.0, 63.0, 25.0, -457.0, -673.0, 0
-663.0, 67.0, -84.0, 68.0, 1141.0, 808.0, 236.0, 39.0, -255.0, 518.0, -758.0, -12.0, 1115.0, -2203.0, -594.0, 265.0, 148.0, -898.0, 788.0, 855.0, 0
582.0, 759.0, 414.0, 889.0, -213.0, -1387.0, 926.0, 952.0, 989.0, -1081.0, 1234.0, 1896.0, -1267.0, -44.0, 322.0, -669.0, -1001.0, 737.0, 1075.0, 72.0, 0
-682.0, -63.0, 103.0, 299.0, -992.0, -236.0, -793.0, 793.0, -1474.0, 237.0, -458.0, -145.0, -1888.0, -825.0, -629.0, 1632.0, -31.0, -752.0, 434.0, -18.0, 1
77.0, -475.0, -1967.0, 324.0, -128.0, -423.0, -1778.0, 576.0, 123.0, -883.0, -359.0, -201.0, -802.0, 563.0, -17.0, 314.0, 31.0, -2095.0, 169.0, -99.0, 1
684.0, 392.0, -627.0, 1326.0, -488.0, -643.0, -159.0, -156.0, 1929.0, 2656.0, -376.0, 667.0, -1094.0, 515.0, -708.0, 3754.0, 1582.0, 751.0, 1492.0, 362.0, 0
-1018.0, -2114.0, 196.0, 586.0, -199.0, 662.0, 334.0, -2343.0, -1572.0, 282.0, -374.0, -835.0, -53.0, -564.0, -837.0, 603.0, -1702.0, -725.0, -34.0, 154.0, 1
35.0, 708.0, -117.0, -39.0, 931.0, -948.0, -1074.0, 1056.0, 59.0, 487.0, -145.0, -722.0, 1099.0, 66.0, 384.0, 219.0, 1169.0, 1028.0, 1556.0, 1176.0, 0
1028.0, 954.0, -2132.0, 5.0, 1372.0, 262.0, -132.0, 111.0, -787.0, -444.0, -682.0, -1268.0, 1075.0, -1476.0, -203.0, -842.0, -784.0, -1844.0, 1611.0, -1441.0, 1
-2086.0, -673.0, -413.0, -164.0, 109.0, 663.0, 139.0, -1303.0, -1495.0, 793.0, -736.0, -1907.0, -1164.0, -305.0, 308.0, -1328.0, -953.0, -272.0, 795.0, -859.0, 1
-671.0, 79.0, -179.0, -31.0, -1726.0, -286.0, -602.0, 458.0, -115.0, 315.0, -73.0, -916.0, -68.0, -149.0, -386.0, -99.0, -2605.0, -1108.0, -883.0, -2846.0, 1
1413.0, 693.0, 1145.0, 31.0, 783.0, 432.0, 485.0, -39.0, 121.0, 682.0, 709.0, 2473.0, 1679.0, -475.0, 542.0, 554.0, 2089.0, 212.0, -639.0, 586.0, 0
2051.0, -592.0, -369.0, 413.0, -101.0, 907.0, 242.0, -497.0, -1484.0, -257.0, -1266.0, 743.0, 1474.0, 86.0, -155.0, 1689.0, 1739.0, -428.0, -259.0, 2072.0, 0
-139.0, 764.0, -1168.0, 543.0, 302.0, 911.0, 2611.0, 974.0, 754.0, -796.0, -1.0, -579.0, 831.0, -74.0, 732.0, 574.0, -172.0, 2183.0, 658.0, -1092.0, 0
2604.0, 3324.0, 55.0, 183.0, -154.0, -336.0, 1446.0, 1763.0, 1014.0, 2.0, -409.0, 805.0, 777.0, -133.0, 7.0, 668.0, -2.0, -412.0, 896.0, 504.0, 0
612.0, 408.0, 2158.0, -1263.0, 107.0, 1304.0, -128.0, 15.0, 1921.0, -278.0, 587.0, 136.0, 581.0, 636.0, 1147.0, 559.0, -285.0, -462.0, 491.0, -857.0, 0
1088.0, -266.0, -232.0, -1338.0, 2079.0, 322.0, 682.0, -1278.0, 379.0, -18.0, -493.0, 245.0, 717.0, -1676.0, 716.0, -226.0, 648.0, 1495.0, 26.0, 682.0, 0
-842.0, 338.0, -1174.0, -235.0, -1215.0, 755.0, 235.0, 1173.0, -255.0, -1091.0, -1296.0, -141.0, -1069.0, -561.0, -47.0, -385.0, -297.0, -173.0, -216.0, -668.0, 1
-1625.0, 305.0, 1799.0, 49.0, 2052.0, 434.0, 152.0, 1566.0, -587.0, -488.0, 744.0, -813.0, 508.0, 485.0, 909.0, 1078.0, -632.0, -1471.0, 1264.0, 6.0, 0
961.0, 1076.0, 1581.0, -212.0, 1311.0, 16.0, 2383.0, 284.0, 1208.0, 221.0, -134.0, 2439.0, -772.0, -179.0, -29.0, 85.0, 948.0, 738.0, -27.0, 796.0, 0
-387.0, 176.0, 14.0, -17.0, 12.0, 1507.0, 1096.0, 9.0, 58.0, 906.0, -467.0, 1107.0, 906.0, 956.0, -669.0, -228.0, 705.0, -498.0, -527.0, -31.0, 0
34.0, -2593.0, -344.0, -729.0, -1722.0, -879.0, -1.0, 59.0, -1105.0, -602.0, -1768.0, -1214.0, -798.0, -1093.0, 178.0, -2942.0, -1128.0, -1525.0, -1338.0, -1162.0, 1
-1806.0, 417.0, -1143.0, 513.0, 2046.0, -583.0, 352.0, -387.0, -1537.0, -512.0, -1451.0, -1082.0, -151.0, -165.0, -1483.0, -128.0, -1393.0, 991.0, 198.0, -1441.0, 1
-204.0, -576.0, -1613.0, -1043.0, -326.0, -644.0, -2534.0, 1299.0, 26.0, -842.0, 214.0, -141.0, 419.0, -944.0, -1221.0, 337.0, 1014.0, -1486.0, -191.0, -95.0, 1
-606.0, 984.0, 116.0, 2012.0, 1402.0, -11.0, 546.0, 503.0, -834.0, -1175.0, 928.0, 665.0, -148.0, 535.0, 909.0, -35.0, 1012.0, 1306.0, 104.0, 1158.0, 0
-794.0, -165.0, 299.0, -873.0, -977.0, 1752.0, 628.0, -111.0, 219.0, 108.0, -1879.0, -1899.0, -95.0, -85.0, -951.0, 173.0, 603.0, -1566.0, 971.0, 5.0, 1
-484.0, 651.0, 1021.0, -162.0, 462.0, 1138.0, 302.0, -18.0, -342.0, 1426.0, -2191.0, 53.0, 494.0, -1248.0, 91.0, -512.0, 1062.0, 955.0, 423.0, -732.0, 0
154.0, -448.0, 761.0, 503.0, -22.0, 1066.0, -1196.0, 432.0, -1989.0, 1418.0, 674.0, -21.0, 801.0, -218.0, -2278.0, -416.0, -1609.0, 482.0, -124.0, 24.0, 0
-1135.0, -1796.0, 1168.0, -398.0, -1572.0, -1011.0, 544.0, 445.0, -667.0, -394.0, -399.0, 52.0, -1838.0, -1517.0, -1078.0, -1189.0, -27.0, -1685.0, -1029.0, -734.0, 1
66.0, 557.0, -5.0, 1718.0, 908.0, 1605.0, 1541.0, -218.0, -88.0, 398.0, 1491.0, 965.0, -485.0, -962.0, 925.0, 1036.0, 1469.0, 2043.0, -1222.0, 1235.0, 0
215.0, -82.0, 266.0, -226.0, -893.0, 633.0, 3343.0, -76.0, -429.0, -539.0, 1732.0, 879.0, 136.0, 23.0, 996.0, 1455.0, 1432.0, 582.0, -447.0, 1339.0, 0
695.0, 1129.0, -611.0, -1188.0, 1831.0, -1211.0, 574.0, 812.0, 653.0, 969.0, 8.0, 1423.0, 151.0, 798.0, 1018.0, -754.0, -9.0, 268.0, 1766.0, 7.0, 0
1103.0, 451.0, 313.0, 182.0, 1145.0, -441.0, 1976.0, 99.0, 1288.0, 1002.0, 75.0, -1053.0, 1903.0, -88.0, 132.0, -1938.0, 637.0, 2835.0, 1433.0, 1913.0, 0
-49.0, 658.0, 421.0, 544.0, -701.0, 263.0, 951.0, 2526.0, 63.0, -499.0, 1311.0, -732.0, 1404.0, 997.0, -111.0, -4.0, 38.0, 495.0, 1591.0, 1034.0, 0
438.0, 677.0, 234.0, 12.0, -574.0, -106.0, 369.0, -3.0, 108.0, 1724.0, -625.0, 335.0, 1564.0, -391.0, 1884.0, -615.0, 1815.0, 2821.0, -818.0, 408.0, 0
522.0, 1581.0, 1437.0, -163.0, -53.0, 494.0, 386.0, 178.0, 527.0, 1614.0, 1084.0, 16.0, 72.0, 122.0, 2021.0, -955.0, 562.0, 627.0, 696.0, 1662.0, 0
514.0, -63.0, -1325.0, -1061.0, -1991.0, -202.0, 506.0, 525.0, -185.0, 401.0, -72.0, 1714.0, 361.0, -2281.0, -23.0, 198.0, -512.0, 935.0, 1073.0, 101.0, 1
713.0, -684.0, -577.0, 616.0, -1385.0, -15.0, -1762.0, -225.0, 443.0, 6.0, -2053.0, 2026.0, -225.0, -1022.0, -96.0, 688.0, 1709.0, -836.0, 64.0, -374.0, 1
-2041.0, -1026.0, 1081.0, 52.0, -256.0, -3143.0, -2049.0, 823.0, -189.0, -1787.0, -1558.0, -135.0, -149.0, -314.0, -42.0, -142.0, 1263.0, -123.0, -221.0, -1257.0, 1
-998.0, 217.0, -203.0, 1216.0, -172.0, -661.0, -2067.0, -1135.0, 451.0, -1579.0, -357.0, 113.0, 41.0, -1592.0, -923.0, -918.0, -1389.0, -47.0, 1634.0, -963.0, 1
-1639.0, -2469.0, -217.0, 1272.0, 113.0, 276.0, 192.0, -29.0, -961.0, -1929.0, -1242.0, -1741.0, 553.0, 985.0, -1062.0, 1149.0, -1403.0, 66.0, -42.0, -2408.0, 1
-1469.0, -1284.0, -197.0, -619.0, -111.0, -2269.0, -1677.0, 1132.0, -1698.0, -884.0, -1912.0, 1154.0, -108.0, -827.0, -7.0, -1792.0, -158.0, 765.0, -643.0, -1445.0, 1
-1105.0, 323.0, -27.0, -681.0, 1858.0, 453.0, 679.0, 2398.0, 11.0, -73.0, 561.0, -387.0, 892.0, -464.0, 1721.0, -52.0, 181.0, 6.0, 61.0, 1007.0, 0
896.0, 3543.0, -1624.0, 2169.0, 767.0, -492.0, 1593.0, -1108.0, 1754.0, 195.0, -257.0, 633.0, -94.0, 827.0, 1654.0, 2.0, 229.0, 572.0, -1239.0, -305.0, 0
-2484.0, -453.0, 437.0, -1053.0, -782.0, 521.0, -54.0, -1101.0, -5.0, 1556.0, -121.0, -235.0, -1751.0, -1967.0, -1559.0, -986.0, 1108.0, -218.0, 599.0, -963.0, 1
974.0, 364.0, -365.0, 616.0, -1219.0, -374.0, -937.0, -1645.0, -1574.0, -104.0, 1237.0, -636.0, -74.0, 489.0, -222.0, -121.0, -884.0, -236.0, -65.0, -1245.0, 1
456.0, -1764.0, -103.0, -414.0, -1857.0, -485.0, -1194.0, -193.0, -1516.0, -573.0, -516.0, 75.0, -547.0, -304.0, -2464.0, 11.0, -844.0, 226.0, -966.0, -1844.0, 1
-76.0, 423.0, -1658.0, -1639.0, -684.0, -956.0, -88.0, -256.0, -499.0, -23.0, -1778.0, 574.0, 409.0, -145.0, -502.0, 646.0, -468.0, -208.0, -1559.0, -1681.0, 1
-682.0, 507.0, 128.0, -133.0, -2282.0, -24.0, -935.0, -1162.0, -231.0, -485.0, 987.0, 753.0, 518.0, 948.0, -1752.0, -1463.0, -1186.0, 142.0, -651.0, -1.0, 1
17.0, 2516.0, -552.0, 2108.0, 704.0, -349.0, 735.0, 655.0, -926.0, -19.0, 1334.0, 1571.0, 865.0, 585.0, -1816.0, 144.0, 733.0, 1355.0, -35.0, 93.0, 0
131.0, -22.0, 573.0, -1614.0, -947.0, 1069.0, 1477.0, -826.0, 1921.0, -451.0, 1322.0, -959.0, 641.0, 788.0, -222.0, -208.0, 2447.0, 514.0, -506.0, 298.0, 0
-43.0, -346.0, -965.0, 603.0, -1602.0, 1658.0, -648.0, -1058.0, -364.0, -1366.0, -391.0, -258.0, -185.0, -796.0, -187.0, 1136.0, 847.0, -71.0, -1548.0, -501.0, 1
-1782.0, -95.0, -1846.0, 646.0, -1719.0, -75.0, 118.0, -57.0, -2193.0, -817.0, 26.0, -3.0, -1393.0, 1273.0, -686.0, -745.0, 327.0, -591.0, 1335.0, -51.0, 1
-384.0, -891.0, -21.0, -1884.0, -52.0, -413.0, -1736.0, 33.0, -2253.0, -889.0, 933.0, -682.0, -1158.0, -695.0, 1401.0, 17.0, -849.0, -2046.0, 52.0, -643.0, 1
-117.0, -658.0, 134.0, 346.0, -468.0, 1271.0, -1768.0, -316.0, 162.0, 334.0, -1473.0, -1139.0, -843.0, -1724.0, -628.0, 205.0, -1111.0, 648.0, 312.0, 2252.0, 1
-1734.0, -228.0, -164.0, 1922.0, -308.0, -1071.0, -1646.0, -188.0, -613.0, -161.0, 66.0, -196.0, 1544.0, -1133.0, -372.0, 11.0, -1131.0, 284.0, -35.0, -422.0, 1
7.0, 741.0, -72.0, -1099.0, 1757.0, -1248.0, 742.0, 387.0, 1148.0, 1556.0, 619.0, 1398.0, -542.0, 626.0, 1131.0, 496.0, 1303.0, -361.0, -176.0, -1084.0, 0
743.0, -1396.0, -263.0, 533.0, -148.0, -68.0, 495.0, -898.0, -654.0, -335.0, 358.0, -179.0, -1288.0, 261.0, 374.0, -1796.0, -268.0, -87.0, -1807.0, -1169.0, 1
-21.0, 636.0, -526.0, 1092.0, -498.0, -32.0, 53.0, 754.0, -867.0, -781.0, 38.0, 634.0, 526.0, 567.0, 1216.0, -108.0, 259.0, -117.0, -3.0, 454.0, 0
1393.0, 672.0, -404.0, 927.0, 139.0, -774.0, 857.0, -1119.0, 1648.0, 5.0, -1135.0, -968.0, -474.0, 78.0, -1479.0, 45.0, 842.0, 239.0, 1007.0, 188.0, 0
95.0, -542.0, 2128.0, 1985.0, -225.0, -171.0, 1261.0, -713.0, 149.0, -16.0, 144.0, 433.0, 1312.0, 254.0, 67.0, 779.0, 2243.0, 455.0, 596.0, -383.0, 0
-2277.0, 227.0, -702.0, 818.0, 1248.0, -1038.0, -337.0, 1531.0, 156.0, -572.0, 1059.0, 1967.0, -1109.0, 656.0, 424.0, 1949.0, 723.0, 727.0, -53.0, 1972.0, 0
1404.0, -329.0, -2228.0, 74.0, -1345.0, -1711.0, -838.0, -805.0, -137.0, -1083.0, -757.0, -2395.0, 1572.0, -264.0, -395.0, -38.0, -582.0, 709.0, -47.0, -64.0, 1
695.0, -33.0, -201.0, 964.0, -1478.0, -299.0, 469.0, -448.0, -1339.0, -2093.0, -1694.0, 781.0, -223.0, 613.0, 2687.0, -2085.0, -1282.0, -21.0, -407.0, -432.0, 1
-424.0, -1443.0, 1732.0, -752.0, 1972.0, 627.0, 1304.0, -72.0, -518.0, 517.0, 3.0, -62.0, -125.0, -625.0, -574.0, 403.0, 869.0, 15.0, 73.0, 1246.0, 0
437.0, -98.0, -39.0, 836.0, -1037.0, 142.0, -125.0, -1698.0, 96.0, -928.0, -2158.0, -1651.0, -1268.0, -2475.0, -405.0, -2074.0, -264.0, 127.0, -1202.0, -729.0, 1
1509.0, 1793.0, 2334.0, 532.0, 1139.0, 1571.0, 856.0, 1015.0, 438.0, 115.0, 1192.0, 8.0, 797.0, 1057.0, 1843.0, -247.0, 1183.0, 408.0, 69.0, -231.0, 0
215.0, 1208.0, -485.0, -213.0, -454.0, 382.0, -73.0, 227.0, 1495.0, 2468.0, 2057.0, 55.0, 1497.0, 602.0, 1328.0, 1015.0, 2154.0, -1416.0, -669.0, 635.0, 0
-335.0, 183.0, 1208.0, 143.0, 144.0, 1172.0, 3199.0, 1769.0, 968.0, 1388.0, -374.0, -1498.0, 1406.0, 946.0, -708.0, -1026.0, -411.0, 844.0, 708.0, -1723.0, 0
-393.0, -2034.0, -102.0, -22.0, -165.0, -922.0, -53.0, 67.0, 346.0, -347.0, 123.0, -1378.0, 0.0, -855.0, -1505.0, 89.0, -67.0, -434.0, 382.0, -56.0, 1
-1463.0, -1177.0, -99.0, -1053.0, -1271.0, -649.0, -1112.0, -824.0, -3435.0, -1754.0, -295.0, 36.0, 348.0, -1628.0, 795.0, -62.0, -642.0, -52.0, -1591.0, -575.0, 1
-166.0, -1292.0, 896.0, 408.0, 828.0, 219.0, 748.0, 1719.0, 176.0, -13.0, -71.0, 73.0, 444.0, 887.0, -611.0, 551.0, 425.0, 1191.0, 155.0, 375.0, 0
-1071.0, 856.0, 1151.0, 7.0, -646.0, -1504.0, -867.0, 381.0, -46.0, -2247.0, -2076.0, -2944.0, -1065.0, 1676.0, -532.0, -902.0, 192.0, -592.0, 2471.0, -1469.0, 1
1679.0, -238.0, 753.0, 821.0, 1252.0, 1839.0, -262.0, 473.0, 824.0, -66.0, -657.0, 814.0, 426.0, 1155.0, 1212.0, -577.0, 12.0, 1168.0, 149.0, 1041.0, 0
-791.0, 78.0, 1164.0, -356.0, -1132.0, 256.0, -23.0, -1503.0, -709.0, -98.0, 1729.0, -933.0, 337.0, -78.0, 656.0, 348.0, 1882.0, 74.0, 2067.0, -1321.0, 0
65.0, 118.0, 443.0, 1437.0, 1418.0, 1104.0, 1362.0, 446.0, 18.0, -131.0, 492.0, -26.0, 95.0, 68.0, 1356.0, 548.0, 334.0, -49.0, 226.0, 84.0, 0
-422.0, 93.0, 418.0, -263.0, -51.0, -1108.0, 125.0, -15.0, -71.0, 124.0, 294.0, 1276.0, -1476.0, 2069.0, -274.0, 185.0, -1329.0, -198.0, -1177.0, -2986.0, 1
1024.0, -249.0, 2169.0, 1634.0, 536.0, 579.0, 2205.0, 1263.0, 96.0, 94.0, 121.0, -956.0, 1104.0, 74.0, 659.0, -37.0, 358.0, -927.0, 582.0, 719.0, 0
9.0, -17.0, -1051.0, -391.0, -168.0, -475.0, -127.0, -1349.0, 277.0, -664.0, 1006.0, -4.0, 637.0, 1166.0, 715.0, -1886.0, 828.0, -854.0, -1407.0, 344.0, 1
455.0, 1089.0, 262.0, 1075.0, 684.0, 51.0, 452.0, 304.0, -902.0, -1074.0, -481.0, 346.0, -443.0, -565.0, 979.0, 906.0, 753.0, -475.0, 717.0, -1344.0, 0
-1319.0, -3299.0, -211.0, 437.0, 414.0, -2.0, -1878.0, -1701.0, 527.0, -1433.0, -774.0, -129.0, 949.0, -12.0, -238.0, 602.0, -1895.0, -2682.0, 1086.0, -1025.0, 1
1782.0, 596.0, 178.0, 179.0, 1265.0, 734.0, 975.0, 1057.0, 1275.0, 31.0, 346.0, -831.0, 89.0, 107.0, 514.0, 986.0, -588.0, -119.0, 1694.0, 44.0, 0
-988.0, 186.0, -1232.0, -204.0, -1357.0, -499.0, 1091.0, 921.0, -1214.0, -1.0, -1862.0, -53.0, -1386.0, 225.0, -2449.0, 1257.0, -192.0, -864.0, 38.0, -388.0, 1
-427.0, 706.0, -25.0, 444.0, 1372.0, -347.0, -134.0, 254.0, 202.0, 781.0, -12.0, -1067.0, -1249.0, -326.0, -91.0, 602.0, 51.0, -536.0, 39.0, -523.0, 1
-604.0, -208.0, -1468.0, 1086.0, -153.0, 63.0, -724.0, 637.0, -1727.0, 562.0, -148.0, -798.0, 2052.0, -198.0, -421.0, -2248.0, -1828.0, -714.0, -542.0, 748.0, 1
277.0, -199.0, -742.0, -876.0, -235.0, 161.0, -1127.0, -2286.0, 1943.0, -451.0, -1588.0, -637.0, 105.0, -1458.0, -2598.0, -174.0, 628.0, 497.0, -1783.0, 571.0, 1
765.0, 127.0, 1803.0, -534.0, 99.0, 907.0, -1234.0, 684.0, 429.0, 473.0, 434.0, -334.0, 51.0, 1046.0, -149.0, 287.0, 23.0, 1171.0, 675.0, 193.0, 0
-414.0, -478.0, 139.0, 588.0, -806.0, -616.0, -2226.0, -822.0, -945.0, -205.0, 25.0, -188.0, -1108.0, -751.0, -493.0, 272.0, 365.0, 894.0, 1073.0, -957.0, 1
-317.0, -868.0, 118.0, 1.0, -361.0, -1439.0, 2532.0, 1046.0, 429.0, 37.0, 986.0, 1133.0, 1256.0, -835.0, 959.0, 1441.0, 278.0, 3.0, -174.0, -908.0, 0
141.0, 237.0, 609.0, -748.0, 1893.0, 1584.0, 818.0, 328.0, 1402.0, 229.0, 81.0, 1749.0, 2186.0, -851.0, 1002.0, -1324.0, 1149.0, -8.0, 1548.0, -56.0, 0
1764.0, -1599.0, -854.0, -685.0, 397.0, 45.0, -736.0, 3053.0, 419.0, 267.0, 776.0, 498.0, 402.0, 32.0, -341.0, -11.0, 329.0, 94.0, -544.0, -1228.0, 0
-762.0, 456.0, -57.0, -1016.0, -351.0, 1341.0, 775.0, -536.0, 85.0, 257.0, -31.0, 616.0, 343.0, -1.0, 1612.0, -1737.0, -1.0, -188.0, -1665.0, -804.0, 1
-227.0, -1368.0, -459.0, -25.0, 32.0, -32.0, 191.0, -1193.0, -84.0, -413.0, 588.0, -1906.0, -1875.0, 1749.0, -1047.0, 1279.0, -57.0, 198.0, -246.0, -848.0, 1
34.0, 1251.0, -19.0, 1116.0, 72.0, -731.0, 519.0, 513.0, 614.0, 918.0, 351.0, -615.0, 966.0, 276.0, -994.0, -269.0, 621.0, -278.0, -33.0, 3.0, 0
-52.0, 2068.0, 94.0, 399.0, 1358.0, 1728.0, 564.0, 1098.0, 1254.0, -535.0, 1436.0, -1496.0, 703.0, -768.0, 12.0, -307.0, 249.0, 3235.0, 2023.0, 923.0, 0
1991.0, 1882.0, 1651.0, 347.0, -26.0, -102.0, -1446.0, -459.0, -1208.0, 555.0, -362.0, 838.0, -2099.0, -291.0, 324.0, 747.0, 187.0, 1184.0, 582.0, -236.0, 0
953.0, 956.0, 569.0, 958.0, 1117.0, -13.0, 2691.0, -136.0, 548.0, 171.0, -15.0, 446.0, -662.0, 2096.0, 2091.0, -936.0, 1258.0, 542.0, 3159.0, 111.0, 0
1644.0, 33.0, -413.0, 17.0, 88.0, 581.0, -811.0, 285.0, -1187.0, 251.0, -1271.0, 1107.0, 1178.0, 2178.0, -188.0, 69.0, 1142.0, -498.0, 1338.0, 678.0, 0
-406.0, 1254.0, 2107.0, 39.0, -295.0, 107.0, -276.0, 1956.0, -364.0, 2617.0, 268.0, 594.0, 1014.0, 2058.0, 557.0, 98.0, 722.0, 666.0, 832.0, 186.0, 0
2395.0, 264.0, 1431.0, -345.0, -471.0, 2518.0, 1655.0, 769.0, -559.0, 616.0, -56.0, -458.0, -216.0, -1035.0, -268.0, 554.0, 2294.0, 15.0, 1102.0, 782.0, 0
-65.0, -562.0, 443.0, 1064.0, -211.0, 1963.0, 999.0, -1418.0, -793.0, 1282.0, -457.0, -1244.0, -377.0, -801.0, -1743.0, -86.0, -1345.0, 373.0, 879.0, -1395.0, 1
8.0, -599.0, 554.0, -314.0, 788.0, 703.0, 978.0, 1742.0, 1402.0, -1134.0, 648.0, 242.0, 1477.0, 123.0, -647.0, -273.0, -52.0, 366.0, 1348.0, 789.0, 0
-718.0, 17.0, 1567.0, 617.0, -2491.0, -592.0, 143.0, 2058.0, 564.0, -1271.0, -1058.0, -732.0, 376.0, -869.0, -922.0, 1827.0, -1149.0, 188.0, -1781.0, -703.0, 1
-1221.0, 815.0, 9.0, -31.0, -336.0, 657.0, -185.0, -161.0, -1252.0, -1544.0, -74.0, -963.0, 806.0, -323.0, 1664.0, 911.0, -656.0, -1609.0, -517.0, 328.0, 1
53.0, -359.0, -26.0, -1935.0, -1332.0, -2586.0, -1502.0, -75.0, -3814.0, -1533.0, -1482.0, 605.0, -2794.0, -644.0, -988.0, -197.0, 1446.0, 68.0, -2553.0, -1273.0, 1
1779.0, 35.0, 1569.0, -43.0, 1006.0, 864.0, -812.0, 2507.0, 124.0, 1276.0, -224.0, 1174.0, 2398.0, -864.0, 1381.0, -684.0, -1535.0, -162.0, -367.0, 3.0, 0
-168.0, 94.0, -1696.0, -854.0, 375.0, -226.0, -1646.0, -1172.0, -1604.0, -556.0, -1508.0, -1387.0, 941.0, 137.0, -999.0, 147.0, 184.0, 195.0, -1738.0, -2242.0, 1
3.0, 1755.0, -674.0, 1616.0, 814.0, 834.0, 1457.0, -887.0, 1746.0, 644.0, 273.0, -839.0, 28.0, 42.0, 1208.0, -257.0, -361.0, 534.0, -1698.0, 1874.0, 0
1066.0, 859.0, 841.0, 1666.0, -21.0, 1407.0, 332.0, -232.0, -862.0, -1225.0, 126.0, -64.0, -793.0, -1047.0, 867.0, 868.0, 588.0, -1056.0, 728.0, -441.0, 0
-65.0, 1.0, 974.0, 2511.0, 314.0, 1.0, 1527.0, 501.0, -317.0, 1177.0, 1153.0, 1252.0, 521.0, 2349.0, -644.0, 458.0, 148.0, 1801.0, -481.0, -639.0, 0
143.0, 237.0, 1134.0, -1506.0, -305.0, 2494.0, 1292.0, 878.0, -36.0, 1462.0, 595.0, 196.0, -65.0, 307.0, 1273.0, 108.0, -121.0, 804.0, 1408.0, 184.0, 0
197.0, 1698.0, 425.0, 716.0, -1124.0, 582.0, 77.0, 135.0, -86.0, 533.0, 506.0, 886.0, 26.0, -805.0, 1948.0, 861.0, 1147.0, 27.0, 1109.0, 2594.0, 0
-42.0, -1875.0, 207.0, -1732.0, 115.0, -97.0, 64.0, 118.0, -136.0, -1064.0, -499.0, -75.0, -175.0, -1021.0, -1362.0, 573.0, 33.0, -1038.0, -317.0, -2586.0, 1
812.0, -745.0, -92.0, -346.0, 23.0, -704.0, -1012.0, -44.0, -1515.0, -374.0, -1141.0, -581.0, -602.0, -1071.0, -177.0, 47.0, 944.0, -2163.0, -535.0, 638.0, 1
844.0, 1286.0, -1691.0, 1546.0, -1453.0, -853.0, -426.0, 345.0, -425.0, -348.0, -1302.0, -671.0, -735.0, -483.0, -1618.0, 111.0, -1198.0, -94.0, 367.0, 1742.0, 1
446.0, 1436.0, -1212.0, -1692.0, 421.0, -526.0, -8.0, -375.0, 342.0, 1332.0, -165.0, 529.0, 2094.0, 881.0, 124.0, 803.0, -393.0, 158.0, 236.0, 967.0, 0
716.0, -764.0, 569.0, -412.0, 166.0, 84.0, -283.0, 1338.0, 2049.0, -114.0, 224.0, -98.0, -545.0, 368.0, -636.0, 954.0, 705.0, -701.0, 1473.0, -247.0, 0
-555.0, -2459.0, 1521.0, 88.0, 1387.0, -37.0, -105.0, -37.0, -1994.0, 1125.0, -136.0, 1367.0, -65.0, -1579.0, 127.0, -83.0, 441.0, 569.0, -213.0, -2089.0, 1
-3118.0, 502.0, -23.0, 48.0, 738.0, -2719.0, 645.0, -796.0, -5.0, -2124.0, 1949.0, -1927.0, -29.0, -734.0, -853.0, -22.0, 1237.0, -1874.0, -514.0, -861.0, 1
1051.0, -1328.0, -1059.0, -335.0, 493.0, 2704.0, 32.0, 899.0, 125.0, -345.0, 2451.0, -384.0, -178.0, 273.0, 73.0, -478.0, -937.0, -644.0, -243.0, 694.0, 0
-244.0, -1591.0, 264.0, -15.0, -168.0, -424.0, -295.0, -1341.0, -489.0, -93.0, 1154.0, 1622.0, -153.0, 777.0, 1375.0, -981.0, -26.0, -72.0, -941.0, -179.0, 1
-348.0, 1514.0, 284.0, 966.0, -1335.0, 1027.0, 643.0, 1556.0, 606.0, 142.0, -488.0, 286.0, 388.0, 2112.0, 262.0, 61.0, 611.0, 924.0, 534.0, -212.0, 0
-155.0, -913.0, -1329.0, 183.0, 169.0, 942.0, -746.0, -395.0, 707.0, -251.0, -1684.0, 122.0, -701.0, 439.0, 584.0, -35.0, -1196.0, -52.0, 1698.0, -312.0, 1
-65.0, -808.0, -528.0, -742.0, 1428.0, -418.0, -93.0, -1693.0, 468.0, 423.0, 983.0, -651.0, -1141.0, 107.0, -2028.0, -2031.0, 1115.0, 3.0, 378.0, -733.0, 1
-1889.0, 692.0, -58.0, 35.0, -2684.0, 1593.0, -106.0, -733.0, 239.0, -996.0, -548.0, 1043.0, 373.0, -436.0, 1178.0, -51.0, -32.0, -4.0, -574.0, -1639.0, 1
843.0, -78.0, 15.0, -367.0, 2064.0, 1661.0, 553.0, -511.0, 1144.0, 1351.0, 1688.0, 1981.0, 798.0, 16.0, 3.0, 1696.0, -394.0, 102.0, 607.0, -2518.0, 0
1507.0, 261.0, -439.0, -426.0, -236.0, 1387.0, 346.0, -139.0, 1561.0, 733.0, 359.0, 91.0, -106.0, 702.0, 1258.0, 1078.0, -47.0, -4.0, 654.0, -162.0, 0
149.0, -2038.0, -2789.0, -1504.0, -761.0, -612.0, 457.0, 108.0, -1215.0, -1058.0, 726.0, -982.0, -131.0, -25.0, -697.0, -25.0, -2005.0, -412.0, -1936.0, -1099.0, 1
-1159.0, 573.0, 183.0, -137.0, 795.0, 1712.0, -1196.0, 1168.0, 123.0, -1762.0, -305.0, 175.0, -828.0, -1745.0, -1738.0, -43.0, -1799.0, -1632.0, -32.0, 1465.0, 1
951.0, -168.0, 352.0, 812.0, 1609.0, 523.0, 1023.0, 1287.0, 1159.0, 311.0, 886.0, 1409.0, -139.0, -252.0, -622.0, -2213.0, -997.0, 59.0, 2119.0, 1516.0, 0
1039.0, 101.0, -848.0, -1422.0, -328.0, 3.0, 1066.0, 839.0, -324.0, -107.0, -1052.0, 17.0, 243.0, -182.0, 267.0, -855.0, -206.0, 552.0, -1571.0, 1008.0, 1
-669.0, -2417.0, -753.0, 329.0, -56.0, -952.0, -146.0, -1443.0, -1079.0, 86.0, 733.0, -162.0, 632.0, 253.0, -849.0, -641.0, 152.0, -1179.0, 113.0, -1448.0, 1
-105.0, -301.0, 1832.0, 1918.0, -835.0, 712.0, -506.0, 172.0, 955.0, 1102.0, -1207.0, 1431.0, -547.0, 1131.0, 2.0, 1.0, 482.0, -849.0, -276.0, -34.0, 0
647.0, -87.0, -412.0, -1044.0, -1019.0, 612.0, 586.0, -98.0, 1883.0, -1498.0, 1467.0, 36.0, 459.0, -291.0, -474.0, -121.0, 682.0, -158.0, -734.0, -34.0, 1
-533.0, -1646.0, 88.0, 2122.0, -935.0, 43.0, 1601.0, -1946.0, -1144.0, -787.0, -1007.0, -871.0, -165.0, -191.0, -188.0, -35.0, -1664.0, -1674.0, 369.0, 1672.0, 1
-1314.0, -1359.0, 715.0, -928.0, 1726.0, -2685.0, -1474.0, -707.0, -1398.0, -276.0, -832.0, -1353.0, -194.0, 1972.0, -35.0, -993.0, 666.0, -126.0, 2179.0, -713.0, 1
996.0, -168.0, 663.0, 915.0, 105.0, 251.0, 1552.0, 2354.0, -2566.0, -834.0, 1016.0, 1016.0, 262.0, 854.0, -19.0, 96.0, 484.0, 833.0, -337.0, -415.0, 0
4.0, 1247.0, -295.0, -703.0, -374.0, 904.0, 206.0, 63.0, -1274.0, -1656.0, -138.0, 113.0, 613.0, 1257.0, -159.0, -378.0, 1913.0, 559.0, -87.0, -674.0, 0
-504.0, -628.0, -1304.0, -1165.0, 705.0, -971.0, 1439.0, 388.0, -535.0, 595.0, -1001.0, -658.0, -372.0, 217.0, -11.0, 28.0, 1.0, -1729.0, -421.0, -456.0, 1
641.0, -95.0, -2144.0, -914.0, -886.0, -1682.0, -216.0, 6.0, -209.0, 14.0, -51.0, 78.0, -81.0, -68.0, 165.0, -2.0, -601.0, -12.0, 44.0, 1189.0, 1
-23.0, 831.0, 1305.0, 2294.0, 25.0, 3597.0, -914.0, -141.0, -581.0, 368.0, 72.0, 2038.0, 683.0, -9.0, -155.0, 19.0, 1701.0, 204.0, 97.0, 1657.0, 0
1986.0, -256.0, -555.0, -1608.0, -492.0, 1193.0, -545.0, 328.0, -49.0, -1302.0, 884.0, -2653.0, -41.0, -726.0, -3058.0, -793.0, -1201.0, -583.0, -1492.0, -2099.0, 1
1466.0, 39.0, -1253.0, 602.0, -2038.0, 108.0, 577.0, 446.0, 985.0, 1208.0, 237.0, 253.0, 1281.0, -42.0, 899.0, 698.0, -206.0, -923.0, 722.0, 165.0, 0
669.0, 797.0, 156.0, 19.0, 2026.0, 1747.0, 263.0, 59.0, -1124.0, -877.0, 622.0, 127.0, 1114.0, 2452.0, -1051.0, 115.0, 109.0, -1106.0, 537.0, -398.0, 0
874.0, 1416.0, 44.0, 45.0, -416.0, 207.0, 1522.0, -96.0, 1316.0, 212.0, -949.0, 635.0, -1066.0, 1192.0, 272.0, 1087.0, -864.0, 1649.0, 1032.0, 266.0, 0
248.0, 523.0, -888.0, 864.0, -1266.0, -472.0, -475.0, -115.0, -2555.0, -114.0, -269.0, -2201.0, 211.0, -68.0, 1612.0, -161.0, -47.0, 686.0, 504.0, 138.0, 1
74.0, -139.0, -17.0, 1662.0, -966.0, 177.0, 814.0, 315.0, -1.0, -262.0, 787.0, 842.0, 312.0, 634.0, -137.0, 313.0, 246.0, 528.0, -254.0, 1328.0, 0
547.0, 533.0, 2484.0, 1672.0, -865.0, -1611.0, 1206.0, 2025.0, -416.0, -488.0, -804.0, 704.0, 1452.0, 2036.0, 629.0, 785.0, 282.0, -48.0, 131.0, 68.0, 0
-1671.0, -137.0, 464.0, -33.0, -602.0, -51.0, 1814.0, 384.0, -579.0, -2066.0, 1285.0, 9.0, -757.0, -553.0, 18.0, 855.0, -224.0, 43.0, -887.0, -1264.0, 1
1719.0, -1525.0, -746.0, -2674.0, 252.0, 385.0, -107.0, -1338.0, -67.0, 1569.0, -2634.0, 862.0, -26.0, 557.0, 328.0, 147.0, -222.0, -1001.0, -1042.0, 558.0, 1
1008.0, -1098.0, -168.0, -61.0, -1006.0, -236.0, -174.0, 428.0, 368.0, 1048.0, 1532.0, 222.0, 75.0, 213.0, -397.0, 64.0, -166.0, -403.0, -1026.0, -1654.0, 1
-1027.0, -132.0, -114.0, 35.0, -1851.0, -274.0, -105.0, -632.0, -946.0, -1655.0, -159.0, 59.0, -656.0, 703.0, -197.0, -76.0, 271.0, -882.0, -43.0, -519.0, 1
1241.0, 794.0, 535.0, -105.0, 9.0, 1054.0, -336.0, 5.0, 1071.0, 131.0, 734.0, 761.0, 2759.0, 1539.0, 683.0, -212.0, 969.0, -376.0, 769.0, 529.0, 0
1777.0, 294.0, -817.0, 163.0, 86.0, -922.0, 257.0, -404.0, -162.0, 1019.0, -423.0, 1432.0, 598.0, 622.0, 1918.0, 1323.0, 792.0, -1745.0, 1004.0, 29.0, 0
1092.0, -1211.0, -869.0, 1303.0, -56.0, 154.0, -195.0, 176.0, 466.0, -1194.0, 975.0, -355.0, 311.0, 1199.0, 19.0, 854.0, 428.0, 68.0, -58.0, 1725.0, 0
-1869.0, -321.0, -711.0, -412.0, -889.0, 482.0, -11.0, -251.0, -232.0, -656.0, 96.0, -1097.0, 32.0, -1151.0, -1317.0, 88.0, 885.0, 624.0, -953.0, -1111.0, 1
1053.0, -419.0, 413.0, 1294.0, -1703.0, 396.0, -614.0, 1918.0, -276.0, 64.0, 48.0, -174.0, 978.0, 105.0, 702.0, 1408.0, 368.0, 1737.0, -4.0, -524.0, 0
662.0, -597.0, 1571.0, -512.0, -516.0, -461.0, 339.0, 221.0, 1456.0, -2001.0, -898.0, -554.0, 922.0, -314.0, 1408.0, 159.0, -1416.0, 781.0, 166.0, -752.0, 1
98.0, 163.0, -693.0, 1362.0, -38.0, -1797.0, 13.0, 402.0, 23.0, -1168.0, -1705.0, -1285.0, -1395.0, -951.0, 217.0, -57.0, -5.0, 494.0, -362.0, -2072.0, 1
1222.0, 229.0, 3025.0, -614.0, -1448.0, 158.0, 2073.0, 505.0, 499.0, 2415.0, 2558.0, 8.0, 1207.0, 884.0, 117.0, 59.0, 525.0, -946.0, -221.0, 762.0, 0
-1831.0, -845.0, 724.0, -191.0, -367.0, -916.0, -117.0, -507.0, -1198.0, 39.0, 252.0, -1279.0, -647.0, -456.0, 499.0, -35.0, -1052.0, 92.0, -309.0, 1477.0, 1
-1084.0, -1402.0, -1551.0, -1488.0, -522.0, -115.0, -1026.0, 1124.0, -116.0, -78.0, -531.0, 638.0, -2511.0, -215.0, -1151.0, -317.0, 55.0, 25.0, -1733.0, -8.0, 1
17.0, 1007.0, -3089.0, -631.0, -1099.0, -2219.0, 1103.0, -428.0, 92.0, 152.0, -642.0, -158.0, -1521.0, -251.0, -918.0, -616.0, -1408.0, -1508.0, -253.0, -229.0, 1
-74.0, -1369.0, -29.0, -727.0, -452.0, 1299.0, 304.0, -1369.0, -618.0, -1537.0, -76.0, 486.0, 313.0, 805.0, -591.0, 572.0, 311.0, -301.0, -1789.0, -196.0, 1
2076.0, -383.0, -264.0, 476.0, 1008.0, -167.0, 1394.0, -184.0, -9.0, 2049.0, 398.0, -3643.0, 1001.0, 513.0, 553.0, 586.0, -744.0, 272.0, -1929.0, -829.0, 1
225.0, -623.0, -2121.0, -396.0, -1042.0, -1312.0, -2.0, 925.0, -329.0, 209.0, 1245.0, -57.0, -1028.0, 707.0, -454.0, -715.0, -1676.0, -1491.0, -1326.0, -792.0, 1
-617.0, 16.0, 291.0, 443.0, 39.0, -764.0, -1468.0, 1011.0, -831.0, 153.0, -194.0, -588.0, -366.0, -103.0, -121.0, 1008.0, 1514.0, -1873.0, -78.0, 742.0, 0
1147.0, -366.0, 245.0, 104.0, 927.0, 1209.0, 128.0, 1166.0, -1893.0, 628.0, -348.0, 2207.0, -23.0, -1357.0, 126.0, 615.0, 405.0, -45.0, 863.0, -288.0, 0
-214.0, -1008.0, -29.0, -1722.0, -14.0, -1202.0, 775.0, -941.0, 403.0, -1644.0, -425.0, -2564.0, -1643.0, 582.0, -1301.0, -1846.0, -1903.0, -93.0, -1473.0, -963.0, 1
1962.0, -562.0, 342.0, 619.0, 796.0, 3004.0, 1509.0, 688.0, 204.0, -164.0, -214.0, -1024.0, 395.0, 461.0, -698.0, -1138.0, 632.0, -1081.0, 2847.0, 66.0, 0
-756.0, -1139.0, 1777.0, -183.0, 46.0, 747.0, -1.0, 6.0, 1082.0, -775.0, -204.0, 1946.0, 745.0, -411.0, 807.0, 1228.0, 608.0, 6.0, -152.0, 426.0, 0
396.0, 702.0, 368.0, -1515.0, 132.0, 498.0, -2697.0, 1418.0, -124.0, -967.0, 399.0, 244.0, -208.0, 493.0, -563.0, 247.0, 851.0, 95.0, 123.0, -245.0, 1
-197.0, 1225.0, 2321.0, 765.0, -101.0, 105.0, 762.0, -167.0, -131.0, 631.0, 66.0, 2397.0, 617.0, -396.0, 1033.0, -1139.0, -381.0, 569.0, -177.0, 426.0, 0
-737.0, 394.0, 634.0, -311.0, 1316.0, 903.0, -959.0, 438.0, 617.0, 633.0, -85.0, 19.0, 2301.0, 2833.0, -23.0, 1701.0, 61.0, 193.0, 1324.0, -42.0, 0
-131.0, 378.0, -984.0, 901.0, 162.0, 1036.0, -1161.0, -843.0, -1574.0, 9.0, -173.0, -1637.0, -232.0, -413.0, -271.0, 11.0, -1197.0, 1812.0, 222.0, -64.0, 1
228.0, 61.0, -2231.0, 818.0, -1123.0, 1112.0, -1743.0, 509.0, 581.0, 1941.0, 1521.0, -578.0, -875.0, -907.0, -871.0, -1496.0, -649.0, 281.0, 684.0, 129.0, 0
-141.0, -1958.0, 773.0, -725.0, -217.0, -497.0, 1404.0, -44.0, -1409.0, -235.0, -2023.0, 2515.0, -377.0, 966.0, -1664.0, 296.0, -363.0, 4.0, -958.0, 613.0, 1
-1313.0, 1055.0, 459.0, -934.0, -533.0, -1159.0, -346.0, -951.0, 1259.0, 275.0, -15.0, 193.0, 325.0, -1311.0, -618.0, -748.0, 651.0, -912.0, 483.0, -2166.0, 1
1057.0, -779.0, 56.0, 1014.0, -1236.0, -1385.0, -234.0, 104.0, -242.0, 1062.0, -907.0, 373.0, 13.0, -3.0, -631.0, 724.0, -497.0, -1032.0, -2569.0, -748.0, 1
-2278.0, -328.0, -756.0, 88.0, -924.0, -393.0, 1278.0, 844.0, -84.0, -1091.0, -524.0, -468.0, -1166.0, 2.0, -1525.0, -1054.0, -1225.0, 49.0, -546.0, -96.0, 1
1867.0, -169.0, 1578.0, 71.0, -27.0, 845.0, 2237.0, 158.0, -239.0, 119.0, 524.0, 2833.0, -25.0, 293.0, 2359.0, 1018.0, 391.0, 96.0, -178.0, -54.0, 0
1173.0, -139.0, 743.0, -748.0, -395.0, -2223.0, -306.0, 226.0, -286.0, -463.0, -2052.0, 199.0, 67.0, -1535.0, -729.0, -374.0, 547.0, -1574.0, 1115.0, -41.0, 1
22.0, 1952.0, 64.0, -657.0, 1619.0, -59.0, 103.0, -92.0, 104.0, 222.0, 2132.0, 1389.0, 1361.0, 1863.0, -1484.0, -608.0, 1175.0, 1947.0, -1732.0, 74.0, 0
307.0, -2249.0, 27.0, -1042.0, 799.0, -1966.0, -113.0, 142.0, -928.0, 1123.0, -688.0, 846.0, 522.0, -1569.0, -791.0, -989.0, -35.0, -904.0, -1244.0, 175.0, 1
1547.0, 206.0, 1642.0, -1145.0, -199.0, 523.0, 123.0, -473.0, 718.0, -122.0, -18.0, 974.0, 582.0, -529.0, 2263.0, 509.0, -1082.0, 342.0, 2402.0, 2301.0, 0
-457.0, 1374.0, 1533.0, 751.0, -124.0, -996.0, 858.0, -1363.0, 1074.0, 836.0, 704.0, 918.0, 334.0, -103.0, 1012.0, -1097.0, 2168.0, -836.0, 421.0, 1123.0, 0
-1016.0, 1377.0, 1588.0, 85.0, 313.0, 526.0, 32.0, 627.0, -271.0, 2659.0, 144.0, 1515.0, 156.0, 666.0, -23.0, -654.0, 1359.0, 208.0, 303.0, 721.0, 0
44.0, -48.0, 21.0, 1622.0, -369.0, 147.0, 392.0, -59.0, -224.0, -741.0, -46.0, 331.0, -1583.0, -276.0, 1604.0, 1364.0, 848.0, -44.0, 539.0, 858.0, 0
348.0, 758.0, 1966.0, 199.0, 1509.0, 435.0, 834.0, 1791.0, 1093.0, 358.0, -118.0, -1126.0, -2.0, 2698.0, 63.0, 719.0, 75.0, 913.0, -677.0, -952.0, 0
264.0, -931.0, -1019.0, 12.0, 847.0, -435.0, -831.0, -223.0, 12.0, -596.0, -394.0, 381.0, 1012.0, 1278.0, -98.0, -565.0, 1065.0, -722.0, 1043.0, -124.0, 1
-92.0, -468.0, -2127.0, -1249.0, 587.0, -636.0, -2042.0, -131.0, -1099.0, -481.0, -2407.0, 45.0, 454.0, -2032.0, 698.0, -597.0, -741.0, -679.0, -286.0, -1126.0, 1
215.0, -1211.0, 7.0, -1123.0, 1008.0, 998.0, 186.0, 497.0, -821.0, 122.0, 242.0, 106.0, 4.0, 25.0, 1287.0, 1712.0, -61.0, 1658.0, 517.0, 299.0, 0
-855.0, -256.0, -747.0, -1096.0, 575.0, 2166.0, 1752.0, 2365.0, 1739.0, -319.0, 26.0, -209.0, -115.0, -387.0, 1984.0, -1234.0, 1955.0, -104.0, 107.0, 175.0, 0
549.0, 79.0, 483.0, 1425.0, 403.0, -95.0, 2092.0, -908.0, 858.0, -1282.0, 608.0, 334.0, 262.0, 2699.0, 728.0, -1766.0, 1894.0, -628.0, 726.0, 315.0, 0
382.0, -228.0, 116.0, 439.0, 76.0, -1185.0, -1786.0, 321.0, -863.0, 49.0, -22.0, -2112.0, -994.0, 955.0, -874.0, -202.0, -216.0, 37.0, -1152.0, -856.0, 1
84.0, 1512.0, -406.0, -1106.0, -429.0, -1582.0, -119.0, -1443.0, 779.0, -108.0, -345.0, 1153.0, 25.0, -167.0, 119.0, 1505.0, -66.0, -111.0, 1583.0, 118.0, 0
135.0, 2392.0, 2003.0, -1287.0, -162.0, -178.0, 2727.0, -1771.0, 611.0, 742.0, 214.0, 212.0, 1263.0, 1015.0, 1069.0, 31.0, -671.0, 1954.0, 507.0, 2052.0, 0
-106.0, 694.0, 115.0, -703.0, 918.0, 408.0, -3.0, -457.0, -2037.0, -496.0, 1383.0, -841.0, -2183.0, 97.0, -184.0, 47.0, -2434.0, 8.0, -2347.0, -223.0, 1
437.0, 2168.0, -716.0, 867.0, -952.0, -322.0, 1614.0, -566.0, -828.0, 81.0, 1038.0, -29.0, -17.0, 1989.0, -587.0, 1055.0, -243.0, 1519.0, 14.0, 299.0, 0
1469.0, 634.0, 19.0, 183.0, 2035.0, -642.0, -662.0, -722.0, 386.0, 1196.0, -373.0, 1757.0, 482.0, 22.0, 892.0, -57.0, 225.0, 2324.0, 1682.0, -177.0, 0
-696.0, 553.0, 534.0, -2889.0, -245.0, -1606.0, 174.0, 94.0, -215.0, -25.0, -305.0, -145.0, -7.0, -759.0, 836.0, -2302.0, -978.0, -12.0, -2022.0, -1496.0, 1
511.0, 882.0, 49.0, 1408.0, 1389.0, -1519.0, 1665.0, 57.0, 462.0, -1744.0, -612.0, 975.0, -168.0, -558.0, 174.0, -9.0, 588.0, -754.0, 363.0, -231.0, 0
184.0, -676.0, -715.0, 169.0, 944.0, 1611.0, 323.0, 805.0, -1174.0, 2569.0, -38.0, 463.0, 1037.0, -709.0, 1828.0, 1224.0, 1263.0, 1093.0, 1226.0, -1228.0, 0
1035.0, -329.0, 1384.0, -65.0, 897.0, 18.0, 337.0, 36.0, -143.0, 894.0, 1431.0, -19.0, 832.0, 1357.0, 1318.0, -1117.0, 12.0, 307.0, 524.0, 525.0, 0
-342.0, -393.0, 896.0, -626.0, -721.0, -431.0, 448.0, 194.0, 1731.0, 839.0, 107.0, -142.0, 125.0, 731.0, -1199.0, -969.0, -817.0, -797.0, 1025.0, -1128.0, 0
52.0, 1121.0, 458.0, 84.0, -733.0, 2065.0, 2176.0, 1697.0, 236.0, -1805.0, 1305.0, 675.0, -1301.0, 263.0, 363.0, -392.0, -56.0, -167.0, 531.0, 878.0, 0
-1344.0, -365.0, -981.0, -1855.0, -507.0, -1326.0, -466.0, 498.0, -1395.0, 877.0, 1212.0, -583.0, -2081.0, -883.0, -399.0, -145.0, -1557.0, -212.0, -17.0, -2443.0, 1
-226.0, -14.0, 1387.0, -471.0, -1069.0, 123.0, -1667.0, -881.0, -461.0, -2866.0, 1665.0, 259.0, -496.0, -761.0, 1295.0, -264.0, 552.0, 971.0, -1732.0, -55.0, 1
-718.0, -837.0, -39.0, -148.0, 1151.0, -578.0, -182.0, -129.0, 1576.0, 588.0, 787.0, 367.0, -2018.0, 172.0, -808.0, 439.0, 1529.0, 536.0, -1642.0, 496.0, 0
172.0, 1414.0, -286.0, -136.0, 765.0, 2.0, -235.0, 788.0, -1742.0, -1096.0, -1366.0, 112.0, -299.0, -566.0, 118.0, 112.0, -51.0, -212.0, 1572.0, -489.0, 1
-358.0, -1948.0, -9.0, -1699.0, -662.0, -1354.0, -128.0, -442.0, -289.0, 602.0, -1172.0, -1041.0, 275.0, -1499.0, 446.0, -144.0, 966.0, -615.0, 2572.0, -2221.0, 1
39.0, -69.0, -266.0, -13.0, 72.0, 2514.0, 747.0, 875.0, 724.0, -39.0, 799.0, -998.0, 1012.0, -1182.0, -64.0, -183.0, 788.0, 1578.0, 1501.0, 423.0, 0
-932.0, -1262.0, -1231.0, 1214.0, 22.0, 426.0, 329.0, -776.0, -319.0, -246.0, -481.0, -1457.0, 407.0, -1434.0, -7.0, -907.0, 351.0, -1294.0, 1528.0, -686.0, 1
-454.0, 1516.0, 693.0, -43.0, 1276.0, 1117.0, 436.0, 1233.0, 754.0, 161.0, 286.0, 2244.0, -44.0, 687.0, 493.0, 1661.0, 1652.0, 1939.0, 182.0, 703.0, 0
615.0, 1053.0, -26.0, 198.0, -47.0, -1966.0, 1348.0, 1798.0, -1268.0, 949.0, 1204.0, 1188.0, 2587.0, 1298.0, -72.0, 1895.0, -1367.0, 1.0, 102.0, 1086.0, 0
-1001.0, -1817.0, 11.0, -488.0, -1812.0, 744.0, -1163.0, -1264.0, -1372.0, 1243.0, -1894.0, -425.0, -1169.0, -1216.0, -347.0, -476.0, -934.0, 61.0, -24.0, -14.0, 1
-412.0, 441.0, -963.0, -141.0, -408.0, 207.0, -373.0, 415.0, -81.0, 182.0, 17.0, -906.0, -173.0, 492.0, 1589.0, -1392.0, 41.0, -65.0, -2587.0, -506.0, 1
58.0, 1531.0, 1303.0, 2036.0, -381.0, 2173.0, -161.0, 695.0, -151.0, -219.0, -1651.0, -654.0, 2327.0, 63.0, -201.0, 1047.0, 1554.0, -336.0, 1724.0, -5.0, 0
-321.0, -1808.0, -111.0, 34.0, -886.0, -43.0, 144.0, -1132.0, 1008.0, 395.0, -973.0, -1271.0, -731.0, -1104.0, -385.0, 513.0, -239.0, -758.0, 459.0, -2483.0, 1
-43.0, 1112.0, -48.0, -1318.0, -77.0, -748.0, -663.0, -522.0, -36.0, -473.0, 45.0, -2404.0, -298.0, -447.0, 1026.0, -905.0, -106.0, 2481.0, -286.0, -678.0, 1
-1673.0, 1134.0, -2592.0, 1783.0, -985.0, -808.0, -1564.0, -708.0, -397.0, -2484.0, -1834.0, -1412.0, 98.0, 476.0, -1105.0, -166.0, -432.0, -8.0, -1211.0, 3629.0, 1
-1285.0, -462.0, -262.0, -14.0, -128.0, -1335.0, 537.0, -1814.0, -3.0, 1008.0, 99.0, -543.0, -37.0, -2185.0, 1088.0, -469.0, -685.0, -1652.0, -111.0, 697.0, 1
-1151.0, -58.0, -2136.0, -76.0, 367.0, 1864.0, -13.0, -27.0, -366.0, 508.0, -674.0, -231.0, -486.0, -87.0, -1036.0, -1434.0, -956.0, -2038.0, -629.0, 777.0, 1
-355.0, -2408.0, 51.0, 94.0, 931.0, -948.0, -127.0, -19.0, 688.0, 333.0, -103.0, -39.0, -583.0, 306.0, -36.0, -333.0, 314.0, 179.0, 1615.0, -948.0, 1
-634.0, -1853.0, 45.0, -678.0, 1018.0, 548.0, -35.0, -424.0, 199.0, -3845.0, 1081.0, -148.0, -724.0, -179.0, -569.0, -483.0, -8.0, -1051.0, -2152.0, -782.0, 1
1233.0, 777.0, -195.0, 1876.0, -127.0, 2258.0, 565.0, 423.0, 16.0, 56.0, 788.0, 112.0, -312.0, 532.0, -488.0, 815.0, 592.0, -155.0, 16.0, -414.0, 0
1726.0, -1781.0, -13.0, -2175.0, -94.0, -677.0, -28.0, 1032.0, -359.0, 84.0, -559.0, -71.0, -673.0, -519.0, -548.0, -614.0, -233.0, -1142.0, -1469.0, 838.0, 1
-23.0, -1394.0, -1244.0, -907.0, 542.0, -1635.0, 731.0, 1374.0, -2453.0, -57.0, -331.0, -2006.0, 43.0, -124.0, -554.0, 941.0, -1189.0, -441.0, 846.0, 538.0, 1
1075.0, -394.0, -1845.0, 728.0, 497.0, -446.0, 77.0, 167.0, 494.0, 1187.0, 997.0, 132.0, 1462.0, 686.0, 536.0, 167.0, 119.0, 686.0, 1187.0, 1663.0, 0
-3267.0, 1268.0, 1646.0, -1744.0, -1904.0, 822.0, -242.0, -1446.0, -3784.0, 1174.0, 49.0, -1209.0, -1211.0, -2.0, 671.0, -777.0, -1848.0, 797.0, -46.0, -1768.0, 1
-211.0, -238.0, -554.0, -54.0, 255.0, -1377.0, -278.0, -806.0, -625.0, -494.0, -1276.0, -833.0, -532.0, 24.0, 638.0, -1267.0, -453.0, -113.0, -221.0, -1929.0, 1
-1414.0, -588.0, -302.0, 2402.0, -1115.0, 426.0, 1259.0, 754.0, -727.0, 1498.0, 95.0, 55.0, 1369.0, 728.0, 786.0, 1121.0, 1294.0, 108.0, 414.0, -776.0, 0
-1807.0, -1137.0, 43.0, -653.0, -12.0, -1833.0, 1492.0, 113.0, 1174.0, -154.0, 762.0, -304.0, -423.0, -1461.0, -1551.0, -1352.0, -39.0, 467.0, -655.0, -1403.0, 1
358.0, 661.0, -273.0, 606.0, 1195.0, 119.0, 1982.0, 5.0, 473.0, 1521.0, 103.0, 174.0, -321.0, -999.0, -197.0, -23.0, 1192.0, 527.0, 745.0, -17.0, 0
1313.0, 251.0, -444.0, 454.0, -451.0, 891.0, 68.0, 669.0, -1237.0, 485.0, -1036.0, -554.0, 387.0, -924.0, 978.0, 1207.0, 133.0, 33.0, -841.0, 1311.0, 0
-605.0, 73.0, 74.0, -1375.0, 498.0, -58.0, 34.0, -1978.0, 654.0, -1364.0, 588.0, -192.0, -1951.0, -204.0, -2623.0, -1032.0, 623.0, -2331.0, -1338.0, -2156.0, 1
-48.0, 1596.0, -357.0, 221.0, 3.0, -2392.0, 1607.0, 762.0, 834.0, 797.0, 1393.0, 865.0, -1006.0, 1561.0, -15.0, -1361.0, 76.0, -773.0, -2136.0, -166.0, 1
43.0, -559.0, 1458.0, 558.0, 104.0, -1806.0, 107.0, 1236.0, 669.0, 204.0, 4.0, 2493.0, 1088.0, 975.0, 3128.0, 1.0, -54.0, -43.0, 1034.0, 1337.0, 0
1146.0, 2238.0, 1748.0, 1166.0, -21.0, 256.0, 1401.0, 3358.0, 863.0, 733.0, 27.0, -63.0, 528.0, 622.0, 218.0, 37.0, 1467.0, 14.0, -916.0, -321.0, 0
1796.0, 1511.0, -825.0, 792.0, 1442.0, -1733.0, -1022.0, 1851.0, -1072.0, 347.0, 69.0, 52.0, 119.0, 1164.0, -528.0, -157.0, 687.0, 2079.0, -54.0, 452.0, 0
592.0, -451.0, 633.0, -1164.0, 36.0, -1288.0, 703.0, -1442.0, -189.0, -648.0, -928.0, -819.0, -676.0, -1423.0, -1776.0, -855.0, -354.0, -444.0, 314.0, -266.0, 1
-115.0, 323.0, -1441.0, 1909.0, -402.0, -146.0, -1353.0, 908.0, -329.0, -82.0, -1378.0, 2705.0, 1929.0, 58.0, -577.0, -179.0, 2048.0, -1337.0, -363.0, 743.0, 0
1017.0, -1714.0, -963.0, -181.0, 734.0, 771.0, 287.0, -107.0, 31.0, -1793.0, -1311.0, -2108.0, -301.0, 5.0, 348.0, -1418.0, -1237.0, -17.0, -1417.0, 623.0, 1
-1166.0, 932.0, -2022.0, 578.0, -549.0, -324.0, -345.0, 875.0, -3.0, -1064.0, -1762.0, 373.0, -741.0, -1044.0, -643.0, 177.0, -672.0, -116.0, -409.0, 415.0, 1
936.0, -391.0, 152.0, 835.0, 68.0, 123.0, -1298.0, 1837.0, 642.0, 1424.0, -693.0, 1277.0, 1261.0, -456.0, -96.0, -309.0, 196.0, -167.0, 4.0, 111.0, 0
-425.0, -509.0, -482.0, 795.0, 263.0, -116.0, -1085.0, -749.0, -166.0, -1131.0, 266.0, -19.0, 167.0, -422.0, -1117.0, -139.0, 177.0, 861.0, -2493.0, -2516.0, 1
-1645.0, -121.0, 819.0, 1136.0, -62.0, 367.0, 1254.0, 807.0, 999.0, 101.0, 101.0, -769.0, 1885.0, 127.0, 706.0, -532.0, -76.0, -154.0, 1652.0, -42.0, 0
-336.0, 444.0, -137.0, 2675.0, 1759.0, 511.0, -254.0, 217.0, 1751.0, -102.0, 412.0, 1806.0, 977.0, 455.0, -553.0, -152.0, 147.0, 1132.0, 154.0, 362.0, 0
599.0, -905.0, 974.0, -384.0, 701.0, 353.0, -41.0, 124.0, 2995.0, -754.0, 239.0, 23.0, 504.0, -213.0, -31.0, 1349.0, 1368.0, 2329.0, -149.0, 198.0, 0
-126.0, 46.0, -99.0, 131.0, -1338.0, -1624.0, 273.0, -523.0, -719.0, 268.0, 135.0, -1075.0, 308.0, 1468.0, -1829.0, 353.0, -898.0, -622.0, -2371.0, -147.0, 1
944.0, 1211.0, 688.0, 631.0, 626.0, -321.0, 1104.0, -39.0, -1131.0, -4.0, 129.0, -411.0, -1173.0, 713.0, -13.0, 175.0, 58.0, 1203.0, -48.0, -638.0, 1
-514.0, -874.0, 721.0, 1535.0, 181.0, -606.0, 2186.0, -1012.0, 1133.0, 162.0, 141.0, 199.0, -1489.0, 2115.0, 1062.0, 1047.0, 2022.0, 958.0, 1387.0, 895.0, 0
-773.0, 681.0, 864.0, 982.0, 1563.0, 586.0, 1542.0, 833.0, 273.0, -446.0, -968.0, 994.0, 847.0, 543.0, 275.0, 1177.0, 1442.0, 112.0, -407.0, 374.0, 0
293.0, -12.0, 201.0, -48.0, 409.0, 1156.0, -1524.0, -922.0, 17.0, 1549.0, 72.0, 247.0, 56.0, 1629.0, 143.0, 523.0, 352.0, 876.0, -319.0, 972.0, 0
335.0, -1411.0, 1929.0, -1097.0, 366.0, 1092.0, -169.0, -9.0, -1336.0, -85.0, 14.0, 1655.0, -1138.0, -1701.0, -498.0, 307.0, 81.0, -93.0, 18.0, -1799.0, 1
-2111.0, -147.0, -316.0, -19.0, 1249.0, -19.0, 102.0, 1564.0, 432.0, 134.0, -741.0, 25.0, -631.0, -924.0, -554.0, 402.0, -862.0, -1326.0, -474.0, 568.0, 1
482.0, -495.0, 1442.0, 1345.0, -537.0, 687.0, 1002.0, 486.0, -367.0, -154.0, 373.0, -479.0, 442.0, 1711.0, 472.0, 366.0, -166.0, 1216.0, -106.0, 352.0, 0
195.0, -807.0, -497.0, -267.0, -107.0, -686.0, -1225.0, 1394.0, -1536.0, 374.0, -791.0, -2676.0, -631.0, 22.0, -756.0, -755.0, -1129.0, -15.0, -927.0, -2356.0, 1
1092.0, -646.0, -269.0, -224.0, 944.0, 1355.0, 1948.0, -698.0, -126.0, 1422.0, 709.0, 356.0, -125.0, -16.0, 508.0, 105.0, 1309.0, 1627.0, 672.0, 564.0, 0
-342.0, 94.0, 244.0, 383.0, 168.0, 2335.0, 2447.0, 2442.0, -265.0, -74.0, -2313.0, 1194.0, 122.0, 412.0, 854.0, -601.0, 96.0, 796.0, -11.0, -553.0, 0
454.0, 17.0, 281.0, -1179.0, 59.0, -306.0, 1011.0, 109.0, -118.0, 192.0, 163.0, -73.0, -428.0, 813.0, 2323.0, -537.0, 664.0, 225.0, -657.0, 1.0, 0
1732.0, 809.0, 1434.0, -804.0, -236.0, 16.0, 1509.0, 425.0, 15.0, -908.0, -715.0, 1145.0, -836.0, -248.0, 23.0, -1162.0, 21.0, 19.0, 647.0, -447.0, 0
111.0, -672.0, -26.0, -589.0, 592.0, 1322.0, 54.0, 169.0, -877.0, -1.0, -694.0, 2015.0, 921.0, 1405.0, 1158.0, -694.0, 434.0, 1236.0, -133.0, 497.0, 0
548.0, -548.0, -2104.0, -1161.0, -2082.0, 1928.0, -81.0, -205.0, 618.0, 473.0, -1105.0, -551.0, -66.0, -81.0, -2173.0, -149.0, 1111.0, 165.0, -4.0, 1308.0, 1
-364.0, 1172.0, -1448.0, 315.0, -489.0, -123.0, -1558.0, -733.0, 901.0, -1105.0, 84.0, 506.0, 782.0, 73.0, 15.0, 382.0, 607.0, -454.0, 1794.0, 415.0, 0
-826.0, 1563.0, -915.0, 65.0, 187.0, 2068.0, 1438.0, -724.0, -581.0, 44.0, -1305.0, -711.0, -597.0, -151.0, 632.0, 226.0, -223.0, 13.0, -337.0, 1483.0, 0
44.0, 17.0, -139.0, -2388.0, -256.0, -2808.0, 474.0, -2672.0, 72.0, -444.0, -378.0, -2222.0, 1312.0, 643.0, -1637.0, -882.0, -938.0, -1043.0, 682.0, -1127.0, 1
38.0, -32.0, 339.0, 1643.0, 908.0, -396.0, -1552.0, -474.0, 1184.0, -647.0, 1773.0, 979.0, 8.0, 854.0, -187.0, 2404.0, 1249.0, 872.0, 831.0, 266.0, 0
-242.0, 1839.0, 68.0, -792.0, -1424.0, -501.0, -2182.0, 1262.0, 505.0, -445.0, -1415.0, 8.0, 1348.0, 948.0, 585.0, 1015.0, 897.0, 232.0, -789.0, 2104.0, 0
-625.0, -85.0, -1021.0, -294.0, 693.0, 13.0, 1716.0, 9.0, 1917.0, 51.0, -1467.0, -137.0, 245.0, 428.0, -1688.0, -983.0, 1301.0, 413.0, -409.0, 211.0, 0
2133.0, 132.0, 272.0, 1351.0, -1151.0, -93.0, 1507.0, 1279.0, 893.0, 371.0, 107.0, 1636.0, 145.0, -238.0, 825.0, -1344.0, 336.0, 864.0, 36.0, -207.0, 0
1238.0, -954.0, -2382.0, -17.0, -459.0, -863.0, 836.0, -2166.0, -1212.0, -763.0, -2042.0, -1268.0, -1258.0, -643.0, 417.0, -952.0, -1575.0, -965.0, -962.0, 1493.0, 1
701.0, 1616.0, 1702.0, 1449.0, 1716.0, -461.0, -344.0, -644.0, 1404.0, -1246.0, -806.0, 48.0, 258.0, 155.0, 406.0, 478.0, 1429.0, 1125.0, 396.0, -387.0, 0
2663.0, 66.0, 1746.0, 122.0, -56.0, 1056.0, -941.0, -269.0, 654.0, 269.0, -929.0, 347.0, 335.0, 47.0, 463.0, 523.0, 1158.0, -6.0, 2797.0, 329.0, 0
1432.0, 263.0, 1791.0, 1875.0, 1608.0, 37.0, 1435.0, 575.0, 1744.0, 1393.0, 137.0, 594.0, 5.0, 1108.0, 2537.0, 1764.0, -169.0, -341.0, 1433.0, -881.0, 0
211.0, -1015.0, 636.0, -287.0, -356.0, -1158.0, 194.0, 704.0, -366.0, -1044.0, -737.0, 48.0, 1507.0, 206.0, 1495.0, 814.0, 1115.0, 133.0, -1311.0, 515.0, 0
168.0, -206.0, 1135.0, -1548.0, -15.0, -1907.0, -404.0, -1535.0, 337.0, -742.0, -1506.0, -2557.0, -1148.0, -1037.0, 154.0, 175.0, 962.0, 7.0, -1593.0, -793.0, 1
-1978.0, -989.0, -2028.0, -704.0, -1297.0, -1902.0, 106.0, -1735.0, 1112.0, -1582.0, -1788.0, -74.0, -135.0, -2222.0, 226.0, -202.0, 556.0, -426.0, -538.0, 8.0, 1
-603.0, 1641.0, 897.0, 47.0, -67.0, 2132.0, 482.0, -3.0, 16.0, -341.0, -139.0, -1112.0, 532.0, -327.0, 1051.0, 1674.0, 3055.0, 76.0, 75.0, 129.0, 0
1736.0, 121.0, 1625.0, 1009.0, -932.0, -342.0, 82.0, 874.0, -553.0, -404.0, 485.0, -627.0, 1186.0, 435.0, 439.0, 161.0, 1319.0, 95.0, -441.0, 132.0, 0
-452.0, 123.0, 944.0, 619.0, 8.0, -536.0, -1303.0, 951.0, -712.0, 138.0, -1367.0, -665.0, -499.0, -2329.0, -689.0, -2461.0, -96.0, -1147.0, 14.0, -1743.0, 1
2018.0, -1269.0, 594.0, 8.0, 206.0, 509.0, -1353.0, -1753.0, -442.0, 397.0, 82.0, 855.0, -721.0, 177.0, 1668.0, -855.0, -108.0, 1323.0, 97.0, -155.0, 0
-8.0, 1581.0, 33.0, 1292.0, 245.0, 1596.0, 354.0, 344.0, 431.0, -618.0, 691.0, 531.0, 1096.0, 885.0, -1654.0, 1119.0, 3723.0, -1111.0, 2394.0, 966.0, 0
-1029.0, -1117.0, -114.0, -37.0, -542.0, -63.0, -98.0, 111.0, -1077.0, 96.0, 1018.0, 286.0, -114.0, -159.0, 1456.0, -1328.0, -588.0, -331.0, -1644.0, -1831.0, 1
-238.0, -442.0, 554.0, -452.0, -735.0, -717.0, -1493.0, -601.0, -156.0, -325.0, -109.0, 1467.0, 284.0, -1746.0, 426.0, 95.0, -2835.0, -1213.0, -1905.0, -1886.0, 1
378.0, -736.0, 385.0, 925.0, -1745.0, 177.0, 171.0, 626.0, 402.0, -2611.0, -15.0, -183.0, -1301.0, 79.0, -536.0, -56.0, -1778.0, -2822.0, -459.0, -167.0, 1
16.0, 179.0, 1079.0, -605.0, -1615.0, 1178.0, 268.0, 193.0, 395.0, 817.0, 1805.0, -549.0, 1705.0, 816.0, 874.0, 1203.0, 192.0, -254.0, -748.0, 276.0, 0
-1552.0, -611.0, 698.0, 335.0, -1974.0, -1582.0, -912.0, -2334.0, 133.0, -1096.0, -571.0, -151.0, -33.0, 401.0, -1071.0, -1617.0, -936.0, 86.0, -451.0, -1293.0, 1
184.0, -707.0, 816.0, 1481.0, -1973.0, 82.0, 271.0, 248.0, -834.0, -79.0, 1464.0, -694.0, -899.0, -516.0, -1123.0, 439.0, -1335.0, -2068.0, -1226.0, 4.0, 1
-1263.0, -588.0, 178.0, -71.0, -1594.0, 661.0, 839.0, -1423.0, 981.0, -613.0, -1462.0, 714.0, -421.0, 543.0, -1.0, 479.0, -2278.0, -1578.0, -1078.0, -1737.0, 1
-77.0, 155.0, 611.0, -558.0, 1236.0, 559.0, 1421.0, -1106.0, -826.0, 1341.0, -3321.0, 1092.0, -558.0, -245.0, 116.0, -1792.0, -1863.0, -1701.0, -1515.0, 693.0, 1
536.0, 739.0, 132.0, 1595.0, 142.0, 449.0, 635.0, 212.0, -872.0, 711.0, 502.0, -1305.0, 314.0, 125.0, 28.0, 761.0, 2935.0, 712.0, 976.0, 1294.0, 0
896.0, 2062.0, -365.0, 692.0, -1086.0, 1196.0, 44.0, 2861.0, -367.0, 301.0, 1724.0, -36.0, -323.0, 1357.0, 912.0, 112.0, -9.0, 1194.0, -293.0, 2649.0, 0
2221.0, -1563.0, -115.0, 213.0, 644.0, -925.0, -701.0, 191.0, -117.0, 2284.0, -282.0, 792.0, 1339.0, 168.0, 131.0, -624.0, -977.0, 393.0, 1386.0, -78.0, 0
-977.0, -1384.0, -891.0, -2572.0, -35.0, 606.0, -128.0, -1602.0, -673.0, -1428.0, -89.0, 1637.0, 399.0, -23.0, -749.0, 449.0, -413.0, -23.0, 1406.0, -1944.0, 1
-956.0, 282.0, 1172.0, -751.0, -231.0, -995.0, -1474.0, -46.0, -1524.0, 312.0, -1.0, 783.0, 616.0, -294.0, 281.0, -1792.0, -578.0, -428.0, -776.0, -975.0, 1
692.0, 621.0, 1685.0, 777.0, -87.0, 1092.0, 1067.0, 1561.0, 546.0, 1278.0, 481.0, -1195.0, 298.0, 1582.0, 724.0, 527.0, -563.0, -579.0, 69.0, -173.0, 0
-365.0, 1284.0, 69.0, -188.0, 1416.0, 292.0, 124.0, 978.0, 1162.0, 616.0, 966.0, 773.0, 1396.0, 1833.0, 166.0, 1873.0, 1544.0, -104.0, -788.0, 178.0, 0
32.0, -416.0, -1492.0, -177.0, -196.0, -83.0, -773.0, 72.0, 882.0, -689.0, 132.0, 44.0, -433.0, 392.0, -94.0, -631.0, 734.0, -999.0, 42.0, 212.0, 1
1756.0, 2841.0, 488.0, -1207.0, -762.0, 1026.0, 422.0, -1655.0, -639.0, 549.0, 68.0, 1081.0, 56.0, -1921.0, 298.0, -591.0, -525.0, -849.0, -534.0, 55.0, 0
2078.0, -21.0, 351.0, 582.0, 138.0, 321.0, 2493.0, 1095.0, -358.0, 984.0, 693.0, -41.0, 1709.0, 1869.0, 2285.0, 331.0, 8.0, -238.0, 187.0, 1007.0, 0
-32.0, -1004.0, -517.0, -1472.0, -1409.0, -127.0, -38.0, -646.0, -378.0, -134.0, -1373.0, -547.0, -4.0, 6.0, 108.0, 61.0, 627.0, 337.0, 966.0, 1135.0, 1
-656.0, 1048.0, -45.0, -16.0, -1494.0, -428.0, -313.0, -609.0, -1925.0, -2349.0, -127.0, -658.0, 109.0, 101.0, 444.0, -1387.0, -744.0, 113.0, 1264.0, -532.0, 1
1066.0, 1471.0, 1369.0, 191.0, 87.0, 165.0, 352.0, -476.0, 525.0, 45.0, 8.0, -1289.0, -933.0, 675.0, -614.0, 1256.0, -1737.0, 861.0, -482.0, -602.0, 0
-502.0, 1603.0, 78.0, 1593.0, 1261.0, 132.0, -67.0, 1364.0, -397.0, 815.0, -1069.0, -957.0, 1771.0, 1755.0, 1102.0, 1175.0, 1173.0, 102.0, 1619.0, -1158.0, 0
349.0, 139.0, 1142.0, -971.0, 5.0, 1038.0, 831.0, 1706.0, 1157.0, 542.0, -269.0, -753.0, 406.0, 1336.0, 594.0, 633.0, -135.0, 598.0, -1521.0, 1192.0, 0
-1041.0, -303.0, -376.0, 148.0, 1199.0, 4.0, 77.0, -2814.0, -229.0, -2185.0, -536.0, -536.0, -1172.0, -897.0, -1769.0, -903.0, -968.0, 711.0, -1504.0, -1561.0, 1
573.0, 607.0, 624.0, -266.0, 845.0, 697.0, -92.0, -547.0, 671.0, 563.0, -23.0, 734.0, 2036.0, -277.0, 426.0, 882.0, -58.0, 234.0, -212.0, -1314.0, 0
2031.0, -218.0, 651.0, 1589.0, -132.0, -112.0, -9.0, -1146.0, 268.0, 699.0, 1272.0, -479.0, 1103.0, 2297.0, 656.0, 416.0, 1121.0, 666.0, 453.0, 154.0, 0
1229.0, -783.0, 17.0, -1773.0, -608.0, -1075.0, 1403.0, -1102.0, 662.0, 1029.0, -26.0, -536.0, -1419.0, 357.0, -123.0, 391.0, 368.0, -105.0, -504.0, 46.0, 1
1063.0, 2479.0, 1713.0, -115.0, 574.0, 2431.0, -99.0, 237.0, -576.0, 567.0, -1092.0, 1518.0, 2.0, 1499.0, 1826.0, 911.0, 1178.0, -264.0, -412.0, 1095.0, 0
-1834.0, -157.0, -521.0, 9.0, -806.0, -2254.0, -1407.0, -39.0, -1694.0, -962.0, -256.0, 352.0, -3041.0, -11.0, -474.0, 85.0, -411.0, -113.0, -46.0, -491.0, 1
-568.0, -2587.0, -412.0, -249.0, -474.0, -1194.0, 536.0, -105.0, -1068.0, 686.0, -798.0, -597.0, -3945.0, 53.0, 248.0, 412.0, 212.0, -1963.0, -931.0, -43.0, 1
-627.0, -1534.0, 325.0, 1117.0, 1031.0, -11.0, -684.0, -904.0, 1197.0, 1747.0, 1848.0, 284.0, 443.0, 2406.0, -782.0, 759.0, 314.0, -221.0, 2357.0, 1773.0, 0
-55.0, 1147.0, 1443.0, -409.0, 579.0, -477.0, -275.0, -964.0, -1608.0, -1671.0, -106.0, 195.0, -1559.0, 297.0, -86.0, -126.0, -284.0, -575.0, -274.0, 32.0, 1
789.0, -1192.0, 1204.0, 519.0, -1223.0, 396.0, -694.0, 147.0, 27.0, 199.0, 406.0, 1883.0, -21.0, 2042.0, -425.0, -549.0, 1766.0, 615.0, 763.0, -361.0, 0
1372.0, -269.0, 732.0, -174.0, -504.0, 2076.0, 1034.0, -602.0, 435.0, -518.0, 2177.0, 352.0, 48.0, 276.0, 171.0, -728.0, 1622.0, 1719.0, 886.0, 459.0, 0
1294.0, -105.0, 73.0, 1249.0, -11.0, 1167.0, 979.0, -38.0, 15.0, 23.0, 1109.0, 634.0, 1984.0, 1088.0, 151.0, 702.0, 14.0, 824.0, 1063.0, -315.0, 0
-1162.0, 217.0, -1852.0, 377.0, -721.0, -1382.0, -232.0, -858.0, 881.0, -1903.0, 261.0, -73.0, -727.0, -943.0, 46.0, -376.0, -588.0, -1532.0, -951.0, 34.0, 1
-2074.0, -323.0, -535.0, 326.0, -1049.0, -1551.0, -1838.0, 225.0, 296.0, 415.0, 982.0, -268.0, 11.0, -423.0, 766.0, 116.0, 958.0, -1059.0, 2204.0, -2345.0, 1
564.0, -19.0, 608.0, -1246.0, -943.0, -501.0, 1453.0, 554.0, -1004.0, -987.0, -1216.0, -39.0, -2442.0, -949.0, -1564.0, -1207.0, -1253.0, -1794.0, 969.0, -1359.0, 1
549.0, -107.0, 1677.0, 138.0, 2833.0, 1184.0, 2233.0, -1025.0, 632.0, -262.0, -778.0, -91.0, 241.0, 572.0, 458.0, 323.0, 2246.0, 912.0, 1386.0, 629.0, 0
-467.0, -1758.0, -2263.0, -74.0, -1649.0, 25.0, -806.0, 45.0, 17.0, 564.0, -57.0, -1646.0, -323.0, -586.0, 18.0, -1686.0, 492.0, -1733.0, 62.0, -126.0, 1
-738.0, -1586.0, -221.0, 1735.0, 2142.0, 1842.0, -1248.0, -1404.0, -251.0, 894.0, 448.0, 947.0, 49.0, -501.0, -26.0, -164.0, 101.0, 829.0, -1397.0, 817.0, 0
2282.0, 1037.0, 3412.0, -343.0, -1232.0, -366.0, -399.0, 724.0, 682.0, -29.0, -1145.0, 202.0, 1125.0, 282.0, -1503.0, 612.0, -1364.0, 1152.0, 708.0, 1701.0, 0
-417.0, -329.0, -406.0, 1247.0, -3.0, -79.0, -2139.0, 1157.0, 171.0, -168.0, -182.0, -699.0, -683.0, -27.0, -492.0, -1226.0, 546.0, 687.0, -775.0, -742.0, 1
16.0, -1077.0, -1634.0, 273.0, 552.0, 568.0, 198.0, 752.0, -53.0, 368.0, -242.0, -1273.0, -271.0, 465.0, 966.0, 1892.0, 1232.0, 1486.0, 119.0, -53.0, 0
-1653.0, 745.0, -75.0, -828.0, 12.0, -1797.0, -864.0, -1641.0, -87.0, -297.0, -1302.0, -1287.0, 1063.0, 83.0, -1026.0, -127.0, -279.0, -674.0, 95.0, 226.0, 1
408.0, -773.0, -65.0, -646.0, 346.0, 307.0, -382.0, 4.0, -186.0, -223.0, -342.0, -489.0, -1485.0, -21.0, 129.0, 1768.0, 122.0, 785.0, 8.0, -342.0, 0
-301.0, -43.0, 447.0, -35.0, 612.0, -1682.0, 806.0, 554.0, -69.0, -335.0, 74.0, 541.0, 1683.0, 275.0, 87.0, -1065.0, 615.0, -12.0, 929.0, -139.0, 0
151.0, 1578.0, -789.0, -1422.0, 298.0, 1423.0, 131.0, -143.0, 799.0, 364.0, 143.0, 73.0, -1792.0, -29.0, -218.0, 276.0, -256.0, -165.0, 592.0, 125.0, 0
235.0, 89.0, 1457.0, 997.0, -1898.0, -741.0, -1221.0, -931.0, 1603.0, -1419.0, -103.0, -172.0, -829.0, 14.0, -154.0, -683.0, -909.0, 292.0, -747.0, -546.0, 1
-266.0, 443.0, 1818.0, 272.0, 761.0, -232.0, 1197.0, -411.0, -1353.0, 733.0, 154.0, 1192.0, 452.0, -127.0, 969.0, 39.0, 243.0, 1228.0, 32.0, 4.0, 0
-634.0, 1165.0, -196.0, 139.0, 1032.0, -1444.0, 1138.0, 502.0, 311.0, -559.0, -1216.0, 994.0, -364.0, -66.0, 463.0, -68.0, 728.0, -227.0, 765.0, -2027.0, 1
-1181.0, 152.0, -18.0, 915.0, -252.0, -51.0, -698.0, -182.0, 1041.0, -226.0, 919.0, -979.0, -1561.0, -107.0, -739.0, -409.0, -248.0, 1254.0, -93.0, -1658.0, 1
-482.0, -1022.0, -1396.0, -1123.0, 1039.0, -1047.0, -2878.0, 6.0, -622.0, -675.0, -485.0, 404.0, -2522.0, 41.0, 361.0, -1144.0, 133.0, -205.0, 1164.0, -2755.0, 1
-993.0, 746.0, 116.0, 1031.0, -1221.0, 1517.0, -2396.0, -552.0, 103.0, 725.0, -1209.0, -66.0, -492.0, -154.0, 329.0, -1646.0, 489.0, 762.0, -1146.0, 422.0, 1
-746.0, -2231.0, -1792.0, 393.0, 737.0, -579.0, 1114.0, -712.0, -514.0, -1314.0, -539.0, -154.0, 1055.0, -315.0, 268.0, 16.0, -1962.0, -642.0, -756.0, -1234.0, 1
128.0, 1796.0, 827.0, -553.0, -302.0, 1452.0, 1012.0, 206.0, 726.0, -878.0, 39.0, 697.0, -584.0, 865.0, -73.0, 1407.0, -942.0, -1806.0, 1045.0, 1147.0, 0
-18.0, 843.0, -2261.0, 251.0, 368.0, 1815.0, 1282.0, -37.0, 1018.0, 308.0, 1203.0, 1516.0, 407.0, 46.0, 781.0, -65.0, 2338.0, 965.0, -489.0, -2173.0, 0
11.0, 1457.0, 905.0, 1812.0, 221.0, -109.0, 13.0, -1438.0, 1104.0, 527.0, 757.0, 1219.0, -782.0, -306.0, 894.0, 106.0, -354.0, 151.0, -298.0, 913.0, 0
-32.0, -2163.0, -2335.0, 214.0, 117.0, -2495.0, -1197.0, -766.0, 146.0, 1403.0, -2374.0, -39.0, -583.0, -386.0, -1445.0, -2233.0, 199.0, 332.0, 423.0, -1252.0, 1
-758.0, -847.0, -107.0, 1109.0, -17.0, 171.0, -133.0, -899.0, -444.0, 79.0, -513.0, -1632.0, 852.0, -1068.0, 628.0, -539.0, -121.0, -803.0, -1654.0, -1727.0, 1
1511.0, 1707.0, 521.0, 43.0, -6.0, 822.0, 614.0, -1617.0, 214.0, -46.0, 443.0, 1458.0, -706.0, -17.0, 203.0, 743.0, 2065.0, -871.0, 1906.0, 2031.0, 0
49.0, 658.0, 422.0, 215.0, 1544.0, -1117.0, -2367.0, -1634.0, -2951.0, -116.0, 695.0, -1012.0, 599.0, -45.0, -228.0, 96.0, -1356.0, -2026.0, -701.0, 1098.0, 1
-65.0, 876.0, -658.0, 86.0, -2071.0, -2056.0, 703.0, -269.0, -403.0, -1003.0, -1243.0, -589.0, -1068.0, -1319.0, 401.0, 181.0, -1259.0, -149.0, 81.0, -307.0, 1
1283.0, -138.0, -324.0, -681.0, 1875.0, 529.0, -1592.0, 741.0, 1439.0, 1779.0, -502.0, -497.0, 601.0, -252.0, 412.0, -1773.0, 856.0, 356.0, 711.0, -1547.0, 0
-961.0, 1145.0, -518.0, -334.0, -1183.0, 16.0, -456.0, -416.0, 436.0, -196.0, -206.0, -337.0, 416.0, -1142.0, -1377.0, -242.0, -2496.0, -1843.0, -1852.0, -477.0, 1
-1335.0, -467.0, 1244.0, 128.0, 2141.0, -132.0, -19.0, -3.0, 2322.0, 291.0, -307.0, -1097.0, 2502.0, -24.0, 355.0, -1047.0, 1436.0, -1563.0, 334.0, 26.0, 0
339.0, -424.0, 706.0, -418.0, 641.0, -309.0, 967.0, 21.0, 1499.0, -559.0, 32.0, -96.0, 1426.0, -58.0, 2235.0, -369.0, 14.0, 1356.0, 366.0, 235.0, 0
561.0, 1068.0, 135.0, -19.0, 1055.0, 2025.0, -1688.0, -78.0, 796.0, 555.0, -1549.0, 491.0, 149.0, -94.0, -228.0, 605.0, 456.0, 1197.0, -837.0, 1342.0, 0
628.0, 18.0, 374.0, -7.0, -1892.0, -1467.0, -135.0, 238.0, 828.0, 298.0, 695.0, -905.0, -1159.0, -1491.0, -835.0, -539.0, -448.0, -233.0, -82.0, -112.0, 1
-162.0, -87.0, 1149.0, -986.0, 1169.0, 1979.0, 1584.0, 1148.0, -214.0, -1116.0, 1044.0, -139.0, 587.0, 2358.0, 1.0, -88.0, -366.0, 24.0, 935.0, 184.0, 0
-1466.0, -969.0, 419.0, -992.0, 415.0, -1113.0, -66.0, -384.0, -63.0, -1869.0, -74.0, 349.0, -1144.0, -1333.0, 18.0, -1071.0, -1201.0, -1676.0, -1474.0, -89.0, 1
138.0, -2312.0, -1124.0, -1866.0, -737.0, 589.0, -1065.0, -1671.0, -1404.0, 158.0, -1329.0, -2586.0, 131.0, -2486.0, -1163.0, -351.0, 1062.0, 417.0, 649.0, 971.0, 1
1024.0, -1159.0, -574.0, -1545.0, 662.0, -489.0, 117.0, -522.0, 114.0, -2004.0, -2158.0, -825.0, -1275.0, 2356.0, -99.0, 1076.0, -683.0, 389.0, -927.0, 855.0, 1
309.0, -62.0, -537.0, 1376.0, -34.0, 1331.0, 2054.0, 435.0, -187.0, 544.0, 534.0, -622.0, -18.0, 1105.0, 2.0, 509.0, 56.0, 2225.0, 388.0, 24.0, 0
1208.0, -1292.0, 266.0, 753.0, -915.0, 514.0, -35.0, 2016.0, 1723.0, 1418.0, 89.0, -525.0, 68.0, 408.0, -114.0, -482.0, -233.0, 2457.0, -558.0, 969.0, 0
222.0, -684.0, -2282.0, 821.0, -2051.0, -1544.0, -313.0, -533.0, -91.0, -1053.0, -1466.0, 0.0, -1368.0, 101.0, -524.0, -16.0, -215.0, -1708.0, -1086.0, 546.0, 1
814.0, -213.0, -1165.0, -675.0, 1048.0, -681.0, -548.0, 89.0, -117.0, -161.0, -161.0, -359.0, -202.0, 315.0, 486.0, -1421.0, -61.0, -628.0, -1192.0, -1689.0, 1
913.0, -1674.0, -1562.0, -1032.0, 482.0, -344.0, -1861.0, 833.0, -895.0, 267.0, -526.0, -1147.0, 256.0, -206.0, -962.0, 1078.0, -1984.0, -1893.0, -62.0, -437.0, 1
395.0, 117.0, 541.0, -481.0, 2618.0, 953.0, -539.0, 593.0, 93.0, 2049.0, 1111.0, 1076.0, -1344.0, 753.0, -743.0, 1006.0, 1274.0, 1424.0, 529.0, 1344.0, 0
-722.0, -1723.0, -1978.0, -916.0, 1296.0, -397.0, 44.0, -93.0, 1557.0, -2372.0, 781.0, -2515.0, -1047.0, 115.0, -1104.0, 325.0, -1888.0, -1458.0, -1978.0, -29.0, 1
278.0, -1694.0, -441.0, 1573.0, -1198.0, -849.0, 215.0, -1842.0, 1338.0, -1441.0, -847.0, 339.0, 814.0, 325.0, -595.0, 174.0, -1733.0, -101.0, -1574.0, 931.0, 1
-1585.0, -237.0, -309.0, -214.0, -1205.0, 1668.0, -35.0, 146.0, -682.0, -722.0, -488.0, -1296.0, 338.0, -1548.0, -1393.0, 6.0, -884.0, 737.0, 1487.0, -311.0, 1
-52.0, 3.0, 1114.0, 832.0, -28.0, 656.0, -1168.0, 108.0, -655.0, 713.0, 1476.0, -624.0, 195.0, 1177.0, 1608.0, 487.0, 194.0, 894.0, -359.0, 1648.0, 0
591.0, 1096.0, 1512.0, 234.0, 36.0, 236.0, 1374.0, -588.0, 336.0, -219.0, -141.0, 891.0, 1045.0, 1079.0, -344.0, -62.0, 585.0, 153.0, -168.0, -1282.0, 0
1328.0, -164.0, 353.0, 488.0, -577.0, 1503.0, 3.0, 831.0, -1661.0, 518.0, 267.0, 307.0, 1982.0, -26.0, 2254.0, 668.0, -1104.0, -1799.0, 208.0, 1605.0, 0
438.0, -3583.0, -904.0, 799.0, -1233.0, -489.0, 29.0, 146.0, -533.0, -1184.0, -542.0, 1337.0, -77.0, -458.0, -1288.0, -2066.0, -1549.0, -83.0, 1323.0, 556.0, 1
-1271.0, -221.0, 1098.0, 1493.0, -827.0, 18.0, 596.0, 63.0, 144.0, 23.0, -122.0, -1561.0, -113.0, -1006.0, 655.0, -45.0, -1125.0, -1096.0, 949.0, -983.0, 1
-1249.0, -312.0, 746.0, 368.0, -69.0, -767.0, -71.0, -1675.0, -1402.0, -644.0, 597.0, 53.0, -1678.0, 645.0, -1707.0, -204.0, -1164.0, 101.0, -2058.0, 763.0, 1
-1359.0, -1536.0, 493.0, -641.0, -53.0, -119.0, 548.0, -807.0, 79.0, 75.0, -102.0, -863.0, -854.0, -1774.0, 585.0, -804.0, 35.0, 885.0, -1467.0, -848.0, 1
-763.0, -18.0, -1022.0, -1313.0, -227.0, -598.0, 55.0, 99.0, -533.0, -435.0, -84.0, -783.0, -1394.0, -1338.0, -1134.0, -1026.0, -363.0, -376.0, -121.0, -454.0, 1
175.0, 208.0, 37.0, 728.0, 1452.0, 769.0, 757.0, -24.0, 1615.0, 1304.0, -153.0, 63.0, 994.0, 2101.0, 861.0, -577.0, -1192.0, 317.0, 1074.0, 168.0, 0
-103.0, -96.0, -617.0, -96.0, -641.0, -225.0, -1285.0, 643.0, 62.0, -173.0, 114.0, 242.0, 14.0, -1834.0, -794.0, 226.0, 636.0, -1803.0, 1259.0, -1347.0, 1
582.0, 907.0, 848.0, 27.0, -1183.0, -94.0, -1632.0, -622.0, -1791.0, -2264.0, 84.0, -21.0, 385.0, -1218.0, 718.0, -1444.0, -132.0, -33.0, -3215.0, -638.0, 1
2337.0, -608.0, 2408.0, 718.0, 494.0, -146.0, 907.0, -984.0, -1763.0, -929.0, -294.0, 1113.0, 479.0, 606.0, -527.0, -571.0, -1156.0, -1021.0, 14.0, 53.0, 1
-225.0, 335.0, 1472.0, -2154.0, 1279.0, -1494.0, -108.0, -31.0, -1227.0, -147.0, 148.0, -89.0, -979.0, -2.0, -217.0, 849.0, -1751.0, 221.0, 1246.0, -2023.0, 1
2892.0, -1159.0, 306.0, 3184.0, 368.0, 118.0, -51.0, 803.0, -18.0, -106.0, 1972.0, 1906.0, 215.0, -1218.0, 1402.0, -443.0, 293.0, 1369.0, 1871.0, 2383.0, 0
-742.0, 1502.0, -688.0, 662.0, 261.0, -29.0, -744.0, -24.0, -116.0, -757.0, 298.0, 437.0, 38.0, 85.0, 72.0, -768.0, -754.0, 932.0, 35.0, 1235.0, 0
1131.0, 14.0, 2276.0, 611.0, 9.0, 908.0, -1134.0, 1762.0, -1008.0, 619.0, 1561.0, 1395.0, -697.0, -475.0, 68.0, -1337.0, 1029.0, 1443.0, 948.0, 738.0, 0
67.0, -892.0, -1838.0, -1413.0, 194.0, -3013.0, 274.0, 239.0, -221.0, 362.0, -293.0, -386.0, -1078.0, -61.0, -651.0, -2057.0, -426.0, -1618.0, -1248.0, 455.0, 1
163.0, -26.0, -1092.0, -418.0, -1635.0, -252.0, 1142.0, -2097.0, -872.0, 443.0, 517.0, -1402.0, -6.0, 1061.0, -2626.0, -1574.0, -871.0, -82.0, 641.0, -2016.0, 1
-38.0, 689.0, 369.0, 2036.0, 548.0, -1341.0, -25.0, -1484.0, -1647.0, 118.0, -1025.0, 208.0, -5.0, -1253.0, -24.0, -125.0, 345.0, -1092.0, -804.0, -1783.0, 1
-2097.0, -32.0, 1105.0, -593.0, -324.0, -564.0, -1624.0, -158.0, -991.0, 201.0, -161.0, -322.0, 39.0, -34.0, -1633.0, -493.0, -1432.0, 1.0, 119.0, -718.0, 1
954.0, 112.0, 1027.0, -895.0, 162.0, -1994.0, 967.0, 416.0, 2128.0, 368.0, 139.0, -482.0, -353.0, 1331.0, -769.0, -103.0, -3372.0, 82.0, -467.0, 1597.0, 1
-524.0, 947.0, -1442.0, -48.0, -1229.0, -58.0, -1057.0, 505.0, 178.0, -1487.0, -15.0, 164.0, 158.0, -2377.0, -268.0, -603.0, 473.0, 455.0, -202.0, 318.0, 1
847.0, 1364.0, 1333.0, 39.0, 497.0, 321.0, -327.0, 92.0, 39.0, 1088.0, -85.0, 2262.0, 2232.0, 1492.0, 781.0, -17.0, 2071.0, -674.0, -206.0, -477.0, 0
528.0, 223.0, -932.0, -1715.0, 2013.0, -456.0, 977.0, -493.0, -9.0, 152.0, -81.0, 1738.0, -327.0, 227.0, 2.0, 132.0, -1654.0, 738.0, -64.0, 435.0, 1
1674.0, 1136.0, 1077.0, 167.0, -2199.0, 2523.0, 145.0, 1132.0, 516.0, -471.0, 2064.0, 192.0, 371.0, 1407.0, 522.0, 1108.0, 1251.0, 314.0, 105.0, 198.0, 0
8.0, -174.0, -488.0, 796.0, -1135.0, -947.0, -948.0, -601.0, 228.0, -2007.0, -855.0, -445.0, -2943.0, -516.0, 393.0, 136.0, 651.0, -998.0, 1064.0, 1911.0, 1
135.0, 47.0, 463.0, 1932.0, -42.0, 367.0, -21.0, -1176.0, 203.0, 1086.0, 857.0, 1052.0, -424.0, 1988.0, 2851.0, 1895.0, -1016.0, 1032.0, 585.0, 1313.0, 0
-1042.0, -962.0, -916.0, -1234.0, 273.0, -1459.0, -946.0, 165.0, 434.0, -206.0, -2086.0, -1506.0, 1896.0, 58.0, -1765.0, -135.0, -975.0, -1183.0, -762.0, -605.0, 1
-196.0, -2174.0, -1055.0, -2037.0, 735.0, -512.0, -726.0, -286.0, -807.0, -1817.0, 679.0, 34.0, -664.0, -1786.0, -2386.0, -142.0, -52.0, 33.0, 702.0, 2044.0, 1
-51.0, -1847.0, 78.0, -1541.0, -1127.0, 169.0, -6.0, -1162.0, -18.0, -1619.0, 33.0, 1242.0, 177.0, -1141.0, -448.0, -1373.0, 119.0, -303.0, -318.0, -1494.0, 1
-1189.0, -2692.0, -1097.0, -18.0, -123.0, 1283.0, -1237.0, 123.0, -121.0, -371.0, -46.0, 713.0, 126.0, -1304.0, 1548.0, -1434.0, -798.0, -1136.0, -1037.0, -2043.0, 1
1156.0, 106.0, 2265.0, 215.0, 2324.0, -62.0, 166.0, 188.0, 255.0, 178.0, -124.0, 669.0, 1131.0, 2307.0, 859.0, -2.0, 584.0, 976.0, 386.0, 796.0, 0
491.0, 1818.0, 498.0, 14.0, 251.0, 1074.0, 183.0, 1033.0, -791.0, -1857.0, -1122.0, 2469.0, 714.0, 935.0, 205.0, 818.0, 2353.0, 1024.0, 214.0, -447.0, 0
546.0, -221.0, -302.0, 368.0, 136.0, -142.0, -654.0, 436.0, 1917.0, 29.0, 126.0, 908.0, -868.0, 634.0, 2181.0, 902.0, 822.0, 1864.0, 809.0, 251.0, 0
101.0, 2343.0, -333.0, 989.0, 2241.0, -182.0, 3089.0, 559.0, 354.0, 2237.0, 846.0, -555.0, 13.0, 94.0, -1322.0, 713.0, 223.0, -1119.0, -605.0, 1043.0, 0
1072.0, -172.0, -1346.0, 362.0, 2508.0, 958.0, -865.0, 132.0, 58.0, -1075.0, 756.0, -908.0, 988.0, 566.0, 604.0, 1418.0, -376.0, 1732.0, 19.0, 157.0, 0
954.0, -1363.0, 2566.0, -591.0, -376.0, -2138.0, -343.0, -1138.0, 265.0, 135.0, -319.0, -2682.0, 1035.0, 1008.0, -71.0, 1053.0, 1974.0, 166.0, -61.0, -77.0, 0
-1294.0, -501.0, -301.0, 1685.0, 146.0, 524.0, 566.0, 1279.0, 371.0, 505.0, -292.0, 744.0, -271.0, 877.0, 1705.0, 2325.0, 2087.0, -266.0, 136.0, -2312.0, 0
194.0, 1281.0, 1903.0, 2076.0, -961.0, 459.0, 128.0, 1073.0, -968.0, 116.0, 1407.0, 1126.0, -1239.0, 67.0, -1768.0, -528.0, 1636.0, 526.0, 396.0, -876.0, 0
-186.0, -2456.0, -187.0, 84.0, -238.0, -687.0, 24.0, 85.0, -723.0, 387.0, -1417.0, 1515.0, -1056.0, 42.0, -443.0, -628.0, 1622.0, -455.0, 498.0, -2364.0, 1
955.0, -1132.0, 1347.0, 366.0, -44.0, -1285.0, 111.0, 1013.0, 296.0, -1666.0, 72.0, -1966.0, 138.0, -2043.0, -1326.0, 1098.0, -109.0, -1828.0, 1392.0, -416.0, 1
-348.0, 1518.0, 1401.0, 338.0, -318.0, 7.0, 744.0, 371.0, 2174.0, 34.0, 722.0, -128.0, 668.0, 1886.0, 1307.0, -36.0, 333.0, 109.0, 672.0, 629.0, 0
2837.0, -529.0, 174.0, -388.0, 618.0, 364.0, -261.0, 317.0, -1345.0, -986.0, 86.0, -208.0, -708.0, 836.0, 442.0, 1493.0, 414.0, 1779.0, 902.0, 6.0, 0
1414.0, 241.0, 1125.0, -1343.0, 239.0, 858.0, -265.0, 1223.0, 1932.0, 228.0, 1118.0, -566.0, 741.0, 1741.0, 102.0, 1243.0, 954.0, 7.0, 34.0, 752.0, 0
-1021.0, 654.0, 1188.0, -189.0, 408.0, -1053.0, -471.0, -1012.0, -791.0, 91.0, -781.0, -418.0, -824.0, -1643.0, -399.0, -1982.0, -449.0, -752.0, -274.0, -216.0, 1
-0.0, 934.0, 984.0, -139.0, -989.0, 458.0, -687.0, -1766.0, -147.0, -1698.0, -1074.0, 537.0, 529.0, -999.0, -417.0, 1416.0, -723.0, -326.0, 1384.0, -1706.0, 1
1748.0, -764.0, 102.0, -233.0, -252.0, 66.0, -566.0, -813.0, 133.0, -916.0, 814.0, -1161.0, 184.0, -131.0, -1794.0, -2116.0, -2795.0, -808.0, 1423.0, -206.0, 1
7.0, 56.0, -565.0, 13.0, -2002.0, 767.0, 336.0, -253.0, 1692.0, 322.0, 175.0, -32.0, -847.0, -141.0, -99.0, -504.0, -1209.0, -2157.0, 1401.0, -321.0, 1
504.0, -716.0, 598.0, 802.0, 269.0, 1391.0, -629.0, -445.0, -89.0, 1025.0, 2015.0, 891.0, -84.0, -2332.0, -979.0, -279.0, 1343.0, 1118.0, 1289.0, -1152.0, 0
-842.0, 22.0, 358.0, 841.0, 2313.0, -258.0, -65.0, 763.0, -161.0, 61.0, -556.0, 1381.0, 1018.0, 1054.0, -2159.0, 246.0, 1706.0, 62.0, 1301.0, 283.0, 0
-1358.0, 752.0, 69.0, -444.0, -2941.0, 191.0, -1543.0, -1042.0, -1274.0, -1242.0, -504.0, -329.0, 1063.0, -632.0, -614.0, -59.0, -68.0, -1531.0, 894.0, -195.0, 1
1612.0, 471.0, -1329.0, 81.0, 1028.0, -1624.0, 1729.0, 1313.0, 1605.0, 844.0, 25.0, 944.0, 823.0, 685.0, 2487.0, 1319.0, 629.0, 1562.0, 122.0, -37.0, 0
733.0, -1272.0, 1316.0, -1093.0, -281.0, -17.0, 129.0, 1282.0, -13.0, 308.0, 2377.0, 105.0, 709.0, 171.0, -455.0, 551.0, 784.0, 609.0, 1348.0, -568.0, 0
-1798.0, 1662.0, 533.0, -2127.0, 32.0, -455.0, -1029.0, -746.0, -328.0, -841.0, -1496.0, -2064.0, -473.0, -699.0, 589.0, -449.0, -1869.0, -1353.0, 186.0, -762.0, 1
673.0, 795.0, 1433.0, 1374.0, -205.0, -181.0, 365.0, 1511.0, 166.0, 2.0, 3192.0, 2169.0, -644.0, -231.0, 2477.0, 23.0, 27.0, 613.0, 1162.0, -824.0, 0
1267.0, 318.0, 1724.0, -121.0, 383.0, -325.0, -1587.0, 4.0, -201.0, -817.0, 377.0, 833.0, -16.0, 1715.0, -1499.0, 129.0, 1201.0, -1216.0, -481.0, -144.0, 0
1653.0, 252.0, 1914.0, 623.0, 446.0, -516.0, -985.0, -212.0, 566.0, 261.0, -603.0, 1491.0, -203.0, -546.0, -43.0, 623.0, 1485.0, 42.0, -648.0, 1627.0, 0
-838.0, 154.0, -52.0, 314.0, 2445.0, 574.0, 1428.0, -251.0, -42.0, 1841.0, 946.0, 666.0, -133.0, -238.0, 159.0, -46.0, -881.0, -22.0, -428.0, 1597.0, 0
115.0, 181.0, 1322.0, 975.0, 995.0, -675.0, 1001.0, -207.0, -112.0, -78.0, -1981.0, -1557.0, 591.0, -38.0, 883.0, 1108.0, 665.0, -671.0, 658.0, 469.0, 0
-1165.0, -1574.0, -136.0, -1177.0, -449.0, -1854.0, -914.0, 928.0, 189.0, -1519.0, -1094.0, -11.0, 2277.0, -1222.0, -1765.0, 551.0, 566.0, -1188.0, -1016.0, -372.0, 1
-1373.0, 566.0, 2501.0, 299.0, -1286.0, -935.0, 33.0, 1304.0, 727.0, 1452.0, -383.0, 1565.0, 2137.0, -349.0, -711.0, 2523.0, -776.0, 73.0, 178.0, 841.0, 0
-1982.0, -2612.0, 335.0, -1703.0, -1234.0, -211.0, 1052.0, 457.0, -457.0, 933.0, -634.0, 309.0, -762.0, -212.0, -384.0, 166.0, 63.0, -642.0, -1433.0, 465.0, 1
-745.0, 816.0, -115.0, 1073.0, 1154.0, 1335.0, -162.0, 995.0, 602.0, 748.0, -95.0, -884.0, 1264.0, 2646.0, 1309.0, 43.0, 123.0, 1043.0, 1007.0, -361.0, 0
189.0, 344.0, -6.0, 602.0, 1976.0, -62.0, -58.0, 1004.0, -185.0, -1103.0, 569.0, 1571.0, 17.0, 2219.0, 195.0, -326.0, -1085.0, 2192.0, 45.0, 2692.0, 0
-1588.0, 343.0, -1133.0, -1016.0, 892.0, -923.0, 97.0, -359.0, -1473.0, 716.0, 109.0, -73.0, -2072.0, -1601.0, 1154.0, -374.0, 1023.0, -2364.0, 254.0, -687.0, 1
919.0, 731.0, 559.0, -1165.0, -2914.0, -1166.0, -1342.0, -616.0, 543.0, -2239.0, -1063.0, 53.0, -487.0, 176.0, -959.0, -698.0, -1053.0, -14.0, -2776.0, -541.0, 1
1224.0, -1519.0, 103.0, 557.0, 1702.0, 1112.0, 838.0, -561.0, -892.0, -25.0, -1077.0, 1462.0, 1513.0, 1808.0, 1049.0, 244.0, 1304.0, 466.0, -152.0, -1182.0, 0
-129.0, -761.0, -1338.0, -872.0, -563.0, -2806.0, 346.0, 473.0, -1279.0, 53.0, -595.0, -522.0, -1128.0, -26.0, 1301.0, 805.0, 43.0, -1385.0, -655.0, 192.0, 1
-487.0, -573.0, -2693.0, -1612.0, -666.0, -2001.0, 64.0, 63.0, 447.0, -1624.0, 115.0, 1081.0, -3008.0, 17.0, -385.0, -22.0, -1.0, -159.0, -32.0, -1183.0, 1
1515.0, 927.0, 1387.0, -921.0, 944.0, 329.0, -104.0, 196.0, 224.0, -8.0, 1853.0, 588.0, -194.0, -596.0, 644.0, 1032.0, 1932.0, -16.0, -97.0, 1498.0, 0
-487.0, -1127.0, 8.0, 67.0, 117.0, 91.0, -2248.0, 3.0, -622.0, -145.0, -1448.0, 539.0, 684.0, -108.0, 256.0, -646.0, -2756.0, -258.0, -7.0, -154.0, 1
-92.0, -387.0, 692.0, 1266.0, -422.0, 1903.0, 1372.0, 1004.0, -11.0, -812.0, -331.0, 1077.0, 412.0, 359.0, 954.0, 524.0, -468.0, -353.0, 1451.0, 1594.0, 0
-0.0, -2341.0, 93.0, -625.0, -125.0, 36.0, -621.0, -715.0, 82.0, -157.0, -1247.0, 105.0, -305.0, 1044.0, 412.0, 1071.0, -1327.0, -12.0, -482.0, 754.0, 1
-178.0, -998.0, -969.0, -106.0, 1836.0, -1377.0, -1562.0, 847.0, 418.0, 1049.0, -98.0, -394.0, -1265.0, 1272.0, 17.0, -1562.0, -49.0, -596.0, 2154.0, -882.0, 1
-189.0, 707.0, 492.0, 918.0, -409.0, 976.0, 213.0, -145.0, -164.0, 282.0, 1634.0, 647.0, 97.0, -1762.0, -366.0, 425.0, 131.0, -1205.0, 44.0, -679.0, 0
989.0, -759.0, -1511.0, 677.0, -2456.0, -599.0, -1244.0, -45.0, -122.0, -1417.0, -142.0, -226.0, -324.0, 778.0, -1525.0, 275.0, -2837.0, 116.0, 13.0, -274.0, 1
689.0, -1702.0, 129.0, -2841.0, 3.0, -1676.0, 699.0, -3.0, -219.0, -794.0, -2412.0, -1209.0, -286.0, -34.0, -187.0, -715.0, -1805.0, -1705.0, 26.0, -607.0, 1
714.0, -92.0, 28.0, -1072.0, -2483.0, 227.0, 328.0, -745.0, -892.0, -243.0, -904.0, -891.0, -162.0, -191.0, -952.0, -291.0, -165.0, 1137.0, -11.0, -122.0, 1
1794.0, 1125.0, 1945.0, 93.0, 1311.0, -18.0, 1873.0, 589.0, 99.0, 1262.0, -828.0, 362.0, -1348.0, 1063.0, 1018.0, 715.0, 126.0, -163.0, 1032.0, -598.0, 0
12.0, 38.0, 1136.0, 467.0, -729.0, 11.0, -1274.0, 662.0, -266.0, -27.0, 377.0, 1087.0, 157.0, -125.0, 1108.0, -332.0, 13.0, 1094.0, 852.0, 78.0, 0
166.0, -852.0, 448.0, -299.0, 484.0, -941.0, 701.0, 1553.0, -518.0, 306.0, 496.0, 19.0, 2191.0, 403.0, -819.0, -1123.0, 2284.0, -719.0, 1454.0, 2068.0, 0
-1146.0, 385.0, -155.0, 128.0, 312.0, -605.0, 43.0, 1534.0, -325.0, -11.0, 2224.0, -891.0, -501.0, 116.0, 68.0, 243.0, -638.0, 1405.0, -44.0, 147.0, 0
2189.0, -804.0, -133.0, -2896.0, 379.0, -188.0, -167.0, -1483.0, -704.0, 55.0, 164.0, -916.0, -277.0, 259.0, -756.0, 53.0, -118.0, 1398.0, 497.0, -535.0, 1
-79.0, 186.0, -918.0, 2341.0, -726.0, -496.0, -696.0, 556.0, -1.0, 33.0, -455.0, -503.0, -1396.0, -2057.0, -757.0, -332.0, -545.0, 1469.0, -2004.0, -1114.0, 1
-894.0, 649.0, 1344.0, 1424.0, 918.0, 2028.0, -63.0, 589.0, 207.0, 481.0, 542.0, 152.0, -337.0, 1515.0, 143.0, -2657.0, -606.0, -662.0, 703.0, 618.0, 0
-1134.0, 53.0, 373.0, -126.0, 299.0, -235.0, -1434.0, -1765.0, -434.0, -484.0, 58.0, -1124.0, 1449.0, -371.0, -922.0, -503.0, -3334.0, -876.0, 411.0, 286.0, 1
-2863.0, -323.0, -891.0, -3013.0, -1618.0, -2529.0, 451.0, -12.0, 124.0, 1755.0, 42.0, 1179.0, -1369.0, -2349.0, -94.0, 112.0, -1194.0, 166.0, 1592.0, -234.0, 1
-584.0, 1522.0, 805.0, 1925.0, 1456.0, 1504.0, 419.0, 859.0, 413.0, 321.0, 1306.0, -1065.0, 1211.0, -294.0, 743.0, 1417.0, -316.0, 1109.0, 1353.0, -25.0, 0
-134.0, -1325.0, 972.0, 246.0, 1827.0, 254.0, 707.0, 1286.0, 453.0, 1393.0, 353.0, 1401.0, 102.0, 1225.0, -787.0, 889.0, 742.0, 882.0, 499.0, -28.0, 0
584.0, 782.0, 322.0, -1422.0, -508.0, 114.0, -1009.0, -1318.0, 542.0, 437.0, -1124.0, 68.0, -322.0, 26.0, 823.0, -749.0, -617.0, 1436.0, -269.0, -352.0, 0
-171.0, -439.0, -894.0, -2244.0, 335.0, -486.0, 425.0, -858.0, -1892.0, -909.0, -1167.0, -1634.0, -1147.0, 889.0, -111.0, -2388.0, -25.0, -898.0, -164.0, 3.0, 1
-1042.0, -624.0, -822.0, 481.0, 96.0, -1327.0, -508.0, -1832.0, -1188.0, -1317.0, -802.0, -358.0, -499.0, -422.0, -1184.0, -698.0, 698.0, -1416.0, -5.0, -1858.0, 1
404.0, 442.0, 1459.0, 173.0, 214.0, 83.0, 13.0, -68.0, 972.0, 776.0, 705.0, 748.0, 753.0, 698.0, 137.0, -737.0, -727.0, 1321.0, -469.0, 771.0, 0
179.0, -1885.0, -798.0, 52.0, 843.0, 1096.0, -289.0, 1029.0, 147.0, -762.0, 1428.0, 1008.0, 738.0, -471.0, 1418.0, 51.0, -1382.0, 1588.0, 66.0, 2018.0, 0
-1029.0, -14.0, -387.0, -1768.0, -1186.0, -304.0, 1348.0, 305.0, -561.0, -1328.0, 627.0, 1072.0, -1481.0, -1076.0, -1804.0, -1045.0, -868.0, -153.0, 1288.0, 406.0, 1
234.0, 77.0, -191.0, -183.0, -118.0, -313.0, -1991.0, 867.0, -1492.0, -1483.0, 46.0, -399.0, 625.0, -331.0, -2048.0, 33.0, 404.0, -1181.0, 151.0, -1249.0, 1
1353.0, 1256.0, -978.0, 1182.0, 226.0, 115.0, 782.0, 1589.0, -1484.0, 117.0, 367.0, 136.0, 542.0, -209.0, -346.0, 922.0, 1091.0, 865.0, 56.0, -682.0, 0
1413.0, 944.0, 828.0, -2.0, 2074.0, 1358.0, -88.0, 577.0, -1136.0, -637.0, -35.0, 39.0, -1449.0, 604.0, -1617.0, -117.0, 724.0, -57.0, -876.0, 37.0, 1
705.0, 1585.0, -677.0, -938.0, 596.0, 196.0, 312.0, 337.0, -434.0, -1088.0, -1588.0, -996.0, 108.0, 816.0, 212.0, 91.0, 228.0, -472.0, -516.0, 289.0, 1
-1572.0, -2.0, -411.0, 978.0, 1174.0, 996.0, 54.0, 964.0, 195.0, 349.0, -538.0, -713.0, -1164.0, 45.0, -728.0, -71.0, -654.0, -1638.0, -1444.0, -1228.0, 1
408.0, -364.0, 12.0, 164.0, 1374.0, -859.0, 2249.0, -876.0, -397.0, 299.0, -1486.0, -313.0, -1965.0, -785.0, 55.0, -451.0, 437.0, -1187.0, -1959.0, 114.0, 1
1908.0, -154.0, -1507.0, -1111.0, 306.0, 1118.0, -1.0, 433.0, -1767.0, 506.0, -745.0, 138.0, -1288.0, -21.0, 114.0, 8.0, 622.0, -87.0, -286.0, -419.0, 1
-1386.0, 267.0, -1796.0, -1358.0, 619.0, 819.0, -2447.0, 189.0, -894.0, -704.0, -1166.0, 44.0, 634.0, 157.0, 195.0, -317.0, 88.0, 176.0, 1595.0, 768.0, 1
-46.0, 295.0, 86.0, -813.0, 691.0, 443.0, 349.0, 1124.0, 494.0, 666.0, -677.0, 574.0, 96.0, 1687.0, 14.0, -142.0, 615.0, 22.0, -738.0, -177.0, 0
383.0, -1179.0, -1333.0, 118.0, -288.0, -408.0, -1706.0, -2555.0, -1309.0, 118.0, -1687.0, -839.0, 941.0, 701.0, 1321.0, -668.0, -1312.0, 759.0, -54.0, 98.0, 1
-209.0, 135.0, 537.0, 1568.0, -14.0, 528.0, 809.0, -1033.0, 55.0, 784.0, -4.0, 808.0, 572.0, 1017.0, 1398.0, 1521.0, 1227.0, -635.0, 376.0, -243.0, 0
66.0, 438.0, -244.0, 2201.0, -8.0, -238.0, 1003.0, 48.0, 755.0, -1068.0, -243.0, 2457.0, -187.0, 217.0, -1111.0, 2195.0, 282.0, 15.0, -53.0, 1337.0, 0
-736.0, 464.0, 1125.0, 1303.0, 141.0, 132.0, 639.0, 1408.0, 2243.0, -508.0, 2112.0, 569.0, -533.0, -211.0, 652.0, 86.0, 519.0, 388.0, 1049.0, 168.0, 0
-1101.0, 2.0, -175.0, 275.0, -497.0, 1804.0, 1319.0, -289.0, 5.0, -1674.0, -227.0, 38.0, -1512.0, 1.0, -672.0, 1521.0, -194.0, 162.0, -523.0, -117.0, 1
59.0, -1099.0, 162.0, 1358.0, 2371.0, -443.0, 1221.0, -482.0, 347.0, 2049.0, 794.0, 237.0, 466.0, 1069.0, 1153.0, 2227.0, 1848.0, 214.0, 818.0, 2528.0, 0
1139.0, 1473.0, -1879.0, 727.0, 139.0, -1067.0, -989.0, -1305.0, -692.0, -162.0, 625.0, -1456.0, -1338.0, 129.0, -49.0, 1721.0, -1382.0, -688.0, 1385.0, -384.0, 1
-456.0, 842.0, 5.0, 1521.0, 1374.0, -62.0, -446.0, 485.0, -1587.0, 972.0, -1213.0, -36.0, 383.0, 1188.0, 1007.0, 256.0, -677.0, 45.0, 2489.0, 102.0, 0
-2361.0, -564.0, 763.0, -394.0, -1539.0, 321.0, -378.0, -1731.0, 835.0, -548.0, 353.0, -7.0, 927.0, 349.0, -46.0, 1087.0, -2402.0, -453.0, -1311.0, -231.0, 1
-865.0, -226.0, -1814.0, -2841.0, -1053.0, -36.0, 188.0, -924.0, -784.0, -1018.0, -6.0, -89.0, 441.0, -682.0, -1063.0, -625.0, -216.0, -201.0, 1915.0, -1628.0, 1
675.0, 1296.0, -17.0, -361.0, 2129.0, 1113.0, 901.0, -81.0, 821.0, -852.0, 841.0, 1527.0, 654.0, 459.0, 1456.0, -659.0, 196.0, 927.0, 635.0, 746.0, 0
112.0, 1059.0, -1085.0, -5.0, 1708.0, -426.0, -655.0, 1678.0, 1796.0, -715.0, 544.0, 119.0, 1396.0, 45.0, 849.0, 1789.0, 684.0, 518.0, -2215.0, -14.0, 0
-98.0, -3.0, -1405.0, 1232.0, -162.0, -363.0, 1229.0, -15.0, -1652.0, -1078.0, -2385.0, -1469.0, -726.0, -621.0, 609.0, 564.0, 1026.0, 134.0, -344.0, -106.0, 1
-966.0, -1444.0, 44.0, -154.0, 1.0, -749.0, 805.0, -732.0, 506.0, 928.0, -12.0, -2091.0, 1141.0, -49.0, -25.0, -447.0, -243.0, -2373.0, -42.0, -39.0, 1
-912.0, -1835.0, -272.0, 458.0, -2214.0, -618.0, -104.0, -2045.0, -2309.0, 244.0, -1266.0, -592.0, -678.0, -404.0, -272.0, -56.0, 587.0, -1812.0, -842.0, -955.0, 1
148.0, 314.0, 138.0, -1716.0, 1522.0, 1067.0, 618.0, -551.0, -152.0, -72.0, 713.0, 579.0, -1487.0, -1084.0, 1118.0, 2027.0, 892.0, 54.0, 1457.0, 762.0, 0
-72.0, 806.0, 436.0, 74.0, 1418.0, 56.0, 81.0, -1358.0, -1967.0, 1624.0, 2951.0, 99.0, 115.0, 2804.0, -457.0, -1.0, -61.0, 565.0, 193.0, 816.0, 0
-716.0, -495.0, 249.0, -1873.0, 1668.0, -339.0, 588.0, 1108.0, 179.0, 279.0, 824.0, 8.0, -152.0, 22.0, 683.0, -1132.0, -226.0, 1883.0, 89.0, 2502.0, 0
388.0, 1553.0, 1803.0, 1192.0, 2351.0, 114.0, 1377.0, -1.0, 142.0, -732.0, 543.0, 802.0, 1208.0, 1972.0, -6.0, -668.0, -772.0, -1592.0, 313.0, 467.0, 0
-2213.0, 198.0, 1011.0, 116.0, -287.0, -55.0, -738.0, -573.0, 984.0, -662.0, -1454.0, 1012.0, -1135.0, -1265.0, 712.0, 1111.0, -1146.0, -767.0, -1567.0, 1784.0, 1
931.0, 124.0, 1682.0, -1.0, -65.0, 616.0, 1157.0, -613.0, 1751.0, 1572.0, 1075.0, 1684.0, 1226.0, 415.0, -812.0, -252.0, 339.0, 1416.0, -345.0, 106.0, 0
