@relation segment
@attribute Region-centroid-col real [1.0, 254.0]
@attribute Region-centroid-row real [11.0, 251.0]
@attribute Region-pixel-count real [9.0, 10.0]
@attribute Short-line-density-5 real [0.0, 0.33333334]
@attribute Short-line-density-2 real [0.0, 0.22222222]
@attribute Vedge-mean real [0.0, 29.222221]
@attribute Vegde-sd real [0.0, 991.7184]
@attribute Hedge-mean real [0.0, 44.722225]
@attribute Hedge-sd real [-1.5894573E-8, 1386.3292]
@attribute Intensity-mean real [0.0, 143.44444]
@attribute Rawred-mean real [0.0, 137.11111]
@attribute Rawblue-mean real [0.0, 150.88889]
@attribute Rawgreen-mean real [0.0, 142.55556]
@attribute Exred-mean real [-49.666668, 9.888889]
@attribute Exblue-mean real [-12.444445, 82.0]
@attribute Exgreen-mean real [-33.88889, 24.666666]
@attribute Value-mean real [0.0, 150.88889]
@attribute Saturatoin-mean real [0.0, 1.0]
@attribute Hue-mean real [-3.0441751, 2.9124804]
@attribute Class {1, 2, 3, 4, 5, 6, 7}
@inputs Region-centroid-col, Region-centroid-row, Region-pixel-count, Short-line-density-5, Short-line-density-2, Vedge-mean, Vegde-sd, Hedge-mean, Hedge-sd, Intensity-mean, Rawred-mean, Rawblue-mean, Rawgreen-mean, Exred-mean, Exblue-mean, Exgreen-mean, Value-mean, Saturatoin-mean, Hue-mean
@outputs Class
@data
69.0, 85.0, 9.0, 0.11111111, 0.0, 3.1111114, 8.207409, 3.944444, 9.440739, 21.444445, 20.444445, 28.11111, 15.777778, -3.0, 20.0, -17.0, 28.11111, 0.43740398, -1.6598793, 1
6.0, 51.0, 9.0, 0.0, 0.0, 1.6666666, 1.9999989, 1.611111, 2.1074073, 19.592592, 18.777779, 25.666666, 14.333333, -2.4444444, 18.222221, -15.777778, 25.666666, 0.44286063, -1.6812904, 1
203.0, 182.0, 9.0, 0.0, 0.0, 3.722222, 2.576964, 3.6111114, 1.705112, 54.925926, 49.444443, 68.111115, 47.22222, -16.444445, 39.555557, -23.11111, 68.111115, 0.3067216, -1.9803478, 6
243.0, 120.0, 9.0, 0.0, 0.0, 4.4444447, 4.359749, 1.5555547, 1.8338387, 47.851852, 44.77778, 56.333332, 42.444443, -9.222222, 25.444445, -16.222221, 56.333332, 0.2453213, -1.9107349, 4
146.0, 97.0, 9.0, 0.0, 0.0, 10.111111, 4.597905, 0.6111107, 0.5741327, 47.962963, 46.0, 54.333332, 43.555557, -5.888889, 19.11111, -13.222222, 54.333332, 0.19711515, -1.8407352, 4
245.0, 249.0, 9.0, 0.0, 0.0, 2.0, 1.2888895, 1.4999999, 0.61111146, 14.740741, 10.777778, 15.333333, 18.11111, -11.888889, 1.7777778, 10.111111, 18.11111, 0.40621215, 2.7435553, 7
239.0, 122.0, 9.0, 0.0, 0.0, 0.27777776, 0.06296293, 0.33333334, 0.17777774, 5.5555553, 7.0, 6.6666665, 3.0, 4.3333335, 3.3333333, -7.6666665, 7.2222223, 0.5813492, -0.95343477, 1
155.0, 40.0, 9.0, 0.0, 0.0, 1.888889, 2.072751, 0.05555554, 0.13608274, 1.2592592, 1.2222222, 1.5555556, 1.0, -0.11111111, 0.8888889, -0.7777778, 1.5555556, 0.11666667, -1.5707964, 5
160.0, 41.0, 9.0, 0.0, 0.0, 0.8333333, 0.8096638, 0.22222225, 0.17213258, 0.7037037, 0.5555556, 1.2222222, 0.33333334, -0.44444445, 1.5555556, -1.1111112, 1.2222222, 0.537037, -1.8451205, 5
142.0, 140.0, 9.0, 0.0, 0.0, 4.2222223, 1.2938595, 1.5, 0.7226494, 26.444445, 23.444445, 32.333336, 23.555555, -9.0, 17.666666, -8.666667, 32.333336, 0.2850997, -2.1004875, 4
9.0, 94.0, 9.0, 0.0, 0.0, 0.6111107, 0.5518515, 1.0000013, 0.6666645, 113.18519, 106.888885, 127.55556, 105.111115, -18.88889, 43.11111, -24.222221, 127.55556, 0.17678948, -2.015307, 2
96.0, 13.0, 9.0, 0.0, 0.0, 0.8333308, 0.47777966, 0.55555725, 0.20740579, 131.77777, 122.111115, 144.77777, 128.44444, -29.0, 39.0, -10.0, 144.77777, 0.1565683, -2.386251, 2
88.0, 89.0, 9.0, 0.0, 0.0, 0.7777774, 0.38518468, 3.6666667, 4.0444417, 22.333334, 21.666666, 28.444445, 16.88889, -2.0, 18.333334, -16.333334, 28.444445, 0.40368655, -1.6255869, 1
97.0, 130.0, 9.0, 0.0, 0.0, 0.72222215, 0.50740737, 1.0555556, 0.685185, 5.851852, 7.3333335, 6.888889, 3.3333333, 4.4444447, 3.1111112, -7.5555553, 7.6666665, 0.5701058, -0.96304834, 1
4.0, 210.0, 9.0, 0.0, 0.0, 4.7222233, 4.018937, 5.722222, 2.184966, 49.74074, 44.22222, 62.22222, 42.77778, -16.555555, 37.444443, -20.88889, 62.22222, 0.3142778, -2.0144343, 6
98.0, 41.0, 9.0, 0.0, 0.0, 1.7222265, 0.77407277, 1.1111145, 0.87406844, 137.14815, 130.66667, 147.22223, 133.55556, -19.444445, 30.222221, -10.777778, 147.22223, 0.112421244, -2.2685292, 2
23.0, 85.0, 9.0, 0.0, 0.0, 1.4444445, 1.0518525, 1.777778, 0.96296287, 17.962963, 18.88889, 21.88889, 13.111111, 2.7777777, 11.777778, -14.555555, 21.88889, 0.39975148, -1.386867, 1
197.0, 121.0, 9.0, 0.0, 0.0, 21.666666, 17.3628, 0.94444436, 0.9047208, 41.037037, 37.444443, 49.444443, 36.22222, -10.777778, 25.222221, -14.444445, 49.444443, 0.28057775, -1.9955361, 4
14.0, 28.0, 9.0, 0.0, 0.0, 0.55555344, 0.07407452, 1.2222214, 0.4296262, 110.48148, 97.888885, 131.11111, 102.44444, -37.77778, 61.88889, -24.11111, 131.11111, 0.25329855, -2.238865, 2
196.0, 95.0, 9.0, 0.0, 0.0, 1.722222, 1.1238165, 1.3333335, 1.264911, 7.6296296, 6.7777777, 10.777778, 5.3333335, -2.5555556, 9.444445, -6.888889, 10.777778, 0.51256585, -1.7492584, 5
108.0, 123.0, 9.0, 0.0, 0.0, 0.6111112, 0.24074072, 0.66666675, 0.26666668, 6.740741, 8.222222, 8.0, 4.0, 4.4444447, 3.7777777, -8.222222, 8.444445, 0.5244709, -0.9857293, 1
4.0, 96.0, 9.0, 0.0, 0.0, 2.222222, 2.9629638, 1.5555555, 2.2518516, 3.5555556, 0.8888889, 7.7777777, 2.0, -8.0, 12.666667, -4.6666665, 7.7777777, 0.91006523, -2.2444818, 3
140.0, 125.0, 9.0, 0.0, 0.0, 0.66666657, 0.22222227, 2.6666667, 3.7777781, 3.925926, 1.5555556, 7.7777777, 2.4444444, -7.111111, 11.555555, -4.4444447, 7.7777777, 0.85319865, -2.2342408, 3
166.0, 154.0, 9.0, 0.0, 0.0, 0.11111113, 0.029629637, 0.44444445, 0.074074075, 0.7037037, 0.22222222, 1.8888888, 0.0, -1.4444444, 3.5555556, -2.1111112, 1.8888888, 1.0, -2.0175102, 5
182.0, 39.0, 9.0, 0.0, 0.0, 5.5000005, 5.737789, 0.611111, 0.8798151, 9.518518, 7.3333335, 14.333333, 6.888889, -6.5555553, 14.444445, -7.888889, 14.333333, 0.5760211, -2.0362277, 5
236.0, 102.0, 9.0, 0.0, 0.0, 1.0555559, 0.06296285, 1.7777792, 1.229628, 51.703705, 46.22222, 64.333336, 44.555557, -16.444445, 37.88889, -21.444445, 64.333336, 0.30700684, -2.0098543, 4
86.0, 194.0, 9.0, 0.0, 0.0, 1.777778, 1.2740743, 1.8888888, 0.38518524, 16.777779, 13.222222, 16.666668, 20.444445, -10.666667, -0.33333334, 11.0, 20.444445, 0.35213172, 2.5931067, 7
6.0, 174.0, 9.0, 0.0, 0.0, 1.8888888, 1.0074061, 2.8888886, 4.0296297, 19.074074, 15.111111, 17.777779, 24.333334, -11.888889, -3.8888888, 15.777778, 24.333334, 0.38186744, 2.3950183, 7
198.0, 183.0, 9.0, 0.0, 0.0, 1.0555547, 1.1816497, 3.3888881, 1.5974506, 54.037037, 48.88889, 66.55556, 46.666668, -15.444445, 37.555557, -22.11111, 66.55556, 0.2986217, -1.9749589, 6
80.0, 116.0, 9.0, 0.0, 0.0, 1.5, 1.6333328, 1.5555557, 0.87407404, 21.703703, 21.222221, 27.555555, 16.333334, -1.4444444, 17.555555, -16.11111, 27.555555, 0.40736422, -1.6322426, 1
13.0, 191.0, 9.0, 0.0, 0.0, 3.5555556, 5.4074097, 7.777778, 40.02962, 25.296297, 23.555555, 29.88889, 22.444445, -5.2222223, 13.777778, -8.555555, 30.11111, 0.2371126, -1.8582636, 6
238.0, 118.0, 9.0, 0.0, 0.0, 0.33333325, 0.17777774, 0.77777773, 0.07407411, 5.0, 6.2222223, 6.2222223, 2.5555556, 3.6666667, 3.6666667, -7.3333335, 6.6666665, 0.61706346, -1.0471976, 1
22.0, 87.0, 9.0, 0.0, 0.0, 1.8888899, 1.2590423, 1.1666666, 0.62361073, 64.03704, 55.77778, 80.333336, 56.0, -24.777779, 48.88889, -24.11111, 80.333336, 0.30969977, -2.105073, 4
251.0, 173.0, 9.0, 0.11111111, 0.0, 2.1666672, 1.8348475, 2.3888881, 1.2367805, 56.77778, 49.88889, 71.55556, 48.88889, -20.666666, 44.333332, -23.666666, 71.55556, 0.3183665, -2.048199, 6
82.0, 109.0, 9.0, 0.11111111, 0.0, 0.722223, 0.24074084, 1.3333336, 0.8000008, 17.777779, 19.222221, 21.0, 13.111111, 4.3333335, 9.666667, -14.0, 21.0, 0.37602362, -1.2765617, 1
166.0, 36.0, 9.0, 0.0, 0.0, 0.0, 0.0, 0.0, 0.0, 0.0, 0.0, 0.0, 0.0, 0.0, 0.0, 0.0, 0.0, 0.0, 0.0, 5
181.0, 162.0, 9.0, 0.0, 0.0, 2.6666653, 7.155551, 13.388888, 9.662939, 42.185184, 36.444443, 51.333332, 38.77778, -17.222221, 27.444445, -10.222222, 51.333332, 0.28552282, -2.3274822, 6
47.0, 232.0, 9.0, 0.0, 0.0, 1.2777778, 1.254621, 1.0, 0.8944273, 12.703704, 11.0, 9.0, 18.11111, -5.111111, -11.111111, 16.222221, 18.11111, 0.50096595, 1.875362, 7
139.0, 113.0, 9.0, 0.0, 0.0, 0.94444436, 0.9756285, 0.666667, 0.42163637, 29.333334, 24.88889, 37.0, 26.11111, -13.333333, 23.0, -9.666667, 37.0, 0.32738453, -2.1998253, 5
14.0, 146.0, 9.0, 0.11111111, 0.0, 0.888889, 0.4740738, 1.1111112, 0.7407407, 10.592592, 8.0, 15.666667, 8.111112, -7.7777777, 15.222222, -7.4444447, 15.666667, 0.48786426, -2.1089108, 4
6.0, 120.0, 9.0, 0.0, 0.0, 0.33333328, 0.08888888, 0.5, 0.077777766, 1.1481482, 0.22222222, 3.0, 0.22222222, -2.7777777, 5.5555553, -2.7777777, 3.0, 1.0, -2.0572872, 3
23.0, 85.0, 9.0, 0.0, 0.0, 1.4444445, 1.0518525, 1.777778, 0.96296287, 17.962963, 18.88889, 21.88889, 13.111111, 2.7777777, 11.777778, -14.555555, 21.88889, 0.39975148, -1.386867, 1
145.0, 155.0, 9.0, 0.0, 0.11111111, 4.944444, 35.618523, 9.944445, 121.396286, 11.296296, 7.7777777, 17.555555, 8.555555, -10.555555, 18.777779, -8.222222, 17.555555, 0.74729437, -2.1405313, 5
231.0, 30.0, 9.0, 0.0, 0.11111111, 0.72222215, 0.7123252, 2.9999998, 2.7968237, 7.037037, 4.7777777, 11.666667, 4.666667, -6.7777777, 13.888889, -7.111111, 11.666667, 0.6137184, -2.047276, 5
33.0, 142.0, 9.0, 0.0, 0.0, 1.888889, 1.3770607, 0.88888884, 1.4089661, 3.851852, 1.6666666, 7.2222223, 2.6666667, -6.5555553, 10.111111, -3.5555556, 7.2222223, 0.8135803, -2.2806025, 3
14.0, 146.0, 9.0, 0.11111111, 0.0, 0.888889, 0.4740738, 1.1111112, 0.7407407, 10.592592, 8.0, 15.666667, 8.111112, -7.7777777, 15.222222, -7.4444447, 15.666667, 0.48786426, -2.1089108, 4
56.0, 107.0, 9.0, 0.0, 0.11111111, 4.555556, 13.407408, 6.7777786, 23.185177, 7.962963, 4.5555553, 13.0, 6.3333335, -10.222222, 15.111111, -4.888889, 13.0, 0.7305922, -2.2917624, 3
18.0, 204.0, 9.0, 0.0, 0.0, 2.5555553, 1.2049277, 2.7777774, 1.1482679, 57.88889, 51.444443, 72.0, 50.22222, -19.333334, 42.333332, -23.0, 72.0, 0.30252522, -2.0385435, 6
167.0, 189.0, 9.0, 0.0, 0.0, 3.7777774, 2.2377224, 3.7777774, 1.544405, 58.407406, 51.333332, 72.44444, 51.444443, -21.222221, 42.11111, -20.88889, 72.44444, 0.29552308, -2.1013258, 6
222.0, 189.0, 9.0, 0.0, 0.0, 0.833333, 1.0055403, 1.0000006, 1.1925697, 17.296297, 14.555555, 14.111111, 23.222221, -8.222222, -9.555555, 17.777779, 23.222221, 0.41042024, 2.0604427, 7
209.0, 94.0, 9.0, 0.0, 0.0, 1.0000002, 0.7601168, 0.6111111, 0.49065334, 9.111111, 5.888889, 15.222222, 6.2222223, -9.666667, 18.333334, -8.666667, 15.222222, 0.6197129, -2.1293402, 5
174.0, 77.0, 9.0, 0.0, 0.0, 1.0000025, 0.31110775, 1.2777761, 1.3518436, 135.92592, 128.55556, 147.33334, 131.88889, -22.11111, 34.22222, -12.111111, 147.33334, 0.12738518, -2.2771459, 2
112.0, 197.0, 9.0, 0.0, 0.0, 4.2222233, 2.9938211, 4.9444447, 3.1227946, 50.333332, 44.666668, 62.22222, 44.11111, -17.0, 35.666668, -18.666666, 62.22222, 0.29632849, -2.0712209, 6
95.0, 47.0, 9.0, 0.0, 0.0, 0.7222201, 0.3296295, 1.4999987, 0.47777686, 107.111115, 93.22222, 128.77779, 99.333336, -41.666668, 65.0, -23.333334, 128.77779, 0.2759571, -2.2710717, 2
224.0, 242.0, 9.0, 0.0, 0.0, 1.8888888, 0.829629, 2.222222, 3.2740743, 11.740741, 8.666667, 10.777778, 15.777778, -9.222222, -2.8888888, 12.111111, 15.777778, 0.45454717, 2.386597, 7
200.0, 215.0, 9.0, 0.0, 0.0, 1.5555559, 0.95839405, 4.722222, 2.6450515, 23.037037, 17.11111, 22.555555, 29.444445, -17.777779, -1.4444444, 19.222221, 29.444445, 0.42076695, 2.5610487, 7
249.0, 207.0, 9.0, 0.22222222, 0.0, 2.7222226, 0.9289574, 0.888889, 0.27216536, 12.148149, 9.555555, 10.333334, 16.555555, -7.7777777, -5.4444447, 13.222222, 16.555555, 0.43238926, 2.2172632, 7
46.0, 235.0, 9.0, 0.0, 0.0, 1.9444445, 1.8407409, 1.7222223, 3.574073, 10.888889, 7.5555553, 9.333334, 15.777778, -10.0, -4.6666665, 14.666667, 15.777778, 0.5203994, 2.3162425, 7
71.0, 90.0, 9.0, 0.0, 0.0, 2.777778, 2.0740724, 5.111111, 3.2740743, 22.62963, 22.0, 29.11111, 16.777779, -1.8888888, 19.444445, -17.555555, 29.11111, 0.4204864, -1.6223308, 1
125.0, 149.0, 9.0, 0.0, 0.0, 0.0, 0.0, 0.0, 0.0, 0.0, 0.0, 0.0, 0.0, 0.0, 0.0, 0.0, 0.0, 0.0, 0.0, 5
169.0, 104.0, 9.0, 0.0, 0.0, 1.5555555, 1.7722139, 5.611111, 2.2550344, 18.518518, 16.0, 23.333334, 16.222223, -7.5555553, 14.444445, -6.888889, 23.333334, 0.31471258, -2.1139183, 5
2.0, 63.0, 9.0, 0.0, 0.0, 1.2222219, 0.5629627, 1.4999999, 0.7000005, 18.074074, 17.222223, 23.666666, 13.333333, -2.5555556, 16.777779, -14.222222, 23.666666, 0.43502074, -1.6838473, 1
81.0, 145.0, 9.0, 0.0, 0.11111111, 4.5555553, 4.5346413, 7.5, 6.1128287, 13.444445, 9.888889, 20.11111, 10.333334, -10.666667, 20.0, -9.333333, 20.11111, 0.53272784, -2.0623195, 3
236.0, 117.0, 9.0, 0.0, 0.0, 0.7777786, 0.40368706, 1.277778, 0.74286777, 45.88889, 39.555557, 58.444443, 39.666668, -19.0, 37.666668, -18.666666, 58.444443, 0.33047688, -2.0994802, 4
151.0, 163.0, 9.0, 0.0, 0.0, 2.0555556, 2.2851863, 18.166666, 41.988934, 40.0, 34.555557, 48.0, 37.444443, -16.333334, 24.0, -7.6666665, 48.11111, 0.2638465, -2.5174901, 6
170.0, 189.0, 9.0, 0.0, 0.0, 2.277778, 1.3235757, 2.4444447, 1.7847092, 51.11111, 45.77778, 63.333332, 44.22222, -16.0, 36.666668, -20.666666, 63.333332, 0.30134642, -2.0089307, 6
166.0, 65.0, 9.0, 0.0, 0.0, 0.7777774, 0.7851876, 0.7222214, 0.3296294, 97.333336, 82.77778, 121.111115, 88.111115, -43.666668, 71.333336, -27.666666, 121.111115, 0.316474, -2.2391438, 2
192.0, 51.0, 9.0, 0.0, 0.0, 0.72222394, 0.3896827, 0.94444275, 0.77220273, 108.74074, 95.22222, 127.0, 104.0, -40.555557, 54.77778, -14.222222, 127.0, 0.25013667, -2.3834376, 2
42.0, 201.0, 9.0, 0.0, 0.0, 2.1111107, 2.0184336, 4.333332, 4.7234635, 59.333332, 52.555557, 74.0, 51.444443, -20.333334, 44.0, -23.666666, 74.0, 0.3066086, -2.042514, 6
83.0, 81.0, 9.0, 0.0, 0.0, 0.44444337, 0.34426504, 0.7222214, 0.38968188, 59.444443, 51.88889, 74.44444, 52.0, -22.666666, 45.0, -22.333334, 74.44444, 0.30741948, -2.0988503, 4
181.0, 186.0, 9.0, 0.11111111, 0.0, 2.9444454, 2.7114286, 2.0555553, 1.6788442, 48.814816, 44.11111, 60.444443, 41.88889, -14.111111, 34.88889, -20.777779, 60.444443, 0.30702683, -1.9685109, 6
132.0, 223.0, 9.0, 0.0, 0.0, 2.1111112, 0.72008204, 1.7777777, 0.9349196, 16.518518, 13.222222, 13.444445, 22.88889, -9.888889, -9.222222, 19.11111, 22.88889, 0.43312526, 2.1195462, 7
37.0, 76.0, 9.0, 0.0, 0.0, 1.777778, 0.9185186, 1.8333334, 1.8111115, 8.259259, 3.7777777, 13.333333, 7.6666665, -13.444445, 15.222222, -1.7777778, 13.333333, 0.7230108, -2.5202148, 3
236.0, 193.0, 9.0, 0.0, 0.0, 2.6666653, 1.6865476, 4.0555553, 3.2756124, 49.11111, 43.333332, 61.22222, 42.77778, -17.333334, 36.333332, -19.0, 61.22222, 0.30314395, -2.0654206, 6
74.0, 88.0, 9.0, 0.0, 0.0, 0.7222214, 0.32963243, 0.50000125, 0.21111126, 110.59259, 101.55556, 127.55556, 102.666664, -27.11111, 50.88889, -23.777779, 127.55556, 0.2046753, -2.139239, 2
57.0, 89.0, 9.0, 0.11111111, 0.0, 0.5555547, 0.27216887, 1.2777786, 0.77220285, 106.07407, 93.111115, 125.44444, 99.666664, -38.88889, 58.11111, -19.222221, 125.44444, 0.25774616, -2.3062038, 2
93.0, 147.0, 9.0, 0.0, 0.0, 3.0555553, 3.5864975, 3.5555553, 3.2157025, 7.703704, 6.4444447, 9.888889, 6.7777777, -3.7777777, 6.5555553, -2.7777777, 9.888889, 0.3494709, -2.0645137, 3
88.0, 88.0, 9.0, 0.0, 0.0, 0.833333, 0.4777776, 2.888889, 2.3851826, 22.148148, 21.333334, 28.444445, 16.666668, -2.4444444, 18.88889, -16.444445, 28.444445, 0.41330814, -1.6537874, 1
10.0, 137.0, 9.0, 0.0, 0.0, 0.5555555, 0.07407411, 0.2777778, 0.018518511, 0.9259259, 0.11111111, 2.6666667, 0.0, -2.4444444, 5.2222223, -2.7777777, 2.6666667, 1.0, -2.0561552, 5
202.0, 63.0, 9.0, 0.0, 0.0, 0.38888907, 0.3277309, 0.44444466, 0.27216563, 6.0740743, 4.0, 10.555555, 3.6666667, -6.2222223, 13.444445, -7.2222223, 10.555555, 0.65353537, -2.04457, 5
101.0, 42.0, 9.0, 0.0, 0.0, 1.1111145, 0.60740787, 1.1666692, 0.7444422, 137.07408, 130.44444, 147.44444, 133.33334, -19.88889, 31.11111, -11.222222, 147.44444, 0.115302496, -2.26361, 2
215.0, 219.0, 9.0, 0.0, 0.0, 2.5555556, 2.2377238, 3.2222223, 2.491467, 13.222222, 10.333334, 10.222222, 19.11111, -8.666667, -9.0, 17.666666, 19.11111, 0.49459508, 2.0861003, 7
57.0, 89.0, 9.0, 0.0, 0.0, 1.7222222, 1.3066783, 6.1666665, 4.7034264, 17.0, 13.0, 24.555555, 13.444445, -12.0, 22.666666, -10.666667, 24.555555, 0.47748852, -2.1297464, 5
55.0, 128.0, 9.0, 0.0, 0.0, 0.3333334, 0.044444483, 0.38888893, 0.1518518, 5.037037, 6.888889, 5.4444447, 2.7777777, 5.5555553, 1.2222222, -6.7777777, 6.888889, 0.59391534, -0.6886007, 1
226.0, 83.0, 9.0, 0.0, 0.0, 0.8888893, 0.5185186, 1.0555521, 0.50740635, 90.62963, 74.55556, 116.888885, 80.44444, -48.22222, 78.77778, -30.555555, 116.888885, 0.36206177, -2.2390528, 2
196.0, 134.0, 9.0, 0.0, 0.0, 0.5555556, 0.25185186, 0.7777777, 0.2962963, 6.0740743, 7.4444447, 7.111111, 3.6666667, 4.111111, 3.1111112, -7.2222223, 7.7777777, 0.5299824, -0.96631753, 1
133.0, 108.0, 9.0, 0.0, 0.0, 0.777777, 0.74074006, 22.444443, 104.91862, 45.592594, 41.22222, 55.444443, 40.11111, -13.111111, 29.555555, -16.444445, 55.444443, 0.27598566, -2.0155542, 4
104.0, 147.0, 9.0, 0.0, 0.11111111, 3.1111114, 2.1875062, 4.6666665, 2.5991445, 49.77778, 43.77778, 62.444443, 43.11111, -18.0, 38.0, -20.0, 62.444443, 0.30910617, -2.0563772, 4
167.0, 190.0, 9.0, 0.0, 0.0, 3.055556, 0.85418355, 5.055556, 2.784215, 51.074074, 44.88889, 63.22222, 45.11111, -18.555555, 36.444443, -17.88889, 63.22222, 0.29895782, -2.1126902, 6
165.0, 186.0, 9.0, 0.0, 0.0, 2.5555546, 1.5729187, 2.0, 1.173788, 49.51852, 45.11111, 61.11111, 42.333336, -13.222222, 34.77778, -21.555555, 61.11111, 0.3072572, -1.9408131, 6
57.0, 119.0, 9.0, 0.0, 0.0, 2.2777774, 2.0266733, 1.7777777, 1.721326, 20.592592, 12.222222, 33.666668, 15.888889, -25.11111, 39.22222, -14.111111, 33.666668, 0.6356236, -2.2681484, 3
83.0, 54.0, 9.0, 0.0, 0.0, 0.77777606, 0.72008145, 0.6666667, 0.55777204, 109.96296, 97.55556, 127.44444, 104.888885, -37.22222, 52.444443, -15.222222, 127.44444, 0.23450433, -2.3511817, 2
96.0, 94.0, 9.0, 0.0, 0.0, 0.7222226, 0.28518537, 0.44444466, 0.42963016, 20.222221, 16.0, 28.777779, 15.888889, -12.666667, 25.666666, -13.0, 28.777779, 0.45154575, -2.084893, 5
169.0, 117.0, 9.0, 0.0, 0.0, 1.222222, 0.6206324, 1.111111, 1.2938602, 31.25926, 27.444445, 39.0, 27.333334, -11.444445, 23.222221, -11.777778, 39.0, 0.30714995, -2.0889142, 4
138.0, 116.0, 9.0, 0.0, 0.0, 0.6111111, 0.15185188, 0.4444445, 0.20740739, 6.4814816, 7.5555553, 8.222222, 3.6666667, 3.2222223, 5.2222223, -8.444445, 8.333334, 0.5591711, -1.1910701, 1
189.0, 115.0, 9.0, 0.0, 0.0, 0.16666675, 0.033333365, 0.33333325, 0.13333328, 6.6666665, 8.222222, 7.888889, 3.8888888, 4.6666665, 3.6666667, -8.333333, 8.444445, 0.53858024, -0.96514446, 1
17.0, 108.0, 9.0, 0.0, 0.0, 1.2777778, 0.64693, 1.1666666, 0.91287076, 1.8518518, 0.5555556, 3.3333333, 1.6666666, -3.8888888, 4.4444447, -0.5555556, 3.3333333, 0.8759259, -2.463852, 3
64.0, 49.0, 9.0, 0.0, 0.0, 0.94444656, 0.2407416, 0.7222252, 0.4185201, 108.888885, 97.111115, 128.88889, 100.666664, -35.333332, 60.0, -24.666666, 128.88889, 0.246491, -2.211659, 2
92.0, 62.0, 9.0, 0.0, 0.0, 1.8888868, 1.3109239, 1.8888868, 0.72008234, 123.48148, 112.333336, 139.33334, 118.77778, -33.444443, 47.555557, -14.111111, 139.33334, 0.19369136, -2.3434038, 2
217.0, 73.0, 9.0, 0.0, 0.0, 0.88888884, 0.78518516, 1.7222223, 0.86296207, 4.851852, 1.7777778, 9.666667, 3.1111112, -9.222222, 14.444445, -5.2222223, 9.666667, 0.82250714, -2.268176, 3
31.0, 106.0, 9.0, 0.0, 0.0, 1.6111107, 0.7296303, 0.7222223, 1.1740737, 19.11111, 19.555555, 23.666666, 14.111111, 1.3333334, 13.666667, -15.0, 23.666666, 0.40322387, -1.4845796, 1
34.0, 115.0, 9.0, 0.0, 0.0, 0.5, 0.3888888, 0.7777779, 0.60740745, 6.296296, 7.3333335, 7.888889, 3.6666667, 3.1111112, 4.7777777, -7.888889, 8.0, 0.5418871, -1.175454, 1
121.0, 107.0, 9.0, 0.0, 0.0, 1.5555553, 0.8740748, 13.166667, 5.5888996, 54.0, 49.444443, 64.44444, 48.11111, -13.666667, 31.333334, -17.666666, 64.44444, 0.25266927, -2.0036066, 4
117.0, 110.0, 9.0, 0.0, 0.0, 2.3333333, 2.9059324, 2.277777, 1.9022408, 17.222221, 9.222222, 29.0, 13.444445, -24.0, 35.333332, -11.333333, 29.0, 0.6807869, -2.321226, 3
49.0, 240.0, 9.0, 0.0, 0.11111111, 3.0555553, 1.638654, 2.0555556, 1.7437719, 20.444445, 15.222222, 18.777779, 27.333334, -15.666667, -5.0, 20.666666, 27.333334, 0.44580838, 2.4207911, 7
244.0, 194.0, 9.0, 0.0, 0.0, 1.722222, 1.14342, 2.277778, 2.03761, 49.74074, 44.444443, 61.666668, 43.11111, -15.888889, 35.77778, -19.88889, 61.666668, 0.30085307, -2.0218375, 6
199.0, 144.0, 9.0, 0.0, 0.0, 0.33333334, 0.5163977, 0.33333334, 0.36514834, 0.44444445, 0.11111111, 1.1111112, 0.11111111, -1.0, 2.0, -1.0, 1.1111112, 0.7407407, -2.0943952, 5
97.0, 126.0, 9.0, 0.0, 0.0, 1.0555555, 0.37407416, 1.0000001, 0.8444445, 6.4814816, 7.6666665, 8.0, 3.7777777, 3.5555556, 4.5555553, -8.111111, 8.333334, 0.5515873, -1.1181307, 1
94.0, 135.0, 9.0, 0.0, 0.0, 2.277778, 1.2629623, 0.5555555, 0.38518512, 2.1851852, 0.7777778, 4.888889, 0.8888889, -4.2222223, 8.111111, -3.8888888, 4.888889, 0.88800704, -2.1109743, 5
127.0, 118.0, 9.0, 0.22222222, 0.0, 1.722222, 1.5296288, 3.444444, 9.496296, 22.74074, 21.555555, 29.0, 17.666668, -3.5555556, 18.777779, -15.222222, 29.0, 0.3903984, -1.707392, 1
49.0, 95.0, 9.0, 0.0, 0.0, 1.6666665, 5.911111, 3.0, 3.2888885, 5.185185, 2.2222223, 9.444445, 3.8888888, -8.888889, 12.777778, -3.8888888, 9.444445, 0.79410774, -2.3264554, 3
180.0, 162.0, 9.0, 0.0, 0.0, 3.1111095, 5.762963, 12.944446, 9.396256, 41.48148, 35.666668, 50.555557, 38.22222, -17.444445, 27.222221, -9.777778, 50.555557, 0.29110643, -2.3353713, 6
29.0, 85.0, 9.0, 0.0, 0.0, 2.833333, 2.9420328, 2.3888888, 3.0508046, 4.0740743, 2.1111112, 6.7777777, 3.3333333, -5.888889, 8.111111, -2.2222223, 6.7777777, 0.76296294, -2.3698635, 3
161.0, 147.0, 9.0, 0.0, 0.0, 0.0, 0.0, 0.0, 0.0, 0.0, 0.0, 0.0, 0.0, 0.0, 0.0, 0.0, 0.0, 0.0, 0.0, 5
159.0, 116.0, 9.0, 0.11111111, 0.0, 0.4444437, 0.34426528, 2.0555553, 1.1038655, 29.814816, 25.666666, 37.11111, 26.666666, -12.444445, 21.88889, -9.444445, 37.11111, 0.31028613, -2.1775072, 5
44.0, 79.0, 9.0, 0.0, 0.0, 0.44444403, 0.34426486, 0.7777786, 0.4036864, 107.74074, 93.888885, 126.55556, 102.77778, -41.555557, 56.444443, -14.888889, 126.55556, 0.2580791, -2.3779652, 2
129.0, 91.0, 9.0, 0.0, 0.11111111, 27.277779, 752.24066, 25.277779, 377.9295, 44.296295, 38.444443, 52.666668, 41.77778, -17.555555, 25.11111, -7.5555553, 52.666668, 0.34888473, -2.3202722, 3
142.0, 111.0, 9.0, 0.0, 0.0, 1.1111113, 0.45541987, 0.55555534, 0.34426492, 28.74074, 24.555555, 35.88889, 25.777779, -12.555555, 21.444445, -8.888889, 35.88889, 0.31548372, -2.2026672, 5
14.0, 134.0, 9.0, 0.0, 0.0, 0.38888884, 0.062962994, 0.38888893, 0.062963024, 5.296296, 6.7777777, 6.2222223, 2.8888888, 4.4444447, 2.7777777, -7.2222223, 7.0, 0.5873016, -0.91263086, 1
67.0, 71.0, 9.0, 0.0, 0.0, 1.6666666, 0.8888911, 1.4999987, 0.29999846, 125.96296, 115.55556, 140.88889, 121.44444, -31.222221, 44.77778, -13.555555, 140.88889, 0.17967218, -2.339758, 2
68.0, 103.0, 9.0, 0.0, 0.0, 0.66666675, 0.57777774, 1.111111, 0.96296334, 2.148148, 0.11111111, 5.6666665, 0.6666667, -6.111111, 10.555555, -4.4444447, 5.6666665, 0.9876543, -2.1854658, 3
233.0, 211.0, 9.0, 0.11111111, 0.0, 2.6666667, 6.0888896, 1.6666666, 1.7333333, 15.444445, 12.444445, 15.222222, 18.666668, -9.0, -0.6666667, 9.666667, 18.666668, 0.33542147, 2.5549645, 7
180.0, 179.0, 9.0, 0.0, 0.0, 2.2777784, 2.5074108, 4.555556, 7.274074, 35.48148, 31.333334, 44.11111, 31.0, -12.444445, 25.88889, -13.444445, 44.11111, 0.30116582, -2.0752, 6
49.0, 148.0, 9.0, 0.0, 0.0, 0.7777777, 0.25185102, 6.6666665, 33.422226, 15.962963, 12.0, 16.88889, 19.0, -11.888889, 2.7777777, 9.111111, 19.444445, 0.4037081, 2.9124804, 7
149.0, 92.0, 9.0, 0.0, 0.0, 1.2222223, 0.5629636, 2.3333333, 3.822222, 23.666666, 23.11111, 30.333334, 17.555555, -1.6666666, 20.0, -18.333334, 30.333334, 0.4209725, -1.6377774, 1
150.0, 158.0, 9.0, 0.0, 0.0, 2.166667, 1.6333338, 1.388889, 0.41851807, 8.444445, 7.0, 12.222222, 6.111111, -4.3333335, 11.333333, -7.0, 12.222222, 0.50308645, -1.9434487, 4
108.0, 130.0, 9.0, 0.0, 0.0, 0.94444466, 0.59629655, 1.0000001, 0.66666657, 6.6296296, 8.444445, 7.2222223, 4.2222223, 5.4444447, 1.7777778, -7.2222223, 8.444445, 0.5010141, -0.76407653, 1
207.0, 58.0, 9.0, 0.0, 0.0, 0.7777774, 0.34426582, 0.88888806, 0.58372843, 110.37037, 97.666664, 128.11111, 105.333336, -38.11111, 53.22222, -15.111111, 128.11111, 0.2375665, -2.3572707, 2
147.0, 193.0, 9.0, 0.0, 0.0, 6.6111126, 3.6050377, 7.055556, 5.4095254, 51.74074, 46.555557, 63.0, 45.666668, -15.555555, 33.77778, -18.222221, 63.0, 0.27526647, -2.0801742, 6
106.0, 65.0, 9.0, 0.22222222, 0.0, 2.222222, 1.655519, 2.2777786, 0.82775915, 60.62963, 53.666668, 74.55556, 53.666668, -20.88889, 41.77778, -20.88889, 74.55556, 0.28732476, -2.0910368, 4
66.0, 160.0, 9.0, 0.0, 0.0, 3.0000007, 4.044447, 2.777778, 0.4296295, 22.851852, 18.222221, 31.555555, 18.777779, -13.888889, 26.11111, -12.222222, 31.555555, 0.4260139, -2.1387258, 4
170.0, 159.0, 9.0, 0.11111111, 0.0, 2.2777777, 1.420746, 1.611111, 1.1816499, 20.518518, 20.333334, 22.333334, 18.88889, -0.5555556, 5.4444447, -4.888889, 22.333334, 0.15127982, -1.5966792, 4
33.0, 149.0, 9.0, 0.0, 0.0, 0.5555556, 0.25185165, 0.72222227, 0.15185171, 5.4444447, 4.111111, 8.666667, 3.5555556, -4.0, 9.666667, -5.6666665, 8.666667, 0.5783389, -1.9857028, 1
100.0, 194.0, 9.0, 0.0, 0.0, 1.722222, 2.5941534, 3.2222233, 1.5006163, 61.555557, 54.77778, 76.22222, 53.666668, -20.333334, 44.0, -23.666666, 76.22222, 0.29590768, -2.0427177, 6
99.0, 107.0, 9.0, 0.11111111, 0.0, 1.5555557, 2.0296292, 3.3333333, 2.2666647, 18.62963, 19.444445, 23.0, 13.444445, 2.4444444, 13.111111, -15.555555, 23.11111, 0.41378537, -1.3703691, 1
39.0, 17.0, 9.0, 0.0, 0.0, 1.1111107, 1.0886621, 0.88889056, 0.8073737, 71.18519, 63.333332, 87.333336, 62.88889, -23.555555, 48.444443, -24.88889, 87.333336, 0.2848739, -2.0751612, 4
71.0, 197.0, 9.0, 0.0, 0.0, 2.7222233, 1.8549237, 4.555556, 2.1464868, 55.444443, 49.11111, 69.55556, 47.666668, -19.0, 42.333332, -23.333334, 69.55556, 0.31473875, -2.0243213, 6
76.0, 138.0, 9.0, 0.0, 0.22222222, 3.2222226, 3.8796716, 5.5, 2.4289908, 16.518518, 9.888889, 24.777779, 14.888889, -19.88889, 24.777779, -4.888889, 24.777779, 0.60921985, -2.4395385, 3
138.0, 116.0, 9.0, 0.0, 0.0, 0.6111111, 0.15185188, 0.4444445, 0.20740739, 6.4814816, 7.5555553, 8.222222, 3.6666667, 3.2222223, 5.2222223, -8.444445, 8.333334, 0.5591711, -1.1910701, 1
72.0, 111.0, 9.0, 0.0, 0.0, 0.5, 0.3, 0.9444444, 1.396296, 1.2962962, 0.0, 3.5555556, 0.33333334, -3.8888888, 6.7777777, -2.8888888, 3.5555556, 1.0, -2.1394942, 3
58.0, 25.0, 9.0, 0.0, 0.0, 0.7777799, 0.50184816, 0.3888893, 0.3277306, 112.22222, 97.77778, 131.33334, 107.55556, -43.333332, 57.333332, -14.0, 131.33334, 0.25541002, -2.3968942, 2
57.0, 177.0, 9.0, 0.0, 0.0, 0.94444495, 0.55185163, 1.4444443, 1.71852, 19.592592, 15.777778, 18.444445, 24.555555, -11.444445, -3.4444444, 14.888889, 24.555555, 0.3589904, 2.413262, 7
24.0, 93.0, 9.0, 0.0, 0.0, 1.6111094, 0.7722033, 2.0555553, 1.7309806, 62.851852, 54.77778, 79.22222, 54.555557, -24.222221, 49.11111, -24.88889, 79.22222, 0.3155379, -2.0837152, 4
203.0, 83.0, 9.0, 0.0, 0.0, 0.3888893, 0.1360832, 0.22222233, 0.40368673, 17.074074, 12.888889, 24.88889, 13.444445, -12.555555, 23.444445, -10.888889, 24.88889, 0.48185185, -2.1437612, 5
229.0, 124.0, 9.0, 0.0, 0.0, 0.888889, 0.074073985, 0.8888889, 0.3407407, 5.888889, 7.111111, 7.111111, 3.4444444, 3.6666667, 3.6666667, -7.3333335, 7.5555553, 0.5458554, -1.0376626, 1
223.0, 161.0, 9.0, 0.0, 0.0, 1.3888893, 3.040736, 8.999999, 31.022234, 42.037037, 36.0, 52.22222, 37.88889, -18.11111, 30.555555, -12.444445, 52.22222, 0.30841646, -2.282295, 6
251.0, 24.0, 9.0, 0.0, 0.0, 1.1666666, 0.9666646, 1.6111094, 0.41851908, 121.62963, 110.77778, 137.77779, 116.333336, -32.555557, 48.444443, -15.888889, 137.77779, 0.19597653, -2.3079143, 2
69.0, 17.0, 9.0, 0.0, 0.0, 0.61111194, 0.10740544, 0.6666667, 0.3111077, 130.2963, 120.77778, 143.88889, 126.22222, -28.555555, 40.77778, -12.222222, 143.88889, 0.1606036, -2.3394933, 2
232.0, 175.0, 9.0, 0.0, 0.0, 1.1666669, 0.62360954, 2.8333333, 2.1679492, 15.37037, 12.444445, 13.555555, 20.11111, -8.777778, -5.4444447, 14.222222, 20.11111, 0.38741234, 2.2421958, 7
79.0, 44.0, 9.0, 0.0, 0.0, 4.8888893, 3.2018518, 2.1111126, 1.1287482, 58.666668, 50.11111, 75.55556, 50.333332, -25.666666, 50.666668, -25.0, 75.55556, 0.33991683, -2.1026516, 4
9.0, 80.0, 9.0, 0.0, 0.0, 2.9444444, 13.751853, 16.666666, 71.5111, 23.62963, 17.333334, 31.666666, 21.88889, -18.88889, 24.11111, -5.2222223, 31.666666, 0.5142537, -2.4315135, 3
9.0, 76.0, 9.0, 0.0, 0.0, 1.2777778, 1.4207457, 1.6666666, 1.8618987, 2.4444444, 0.8888889, 4.666667, 1.7777778, -4.6666665, 6.6666665, -2.0, 4.666667, 0.87222224, -2.3408008, 3
53.0, 42.0, 9.0, 0.0, 0.0, 3.2777774, 0.71232545, 0.611111, 0.534027, 28.25926, 24.444445, 36.22222, 24.11111, -11.444445, 23.88889, -12.444445, 36.22222, 0.33789337, -2.0610058, 4
60.0, 116.0, 9.0, 0.0, 0.0, 0.7222226, 0.38968164, 0.7777774, 0.34426582, 23.407408, 19.333334, 31.444445, 19.444445, -12.222222, 24.11111, -11.888889, 31.444445, 0.39214933, -2.1049783, 5
33.0, 104.0, 9.0, 0.11111111, 0.0, 1.5555559, 0.96296257, 3.0555563, 5.040743, 20.185184, 20.222221, 24.88889, 15.444445, 0.11111111, 14.111111, -14.222222, 24.88889, 0.38036656, -1.5553759, 1
170.0, 121.0, 9.0, 0.0, 0.0, 2.166667, 1.8348485, 2.7222223, 1.9254632, 32.37037, 28.666666, 40.555557, 27.88889, -11.111111, 24.555555, -13.444445, 40.555557, 0.3134271, -2.0242684, 4
56.0, 196.0, 9.0, 0.0, 0.0, 2.38889, 1.4207458, 4.444445, 4.3902254, 50.074074, 44.333332, 62.22222, 43.666668, -17.222221, 36.444443, -19.222221, 62.22222, 0.2979628, -2.0547533, 6
120.0, 124.0, 9.0, 0.0, 0.0, 8.999999, 112.57778, 11.166668, 184.5222, 53.77778, 49.0, 64.44444, 47.88889, -14.333333, 32.0, -17.666666, 64.44444, 0.26124597, -2.0173788, 4
23.0, 142.0, 9.0, 0.0, 0.0, 0.38888893, 0.1074074, 0.9444444, 0.37407392, 5.037037, 6.5555553, 5.7777777, 2.7777777, 4.5555553, 2.2222223, -6.7777777, 6.5555553, 0.57473546, -0.8297117, 1
113.0, 128.0, 9.0, 0.0, 0.0, 0.22222222, 0.07407408, 0.38888887, 0.15185186, 0.7407407, 0.0, 2.2222223, 0.0, -2.2222223, 4.4444447, -2.2222223, 2.2222223, 1.0, -2.0943952, 3
31.0, 96.0, 9.0, 0.0, 0.0, 2.3333333, 3.6, 2.7777777, 6.162962, 3.7777777, 1.0, 8.0, 2.3333335, -8.333333, 12.666667, -4.3333335, 8.0, 0.90923554, -2.268209, 3
144.0, 187.0, 9.0, 0.0, 0.0, 1.9444441, 2.0484867, 6.222222, 3.512938, 56.148148, 49.88889, 69.66667, 48.88889, -18.777779, 40.555557, -21.777779, 69.66667, 0.29995137, -2.0438795, 6
115.0, 183.0, 9.0, 0.0, 0.0, 1.055555, 0.7722019, 4.722222, 1.0201681, 19.851852, 14.555555, 19.0, 26.0, -15.888889, -2.5555556, 18.444445, 26.0, 0.44994184, 2.5068066, 7
101.0, 121.0, 9.0, 0.11111111, 0.0, 0.6666667, 0.843274, 1.5, 0.88819396, 3.4074075, 1.1111112, 6.0, 3.1111112, -6.888889, 7.7777777, -0.8888889, 6.0, 0.8435185, -2.5191648, 3
77.0, 135.0, 9.0, 0.0, 0.0, 0.22222221, 0.029629624, 0.22222221, 0.029629624, 0.7777778, 0.0, 2.3333335, 0.0, -2.3333333, 4.6666665, -2.3333333, 2.3333335, 1.0, -2.0943952, 5
186.0, 28.0, 9.0, 0.0, 0.0, 0.94444275, 0.38968328, 1.4444414, 1.29386, 122.51852, 111.0, 138.66667, 117.888885, -34.555557, 48.444443, -13.888889, 138.66667, 0.19951321, -2.35398, 2
154.0, 249.0, 9.0, 0.0, 0.0, 3.5, 2.306994, 4.5555553, 3.5381527, 18.0, 14.666667, 15.666667, 23.666666, -10.0, -7.0, 17.0, 23.666666, 0.39839673, 2.214996, 7
231.0, 160.0, 9.0, 0.0, 0.0, 2.611111, 8.240739, 13.166667, 139.85553, 40.88889, 34.11111, 51.77778, 36.77778, -20.333334, 32.666668, -12.333333, 51.77778, 0.33961803, -2.335837, 6
184.0, 44.0, 9.0, 0.0, 0.0, 0.50000125, 0.12222207, 1.0, 0.7555569, 99.0, 85.0, 121.44444, 90.55556, -42.0, 67.333336, -25.333334, 121.44444, 0.30001867, -2.2545414, 2
18.0, 90.0, 9.0, 0.0, 0.0, 1.0555555, 0.37407416, 0.6666667, 0.22222227, 2.8148148, 0.5555556, 6.888889, 1.0, -6.7777777, 12.222222, -5.4444447, 6.888889, 0.9261464, -2.1643226, 3
186.0, 12.0, 9.0, 0.0, 0.0, 0.44444433, 0.27216548, 2.3333333, 1.9663839, 6.259259, 3.8888888, 11.333333, 3.5555556, -7.111111, 15.222222, -8.111111, 11.333333, 0.6873016, -2.057978, 5
88.0, 115.0, 9.0, 0.0, 0.0, 1.666667, 1.8222212, 4.166667, 4.2111125, 22.037037, 21.333334, 28.0, 16.777779, -2.1111112, 17.88889, -15.777778, 28.0, 0.3973624, -1.6195486, 1
240.0, 75.0, 9.0, 0.0, 0.0, 29.222221, 749.76294, 10.222221, 99.0963, 38.037037, 29.777779, 50.666668, 33.666668, -24.777779, 37.88889, -13.111111, 50.666668, 0.46491185, -2.2841873, 3
81.0, 126.0, 9.0, 0.0, 0.11111111, 1.9444443, 1.12963, 1.0555555, 0.28518513, 2.9629629, 0.5555556, 6.5555553, 1.7777778, -7.2222223, 10.777778, -3.5555556, 6.5555553, 0.93570626, -2.2890973, 3
146.0, 238.0, 9.0, 0.0, 0.0, 2.0555556, 0.59629667, 2.6666665, 1.8666656, 17.777779, 15.0, 16.555555, 21.777779, -8.333333, -3.6666667, 12.0, 21.777779, 0.3152556, 2.3374724, 7
220.0, 36.0, 9.0, 0.0, 0.0, 0.94444275, 0.8004619, 1.0555559, 0.85418165, 114.03704, 100.77778, 132.44444, 108.888885, -39.77778, 55.22222, -15.444445, 132.44444, 0.23908533, -2.3622375, 2
22.0, 60.0, 9.0, 0.0, 0.0, 0.5, 0.30000025, 1.2777777, 0.7296294, 19.925926, 19.333334, 25.777779, 14.666667, -1.7777778, 17.555555, -15.777778, 25.777779, 0.43048432, -1.650048, 1
73.0, 194.0, 9.0, 0.0, 0.0, 3.222222, 2.3349202, 4.611112, 3.3560352, 60.77778, 53.444443, 76.111115, 52.77778, -22.0, 46.0, -24.0, 76.111115, 0.30925295, -2.0605488, 6
162.0, 190.0, 9.0, 0.0, 0.0, 3.0555553, 1.0628418, 6.1111107, 5.2182016, 57.333332, 51.0, 70.0, 51.0, -19.0, 38.0, -19.0, 70.0, 0.27956137, -2.1120865, 6
243.0, 48.0, 9.0, 0.0, 0.0, 1.2222239, 0.20740649, 1.2777811, 1.2629704, 134.85185, 127.55556, 146.11111, 130.88889, -21.88889, 33.77778, -11.888889, 146.11111, 0.1269675, -2.2784278, 2
162.0, 159.0, 9.0, 0.0, 0.0, 2.1666667, 0.9603238, 2.2222223, 1.4555128, 26.11111, 25.222221, 29.555555, 23.555555, -2.6666667, 10.333333, -7.6666665, 29.555555, 0.20284556, -1.8025542, 4
171.0, 15.0, 9.0, 0.0, 0.0, 0.66666794, 0.55777216, 0.66666794, 0.6992054, 113.74074, 100.111115, 132.0, 109.111115, -40.88889, 54.77778, -13.888889, 132.0, 0.24157602, -2.3890254, 2
18.0, 145.0, 9.0, 0.0, 0.0, 0.38888896, 0.018518496, 0.6111111, 0.3740741, 3.925926, 5.5555553, 4.0, 2.2222223, 4.888889, 0.22222222, -5.111111, 5.5555553, 0.6005291, -0.57094, 1
201.0, 120.0, 9.0, 0.11111111, 0.0, 3.9444444, 14.774076, 3.722222, 9.618522, 3.7407408, 1.4444444, 7.6666665, 2.1111112, -6.888889, 11.777778, -4.888889, 7.6666665, 0.8930539, -2.180291, 3
115.0, 81.0, 9.0, 0.0, 0.0, 0.72222394, 0.64693224, 0.72222394, 0.38968277, 105.92593, 91.888885, 124.888885, 101.0, -42.11111, 56.88889, -14.777778, 124.888885, 0.26421982, -2.3822613, 2
209.0, 66.0, 9.0, 0.0, 0.0, 1.0555559, 0.4629649, 1.1111132, 0.60740495, 93.44444, 79.111115, 117.333336, 83.888885, -43.0, 71.666664, -28.666666, 117.333336, 0.32571116, -2.2248445, 2
170.0, 88.0, 9.0, 0.0, 0.0, 0.72222203, 0.3896814, 0.8333333, 0.4594679, 22.333334, 18.222221, 29.333334, 19.444445, -12.333333, 21.0, -8.666667, 29.333334, 0.3786151, -2.2082899, 5
28.0, 162.0, 9.0, 0.11111111, 0.0, 1.1666666, 0.6236098, 1.4444443, 1.3277662, 25.11111, 19.666668, 26.11111, 29.555555, -16.333334, 3.0, 13.333333, 29.555555, 0.33512673, 2.769038, 7
57.0, 177.0, 9.0, 0.0, 0.0, 0.94444495, 0.55185163, 1.4444443, 1.71852, 19.592592, 15.777778, 18.444445, 24.555555, -11.444445, -3.4444444, 14.888889, 24.555555, 0.3589904, 2.413262, 7
69.0, 139.0, 9.0, 0.0, 0.0, 2.8333328, 1.7732588, 2.1111112, 1.6688871, 18.074074, 16.0, 22.555555, 15.666667, -6.2222223, 13.444445, -7.2222223, 23.88889, 0.38661182, -1.7028334, 3
24.0, 15.0, 9.0, 0.0, 0.0, 0.8333346, 0.6912141, 1.1111107, 0.54432976, 70.07407, 61.0, 87.44444, 61.77778, -27.222221, 52.11111, -24.88889, 87.44444, 0.30227023, -2.1249814, 4
97.0, 77.0, 9.0, 0.0, 0.11111111, 1.222222, 1.8518518, 4.4444447, 6.5629597, 25.185184, 24.11111, 32.333336, 19.11111, -3.2222223, 21.444445, -18.222221, 32.333336, 0.4076231, -1.6773084, 1
233.0, 105.0, 9.0, 0.0, 0.0, 6.277777, 2.313408, 0.9444445, 0.742867, 15.185185, 12.666667, 19.777779, 13.111111, -7.5555553, 13.777778, -6.2222223, 19.777779, 0.35376814, -2.1615713, 5
53.0, 176.0, 9.0, 0.0, 0.0, 1.9444453, 0.8798155, 1.5555559, 1.9962938, 50.296295, 45.444443, 62.11111, 43.333332, -14.555555, 35.444443, -20.88889, 62.11111, 0.3024212, -1.9775702, 6
177.0, 190.0, 9.0, 0.0, 0.0, 0.94444466, 0.82775986, 1.3888893, 0.9525794, 52.407406, 47.333332, 64.55556, 45.333332, -15.222222, 36.444443, -21.222221, 64.55556, 0.29773334, -1.9858987, 6
58.0, 125.0, 9.0, 0.0, 0.0, 2.1666667, 1.1105559, 1.0555559, 0.90472007, 18.555555, 11.111111, 30.666666, 13.888889, -22.333334, 36.333332, -14.0, 30.666666, 0.6384555, -2.2419562, 3
59.0, 99.0, 9.0, 0.0, 0.0, 0.77777785, 0.8296297, 0.99999994, 0.3555556, 2.0370371, 0.11111111, 5.5555553, 0.44444445, -5.7777777, 10.555555, -4.7777777, 5.5555553, 0.9861111, -2.149743, 3
8.0, 21.0, 9.0, 0.11111111, 0.0, 0.61111194, 0.44305393, 2.055556, 1.2186847, 125.59259, 113.44444, 142.44444, 120.888885, -36.444443, 50.555557, -14.111111, 142.44444, 0.20358202, -2.362526, 2
117.0, 246.0, 9.0, 0.0, 0.0, 2.277778, 5.6185174, 2.6666665, 5.866666, 15.444445, 12.0, 14.333333, 20.0, -10.333333, -3.3333333, 13.666667, 20.0, 0.3959547, 2.395692, 7
107.0, 129.0, 9.0, 0.0, 0.0, 0.55555564, 0.56296325, 0.8888889, 0.8740743, 6.6666665, 8.444445, 7.5555553, 4.0, 5.3333335, 2.6666667, -8.0, 8.444445, 0.53055555, -0.8439043, 1
105.0, 62.0, 9.0, 0.0, 0.0, 0.8333346, 0.16666616, 1.1666679, 0.83333385, 126.48148, 117.55556, 140.33334, 121.55556, -26.777779, 41.555557, -14.777778, 140.33334, 0.16222528, -2.2754252, 2
159.0, 210.0, 9.0, 0.0, 0.0, 1.4999999, 1.3666656, 1.5555555, 2.1629632, 12.962963, 9.444445, 12.0, 17.444445, -10.555555, -2.8888888, 13.444445, 17.444445, 0.4604365, 2.4287496, 7
146.0, 124.0, 9.0, 0.0, 0.0, 0.4999999, 0.16666664, 0.38888875, 0.107407376, 6.037037, 7.4444447, 7.3333335, 3.3333333, 4.2222223, 3.8888888, -8.111111, 7.6666665, 0.56349206, -1.0247301, 1
67.0, 34.0, 9.0, 0.0, 0.0, 1.1111113, 1.2232314, 0.555556, 0.5837306, 54.25926, 46.22222, 70.333336, 46.22222, -24.11111, 48.22222, -24.11111, 70.333336, 0.34747013, -2.0945199, 4
96.0, 236.0, 9.0, 0.0, 0.0, 1.7222222, 3.840741, 1.7222223, 1.1296297, 13.962963, 10.777778, 12.444445, 18.666668, -9.555555, -4.5555553, 14.111111, 18.666668, 0.42423514, 2.3206298, 7
241.0, 90.0, 9.0, 0.0, 0.11111111, 5.6666665, 23.377783, 6.7777786, 63.76296, 9.0, 4.7777777, 15.666667, 6.5555553, -12.666667, 20.0, -7.3333335, 15.666667, 0.7629189, -2.2663894, 3
157.0, 20.0, 9.0, 0.0, 0.0, 1.3333334, 0.7601168, 4.944444, 4.479171, 35.48148, 32.0, 42.77778, 31.666666, -10.444445, 21.88889, -11.444445, 42.77778, 0.26195785, -2.045203, 4
185.0, 102.0, 9.0, 0.0, 0.0, 11.055557, 73.70736, 0.44444528, 0.20740719, 56.77778, 51.11111, 69.111115, 50.11111, -17.0, 37.0, -20.0, 69.111115, 0.27435303, -2.034054, 4
143.0, 34.0, 9.0, 0.0, 0.0, 1.0555547, 0.9289564, 1.388888, 0.8798136, 125.48148, 113.666664, 142.0, 120.77778, -35.444443, 49.555557, -14.111111, 142.0, 0.19951604, -2.3572717, 2
169.0, 98.0, 9.0, 0.0, 0.0, 0.7222214, 0.15184994, 1.6666666, 0.75555366, 92.333336, 77.333336, 116.888885, 82.77778, -45.0, 73.666664, -28.666666, 116.888885, 0.3382884, -2.238522, 2
62.0, 26.0, 9.0, 0.0, 0.0, 0.7777774, 0.27216512, 0.44444403, 0.40368605, 112.22222, 98.333336, 130.88889, 107.44444, -41.666668, 56.0, -14.333333, 130.88889, 0.24869815, -2.38614, 2
54.0, 91.0, 9.0, 0.0, 0.0, 1.4444443, 1.540741, 0.8333333, 0.25555572, 3.2592592, 0.5555556, 8.0, 1.2222222, -8.111111, 14.222222, -6.111111, 8.0, 0.94481075, -2.186723, 3
121.0, 113.0, 9.0, 0.0, 0.0, 1.722222, 1.5296303, 2.944444, 1.5296295, 20.25926, 20.0, 25.444445, 15.333333, -0.7777778, 15.555555, -14.777778, 25.444445, 0.39658895, -1.5856091, 1
127.0, 143.0, 9.0, 0.0, 0.0, 1.5, 0.12222214, 0.88888884, 0.60740745, 4.185185, 0.8888889, 9.444445, 2.2222223, -9.888889, 15.777778, -5.888889, 9.444445, 0.915376, -2.2574124, 3
239.0, 123.0, 9.0, 0.0, 0.0, 0.5, 0.077777736, 0.5, 0.16666667, 1.5185186, 0.0, 4.2222223, 0.33333334, -4.5555553, 8.111111, -3.5555556, 4.2222223, 1.0, -2.1640944, 3
74.0, 127.0, 9.0, 0.0, 0.0, 4.8333335, 3.6499624, 1.6666666, 1.2472203, 45.25926, 39.444443, 57.333332, 39.0, -17.444445, 36.22222, -18.777779, 57.333332, 0.31732458, -2.061036, 4
118.0, 126.0, 9.0, 0.0, 0.0, 0.6666667, 0.39999974, 1.8333336, 2.1222224, 20.555555, 16.11111, 28.666666, 16.88889, -13.333333, 24.333334, -11.0, 28.666666, 0.437078, -2.1588047, 4
99.0, 149.0, 9.0, 0.0, 0.0, 3.6666667, 4.577775, 2.111111, 1.5851847, 21.37037, 16.666668, 30.0, 17.444445, -14.111111, 25.88889, -11.777778, 30.0, 0.4451721, -2.1417873, 4
210.0, 114.0, 9.0, 0.0, 0.0, 1.2777778, 1.3074073, 0.61111087, 0.06296301, 16.185184, 11.444445, 25.0, 12.111111, -14.222222, 26.444445, -12.222222, 25.0, 0.5462072, -2.1416595, 5
252.0, 36.0, 9.0, 0.0, 0.0, 0.94444275, 0.19630012, 1.0, 0.22221552, 135.2963, 128.55556, 146.11111, 131.22223, -20.222221, 32.444443, -12.222222, 146.11111, 0.12003023, -2.247156, 2
112.0, 90.0, 9.0, 0.0, 0.0, 7.38889, 6.9455557, 1.2777773, 0.87981415, 65.18519, 57.666668, 79.77778, 58.11111, -22.555555, 43.77778, -21.222221, 79.77778, 0.27834544, -2.108813, 4
107.0, 210.0, 9.0, 0.0, 0.0, 0.9444445, 0.5962963, 1.8333335, 0.65555495, 15.111111, 11.222222, 14.222222, 19.88889, -11.666667, -2.6666667, 14.333333, 19.88889, 0.43576914, 2.4615993, 7
145.0, 248.0, 9.0, 0.0, 0.0, 2.0555553, 1.7180947, 2.111111, 1.3770607, 26.88889, 23.222221, 25.11111, 32.333336, -11.0, -5.3333335, 16.333334, 32.333336, 0.2916751, 2.2850983, 7
20.0, 134.0, 9.0, 0.0, 0.0, 0.6666667, 0.088888995, 0.61111116, 0.24074072, 2.9629629, 1.1111112, 6.4444447, 1.3333334, -5.5555553, 10.444445, -4.888889, 6.4444447, 0.8292328, -2.133095, 5
117.0, 137.0, 9.0, 0.0, 0.0, 0.22222225, 0.07407406, 0.6666667, 0.17777774, 3.1111112, 1.5555556, 6.3333335, 1.4444444, -4.6666665, 9.666667, -5.0, 6.3333335, 0.77248675, -2.0750706, 5
173.0, 190.0, 9.0, 0.11111111, 0.0, 2.3333328, 2.5647182, 1.5555559, 1.2049291, 50.444443, 44.88889, 62.333332, 44.11111, -16.666666, 35.666668, -19.0, 62.333332, 0.2921254, -2.048697, 6
36.0, 243.0, 9.0, 0.11111111, 0.0, 1.888889, 1.8518513, 2.0, 0.7111104, 13.333333, 9.888889, 12.111111, 18.0, -10.333333, -3.6666667, 14.0, 18.0, 0.4522286, 2.3683105, 7
180.0, 123.0, 9.0, 0.11111111, 0.0, 1.7222214, 2.1074064, 1.1111113, 0.5185183, 57.48148, 52.555557, 68.55556, 51.333332, -14.777778, 33.22222, -18.444445, 68.55556, 0.2511938, -2.021502, 4
51.0, 237.0, 9.0, 0.11111111, 0.0, 2.5555556, 2.5356712, 2.3333333, 1.2292727, 14.148149, 11.111111, 13.0, 18.333334, -9.111111, -3.4444444, 12.555555, 18.333334, 0.39798474, 2.3784301, 7
121.0, 113.0, 9.0, 0.0, 0.0, 1.722222, 1.5296303, 2.944444, 1.5296295, 20.25926, 20.0, 25.444445, 15.333333, -0.7777778, 15.555555, -14.777778, 25.444445, 0.39658895, -1.5856091, 1
198.0, 148.0, 9.0, 0.11111111, 0.0, 1.6666666, 0.84327394, 1.111111, 0.98130697, 1.7777778, 1.1111112, 3.2222223, 1.0, -2.0, 4.3333335, -2.3333333, 3.2222223, 0.61296296, -2.0451503, 5
250.0, 172.0, 9.0, 0.0, 0.0, 0.9444442, 0.5074071, 1.3333334, 0.7111102, 16.074074, 12.333333, 15.0, 20.88889, -11.222222, -3.2222223, 14.444445, 20.88889, 0.40983546, 2.4177017, 7
3.0, 91.0, 9.0, 0.0, 0.11111111, 2.2222223, 5.051852, 1.0, 1.9555557, 5.6296296, 1.8888888, 10.666667, 4.3333335, -11.222222, 15.111111, -3.8888888, 10.666667, 0.82974845, -2.3839493, 3
152.0, 98.0, 9.0, 0.0, 0.0, 7.0000014, 3.8873014, 1.0555559, 0.7722023, 28.777779, 24.88889, 37.11111, 24.333334, -11.666667, 25.0, -13.333333, 37.11111, 0.34639803, -2.0429404, 4
212.0, 234.0, 9.0, 0.0, 0.0, 0.4444445, 0.11851848, 1.0555555, 0.28518525, 7.111111, 6.0, 4.2222223, 11.111111, -3.3333333, -8.666667, 12.0, 11.111111, 0.62132436, 1.8382597, 7
8.0, 199.0, 9.0, 0.0, 0.0, 1.6666671, 0.78881073, 1.3888893, 0.71232533, 15.0, 13.333333, 11.777778, 19.88889, -5.0, -9.666667, 14.666667, 19.88889, 0.40888458, 1.9053026, 7
35.0, 67.0, 9.0, 0.11111111, 0.0, 2.6666653, 1.1352928, 3.833332, 1.9407902, 106.07407, 92.111115, 125.55556, 100.55556, -41.88889, 58.444443, -16.555555, 125.55556, 0.26643977, -2.3573377, 2
70.0, 60.0, 9.0, 0.0, 0.0, 0.94444466, 1.3962969, 2.166666, 1.3666676, 23.777779, 22.444445, 31.0, 17.88889, -4.0, 21.666666, -17.666666, 31.0, 0.420823, -1.7131336, 1
171.0, 187.0, 9.0, 0.0, 0.11111111, 2.9444454, 1.7309813, 2.6666672, 2.4312778, 48.37037, 43.333332, 60.11111, 41.666668, -15.111111, 35.22222, -20.11111, 60.11111, 0.3067255, -1.9985466, 6
159.0, 111.0, 9.0, 0.0, 0.0, 0.4444445, 0.074074045, 0.61111116, 0.1518519, 5.9259257, 7.6666665, 6.888889, 3.2222223, 5.2222223, 2.8888888, -8.111111, 7.6666665, 0.5813492, -0.87266606, 1
136.0, 92.0, 9.0, 0.0, 0.0, 8.055554, 44.774082, 1.0, 0.17777748, 15.407408, 11.666667, 22.666666, 11.888889, -11.222222, 21.777779, -10.555555, 22.666666, 0.53354967, -2.1132734, 5
74.0, 129.0, 9.0, 0.0, 0.0, 0.22222222, 0.029629637, 0.11111111, 0.029629635, 0.5185185, 0.0, 1.5555556, 0.0, -1.5555556, 3.1111112, -1.5555556, 1.5555556, 1.0, -2.0943952, 3
83.0, 198.0, 9.0, 0.0, 0.0, 2.3888886, 1.4969089, 4.833334, 3.0092454, 59.77778, 53.11111, 74.0, 52.22222, -20.0, 42.666668, -22.666666, 74.0, 0.2963139, -2.0505745, 6
163.0, 177.0, 9.0, 0.11111111, 0.0, 1.1666673, 0.7, 2.5, 0.7888896, 24.518518, 21.222221, 21.444445, 30.88889, -9.888889, -9.222222, 19.11111, 30.88889, 0.3211389, 2.1254158, 7
25.0, 41.0, 9.0, 0.0, 0.0, 1.0, 0.5777743, 1.4999987, 0.65555346, 113.40741, 103.888885, 131.22223, 105.111115, -28.555555, 53.444443, -24.88889, 131.22223, 0.20829348, -2.1398222, 2
134.0, 148.0, 9.0, 0.0, 0.0, 0.11111113, 0.17213261, 0.055555556, 0.13608277, 0.037037037, 0.0, 0.11111111, 0.0, -0.11111111, 0.22222222, -0.11111111, 0.11111111, 0.11111111, -2.0943952, 5
140.0, 25.0, 9.0, 0.0, 0.0, 0.99999875, 1.4666697, 1.1111107, 0.118517555, 128.0, 117.77778, 142.33334, 123.888885, -30.666666, 43.0, -12.333333, 142.33334, 0.17250364, -2.3545518, 2
114.0, 193.0, 9.0, 0.0, 0.0, 3.166666, 2.4653153, 4.5, 2.5011096, 57.814816, 51.11111, 72.55556, 49.77778, -20.11111, 44.22222, -24.11111, 72.55556, 0.3140923, -2.033804, 6
11.0, 200.0, 9.0, 0.0, 0.0, 3.1666667, 3.0313182, 3.9444447, 2.480293, 53.555557, 46.444443, 67.333336, 46.88889, -21.333334, 41.333332, -20.0, 67.333336, 0.31303197, -2.1167326, 6
95.0, 127.0, 9.0, 0.0, 0.0, 0.22222222, 0.07407406, 0.22222222, 0.02962962, 0.6296296, 0.0, 1.8888888, 0.0, -1.8888888, 3.7777777, -1.8888888, 1.8888888, 1.0, -2.0943952, 3
177.0, 130.0, 9.0, 0.0, 0.0, 0.055555552, 0.13608275, 0.22222225, 0.27216554, 1.1851852, 0.6666667, 2.8888888, 0.0, -1.5555556, 5.111111, -3.5555556, 2.8888888, 1.0, -1.8611541, 5
120.0, 227.0, 9.0, 0.0, 0.0, 1.4444442, 1.186342, 1.8888887, 0.80737346, 12.62963, 9.444445, 11.0, 17.444445, -9.555555, -4.888889, 14.444445, 17.444445, 0.45836443, 2.2918468, 7
2.0, 95.0, 9.0, 0.11111111, 0.0, 2.0555565, 1.3402592, 0.88889056, 0.91084033, 55.62963, 47.444443, 71.66667, 47.77778, -24.555555, 48.11111, -23.555555, 71.66667, 0.3377558, -2.1078582, 4
136.0, 45.0, 9.0, 0.0, 0.0, 1.222222, 1.5444059, 2.0555553, 1.5263131, 53.074074, 48.11111, 63.77778, 47.333332, -14.888889, 32.11111, -17.222221, 63.77778, 0.25936732, -2.0459049, 4
47.0, 119.0, 9.0, 0.11111111, 0.0, 2.2777777, 2.2746592, 1.3333334, 1.3824296, 4.3703704, 2.1111112, 6.7777777, 4.2222223, -6.7777777, 7.2222223, -0.44444445, 6.7777777, 0.7329263, -2.587228, 3
72.0, 191.0, 9.0, 0.11111111, 0.0, 1.2777777, 0.5074075, 3.1111114, 4.6074066, 15.185185, 12.111111, 14.888889, 18.555555, -9.222222, -0.8888889, 10.111111, 18.555555, 0.3503698, 2.545329, 7
104.0, 139.0, 9.0, 0.0, 0.0, 0.33333334, 0.5163977, 0.33333334, 0.5163977, 0.6666667, 0.0, 1.7777778, 0.22222222, -2.0, 3.3333333, -1.3333334, 1.7777778, 1.0, -2.1507304, 3
120.0, 74.0, 9.0, 0.0, 0.0, 0.3333346, 0.08888922, 0.50000125, 0.07777796, 101.85185, 89.111115, 123.22222, 93.22222, -38.22222, 64.111115, -25.88889, 123.22222, 0.2767844, -2.2205532, 2
58.0, 113.0, 9.0, 0.0, 0.0, 3.4444447, 1.2232318, 0.7222223, 0.38968182, 20.851852, 16.88889, 28.444445, 17.222223, -11.888889, 22.777779, -10.888889, 28.444445, 0.4148072, -2.1256926, 5
191.0, 119.0, 9.0, 0.0, 0.0, 1.1111107, 1.2938615, 0.9444459, 0.772202, 39.851852, 36.22222, 48.22222, 35.11111, -10.888889, 25.11111, -14.222222, 48.22222, 0.27171725, -2.0059998, 4
209.0, 249.0, 9.0, 0.0, 0.0, 2.4444444, 2.3851857, 2.8888886, 3.8074067, 8.555555, 8.0, 7.5555553, 10.111111, -1.6666666, -3.0, 4.6666665, 10.111111, 0.30902183, 1.9174206, 7
228.0, 191.0, 9.0, 0.0, 0.0, 1.4444447, 0.6206325, 2.3333328, 1.1925693, 49.22222, 44.0, 60.555557, 43.11111, -15.666667, 34.0, -18.333334, 60.555557, 0.28958246, -2.040515, 6
133.0, 125.0, 9.0, 0.0, 0.0, 1.4444433, 2.8296287, 2.1111114, 1.3185211, 66.25926, 61.11111, 79.111115, 58.555557, -15.444445, 38.555557, -23.11111, 79.111115, 0.2598418, -1.9632003, 4
45.0, 126.0, 9.0, 0.0, 0.0, 7.0, 3.870114, 2.5555556, 1.7971169, 10.185185, 4.888889, 17.222223, 8.444445, -15.888889, 21.11111, -5.2222223, 17.222223, 0.7364309, -2.4498394, 3
147.0, 182.0, 9.0, 0.0, 0.0, 2.2777786, 1.7051128, 2.9444447, 1.5974519, 43.592594, 40.333336, 52.555557, 37.88889, -9.777778, 26.88889, -17.11111, 52.555557, 0.27866945, -1.9191672, 6
221.0, 50.0, 9.0, 0.0, 0.0, 0.44444528, 0.5443321, 1.4444441, 0.6885326, 122.07407, 109.888885, 139.77779, 116.55556, -36.555557, 53.11111, -16.555555, 139.77779, 0.21380861, -2.3256788, 2
160.0, 110.0, 9.0, 0.0, 0.0, 0.833333, 0.6912145, 0.4444437, 0.2721654, 31.62963, 27.222221, 39.333336, 28.333334, -13.222222, 23.11111, -9.888889, 39.333336, 0.3074441, -2.1872416, 5
178.0, 138.0, 9.0, 0.0, 0.0, 0.11111108, 0.17213255, 0.05555554, 0.13608274, 1.3703704, 1.0, 3.1111112, 0.0, -1.1111112, 5.2222223, -4.111111, 3.1111112, 1.0, -1.755017, 5
214.0, 79.0, 9.0, 0.0, 0.0, 1.2777778, 0.86296296, 1.3333334, 0.53333336, 4.851852, 2.0, 9.222222, 3.3333333, -8.555555, 13.111111, -4.5555553, 9.222222, 0.7916667, -2.2889814, 3
142.0, 111.0, 9.0, 0.0, 0.0, 1.1111113, 0.45541987, 0.55555534, 0.34426492, 28.74074, 24.555555, 35.88889, 25.777779, -12.555555, 21.444445, -8.888889, 35.88889, 0.31548372, -2.2026672, 5
11.0, 50.0, 9.0, 0.11111111, 0.0, 1.7777773, 1.0036945, 1.111112, 0.9108403, 109.25926, 93.888885, 130.33334, 103.55556, -46.11111, 63.22222, -17.11111, 130.33334, 0.27970007, -2.3720198, 2
226.0, 176.0, 9.0, 0.0, 0.0, 3.0555546, 3.2756119, 2.3888893, 2.870668, 56.925926, 50.444443, 71.44444, 48.88889, -19.444445, 43.555557, -24.11111, 71.44444, 0.3158616, -2.0217843, 6
159.0, 138.0, 9.0, 0.0, 0.0, 0.16666667, 0.16666667, 0.3333334, 0.13333334, 2.6666667, 1.1111112, 5.888889, 1.0, -4.6666665, 9.666667, -5.0, 5.888889, 0.82685184, -2.0778158, 5
242.0, 81.0, 9.0, 0.0, 0.0, 1.5, 1.1444466, 1.2222227, 0.7407415, 38.25926, 34.555557, 47.22222, 33.0, -11.111111, 26.88889, -15.777778, 47.22222, 0.30079645, -1.9845657, 4
97.0, 46.0, 9.0, 0.0, 0.0, 1.6666673, 1.6193271, 2.2222207, 1.4089662, 62.333332, 53.22222, 79.111115, 54.666668, -27.333334, 50.333332, -23.0, 79.111115, 0.32671866, -2.1523037, 4
102.0, 203.0, 9.0, 0.0, 0.0, 0.6666665, 0.760117, 1.3333331, 0.8944272, 9.777778, 7.4444447, 6.4444447, 15.444445, -7.0, -10.0, 17.0, 15.444445, 0.5918262, 1.9847853, 7
204.0, 156.0, 9.0, 0.0, 0.0, 0.5000003, 0.27888626, 1.9999996, 0.55777323, 23.703703, 17.333334, 25.444445, 28.333334, -19.11111, 5.2222223, 13.888889, 28.333334, 0.38903406, 2.8649306, 7
231.0, 91.0, 9.0, 0.0, 0.0, 0.4999999, 0.27888656, 0.5555554, 0.17213255, 6.0, 4.5555553, 9.777778, 3.6666667, -4.3333335, 11.333333, -7.0, 9.777778, 0.62065095, -1.9349097, 5
10.0, 112.0, 9.0, 0.0, 0.0, 0.33333334, 0.42163706, 0.50000006, 0.1825741, 0.44444445, 0.0, 1.2222222, 0.11111111, -1.3333334, 2.3333333, -1.0, 1.2222222, 0.6666667, -2.1519136, 3
103.0, 125.0, 9.0, 0.0, 0.0, 0.9444445, 0.82775915, 0.83333343, 0.6912146, 1.7777778, 0.44444445, 3.8888888, 1.0, -4.0, 6.3333335, -2.3333333, 3.8888888, 0.9238095, -2.2375617, 3
79.0, 48.0, 9.0, 0.0, 0.0, 1.0555534, 0.9962996, 0.99999875, 0.35555598, 107.888885, 94.77778, 129.11111, 99.77778, -39.333332, 63.666668, -24.333334, 129.11111, 0.26589924, -2.2470357, 2
96.0, 80.0, 9.0, 0.11111111, 0.0, 1.5555557, 4.162963, 2.5000002, 1.9, 26.0, 24.0, 34.444447, 19.555555, -6.0, 25.333334, -19.333334, 34.444447, 0.4324709, -1.7735944, 1
40.0, 57.0, 9.0, 0.0, 0.0, 1.1666654, 0.72265136, 1.3888906, 0.8004639, 123.55556, 112.22222, 139.0, 119.44444, -34.0, 46.333332, -12.333333, 139.0, 0.1924883, -2.376054, 2
186.0, 218.0, 9.0, 0.0, 0.0, 1.1666666, 0.74444425, 1.1666665, 0.65555507, 13.703704, 10.666667, 12.666667, 17.777779, -9.111111, -3.1111112, 12.222222, 17.777779, 0.40134683, 2.3826835, 7
244.0, 134.0, 9.0, 0.11111111, 0.0, 2.1111126, 1.1287498, 1.0000006, 0.7302964, 44.703705, 37.11111, 58.22222, 38.77778, -22.777779, 40.555557, -17.777779, 58.22222, 0.36128438, -2.1753492, 4
214.0, 161.0, 9.0, 0.0, 0.0, 3.7222223, 0.72963357, 11.5, 18.922234, 40.444443, 35.333336, 49.666668, 36.333336, -15.333333, 27.666666, -12.333333, 49.666668, 0.29805613, -2.198939, 6
217.0, 77.0, 9.0, 0.0, 0.0, 1.5555553, 2.74074, 1.6666666, 0.53333336, 40.22222, 37.22222, 48.22222, 35.22222, -9.0, 24.0, -15.0, 48.22222, 0.26919183, -1.9320657, 4
217.0, 45.0, 9.0, 0.11111111, 0.0, 0.88888806, 0.20740764, 1.5555573, 0.8296282, 121.51852, 111.111115, 137.33334, 116.111115, -31.222221, 47.444443, -16.222221, 137.33334, 0.19091243, -2.292668, 2
233.0, 64.0, 9.0, 0.0, 0.0, 1.0000013, 0.80000305, 0.7777774, 0.20740618, 92.81481, 77.22222, 118.666664, 82.55556, -46.77778, 77.55556, -30.777779, 118.666664, 0.3492103, -2.2289393, 2
64.0, 114.0, 9.0, 0.0, 0.0, 5.166667, 6.320163, 8.833333, 8.66859, 29.814816, 18.333334, 47.22222, 23.88889, -34.444443, 52.22222, -17.777779, 47.22222, 0.62924504, -2.2953806, 3
240.0, 145.0, 9.0, 0.0, 0.0, 0.38888896, 0.15185192, 0.50000006, 0.12222223, 4.0740743, 5.3333335, 5.0, 1.8888888, 3.7777777, 2.7777777, -6.5555553, 5.4444447, 0.65555555, -0.9594855, 1
114.0, 102.0, 9.0, 0.0, 0.0, 1.1111112, 1.2296298, 1.1666665, 0.877778, 4.037037, 1.0, 8.444445, 2.6666667, -9.111111, 13.222222, -4.111111, 8.444445, 0.8912177, -2.3161116, 3
168.0, 70.0, 9.0, 0.0, 0.0, 0.8333333, 0.6111117, 0.3888893, 0.10740789, 55.037037, 51.555557, 64.88889, 48.666668, -10.444445, 29.555555, -19.11111, 64.88889, 0.24982914, -1.9079554, 4
57.0, 118.0, 9.0, 0.0, 0.0, 2.833334, 5.5, 1.2222223, 0.87407327, 19.407408, 15.555555, 26.555555, 16.11111, -11.555555, 21.444445, -9.888889, 26.555555, 0.4187123, -2.14718, 5
67.0, 136.0, 9.0, 0.0, 0.0, 6.722223, 3.7083488, 2.6666667, 3.1972213, 15.518518, 9.0, 25.333334, 12.222222, -19.555555, 29.444445, -9.888889, 25.333334, 0.66081303, -2.3075109, 3
205.0, 106.0, 9.0, 0.0, 0.0, 0.7777777, 0.4554203, 0.3888893, 0.1360822, 17.481482, 14.111111, 24.0, 14.333333, -10.111111, 19.555555, -9.444445, 24.0, 0.41640097, -2.1176713, 5
230.0, 124.0, 9.0, 0.0, 0.0, 0.2777778, 0.10740743, 0.2777778, 0.15185183, 0.6666667, 0.0, 2.0, 0.0, -2.0, 4.0, -2.0, 2.0, 1.0, -2.0943952, 3
103.0, 216.0, 9.0, 0.0, 0.0, 1.4999999, 0.56666666, 0.8333332, 1.1888888, 7.0740743, 5.111111, 5.0, 11.111111, -5.888889, -6.2222223, 12.111111, 11.111111, 0.59312356, 2.0792952, 7
80.0, 87.0, 9.0, 0.0, 0.11111111, 24.388891, 572.9964, 44.722225, 1386.3292, 67.44444, 58.77778, 79.0, 64.55556, -26.0, 34.666668, -8.666667, 79.0, 0.30628127, -2.4221272, 3
156.0, 154.0, 9.0, 0.0, 0.0, 0.2777778, 0.3277307, 0.77777773, 0.544331, 1.7407408, 1.0, 3.5555556, 0.6666667, -2.2222223, 5.4444447, -3.2222223, 3.5555556, 0.8388889, -1.9882019, 5
236.0, 240.0, 9.0, 0.0, 0.0, 2.5555553, 1.6688874, 3.3888886, 2.4532666, 22.481482, 19.555555, 19.777779, 28.11111, -8.777778, -8.111111, 16.88889, 28.11111, 0.329382, 2.1418114, 7
14.0, 135.0, 9.0, 0.0, 0.0, 0.27777776, 0.062962964, 0.27777776, 0.06296293, 2.8888888, 1.6666666, 6.0, 1.0, -3.6666667, 9.333333, -5.6666665, 6.0, 0.83227515, -1.958546, 5
182.0, 186.0, 9.0, 0.11111111, 0.0, 3.666666, 2.0439608, 1.7777767, 1.2412661, 48.444443, 43.77778, 59.88889, 41.666668, -14.0, 34.333332, -20.333334, 59.88889, 0.30452195, -1.9730555, 6
138.0, 137.0, 9.0, 0.11111111, 0.0, 1.666667, 1.7777779, 1.0000001, 0.17777735, 7.6296296, 3.1111112, 13.888889, 5.888889, -13.555555, 18.777779, -5.2222223, 13.888889, 0.77986646, -2.3607821, 3
68.0, 128.0, 9.0, 0.0, 0.0, 21.333334, 5.955534, 1.3333341, 0.8444443, 35.592594, 32.11111, 43.77778, 30.88889, -10.444445, 24.555555, -14.111111, 43.77778, 0.31617704, -1.9818461, 4
27.0, 248.0, 9.0, 0.11111111, 0.0, 1.611111, 0.6469295, 3.1666667, 1.7224005, 15.296296, 14.777778, 12.888889, 18.222221, -1.5555556, -7.2222223, 8.777778, 18.222221, 0.31222734, 1.7835119, 7
21.0, 122.0, 9.0, 0.0, 0.0, 0.44444445, 0.4036867, 0.44444445, 0.4036867, 0.5555556, 0.0, 1.2222222, 0.44444445, -1.6666666, 2.0, -0.33333334, 1.2222222, 0.5555556, -2.4445627, 3
63.0, 158.0, 9.0, 0.11111111, 0.0, 0.99999934, 1.0540929, 1.888889, 1.29386, 22.185184, 16.444445, 22.222221, 27.88889, -17.222221, 0.11111111, 17.11111, 27.88889, 0.41181073, 2.6247067, 7
252.0, 201.0, 9.0, 0.0, 0.0, 4.6111107, 5.495115, 5.5555553, 5.795274, 40.296295, 35.77778, 49.0, 36.11111, -13.555555, 26.11111, -12.555555, 49.0, 0.2753682, -2.1758256, 6
65.0, 75.0, 9.0, 0.0, 0.0, 0.611111, 0.32963, 0.72222203, 0.19629599, 21.333334, 21.11111, 27.11111, 15.777778, -0.6666667, 17.333334, -16.666666, 27.11111, 0.41704598, -1.5901641, 1
35.0, 62.0, 9.0, 0.0, 0.0, 0.7777786, 0.5185192, 1.2222227, 1.051853, 21.222221, 20.777779, 27.222221, 15.666667, -1.3333334, 18.0, -16.666666, 27.222221, 0.423121, -1.6203984, 1
174.0, 152.0, 9.0, 0.0, 0.0, 0.0, 0.0, 0.0, 0.0, 0.0, 0.0, 0.0, 0.0, 0.0, 0.0, 0.0, 0.0, 0.0, 0.0, 5
200.0, 193.0, 9.0, 0.0, 0.0, 2.555556, 2.0403337, 4.6111107, 3.5926886, 41.185184, 37.444443, 50.0, 36.11111, -11.222222, 26.444445, -15.222222, 50.0, 0.27987626, -1.9958013, 6
14.0, 110.0, 9.0, 0.0, 0.0, 1.7222224, 5.3518505, 2.6666667, 1.0222229, 17.925926, 18.88889, 21.444445, 13.444445, 2.8888888, 10.555555, -13.444445, 21.444445, 0.36884832, -1.3450956, 1
225.0, 90.0, 9.0, 0.0, 0.0, 0.38888893, 0.2509241, 0.55555564, 0.45542005, 6.5925927, 4.666667, 11.222222, 3.8888888, -5.7777777, 13.888889, -8.111111, 11.222222, 0.65115255, -1.987466, 5
96.0, 84.0, 9.0, 0.0, 0.0, 1.5000004, 1.2777773, 1.6111107, 2.2851882, 23.851852, 23.555555, 30.0, 18.0, -0.8888889, 18.444445, -17.555555, 30.0, 0.39879107, -1.598867, 1
252.0, 71.0, 9.0, 0.0, 0.0, 0.7222214, 0.32962844, 1.3333334, 0.71110994, 89.14815, 72.77778, 115.55556, 79.111115, -49.11111, 79.22222, -30.11111, 115.55556, 0.37009746, -2.2494755, 2
118.0, 180.0, 9.0, 0.0, 0.0, 1.9444447, 1.4819913, 3.1111114, 1.0886629, 48.555557, 44.11111, 59.0, 42.555557, -13.333333, 31.333334, -18.0, 59.0, 0.27882218, -1.9960423, 6
119.0, 169.0, 9.0, 0.0, 0.0, 1.166667, 0.98319227, 0.9999997, 0.91893625, 25.962963, 20.88889, 25.0, 32.0, -15.222222, -2.8888888, 18.11111, 32.0, 0.34778315, 2.4790645, 7
22.0, 125.0, 9.0, 0.0, 0.0, 2.277778, 1.8063672, 2.4444447, 1.3443986, 58.22222, 50.22222, 73.77778, 50.666668, -24.0, 46.666668, -22.666666, 73.77778, 0.32390848, -2.1127234, 4
52.0, 170.0, 9.0, 0.0, 0.0, 0.55555564, 0.4554201, 0.94444436, 0.38968262, 25.444445, 20.11111, 25.333334, 30.88889, -16.0, -0.33333334, 16.333334, 30.88889, 0.34911168, 2.6040132, 7
216.0, 126.0, 9.0, 0.0, 0.0, 0.5555555, 0.20740744, 0.5555556, 0.07407395, 4.9259257, 6.4444447, 5.7777777, 2.5555556, 4.5555553, 2.5555556, -7.111111, 6.5555553, 0.6111111, -0.877707, 1
163.0, 43.0, 9.0, 0.0, 0.0, 0.8333346, 0.43333283, 0.8333346, 0.6111112, 126.48148, 117.333336, 140.55556, 121.55556, -27.444445, 42.22222, -14.777778, 140.55556, 0.1651921, -2.2802067, 2
93.0, 29.0, 9.0, 0.0, 0.0, 1.2222239, 1.2296363, 1.3888906, 1.5740819, 128.48148, 119.0, 142.77777, 123.666664, -28.444445, 42.88889, -14.444445, 142.77777, 0.16648434, -2.2977605, 2
207.0, 217.0, 9.0, 0.0, 0.0, 0.77777785, 0.47407398, 2.0555556, 0.9074081, 6.296296, 5.0, 4.2222223, 9.666667, -3.8888888, -6.2222223, 10.111111, 9.666667, 0.58261186, 1.9761382, 7
206.0, 105.0, 9.0, 0.0, 0.0, 0.27777734, 0.06296308, 0.61111134, 0.15185204, 50.185184, 45.666668, 60.88889, 44.0, -13.555555, 32.11111, -18.555555, 60.88889, 0.27710575, -1.9919642, 4
94.0, 144.0, 9.0, 0.0, 0.0, 0.44444442, 0.118518494, 0.49999997, 0.1666667, 1.1481482, 0.0, 3.4444444, 0.0, -3.4444444, 6.888889, -3.4444444, 3.4444444, 1.0, -2.0943952, 3
21.0, 216.0, 9.0, 0.11111111, 0.0, 3.833333, 0.69999796, 0.8333333, 0.47777775, 16.555555, 13.111111, 14.0, 22.555555, -10.333333, -7.6666665, 18.0, 22.555555, 0.426777, 2.2093086, 7
4.0, 248.0, 9.0, 0.0, 0.0, 3.333334, 1.8135293, 3.2222226, 1.2590408, 19.555555, 15.555555, 16.666668, 26.444445, -12.0, -8.666667, 20.666666, 26.444445, 0.42215064, 2.205099, 7
121.0, 112.0, 9.0, 0.0, 0.0, 2.3888886, 1.7690756, 0.5000003, 0.2788867, 23.703703, 19.444445, 32.333336, 19.333334, -12.777778, 25.88889, -13.111111, 32.333336, 0.40954432, -2.0852482, 5
4.0, 189.0, 9.0, 0.0, 0.0, 2.0555565, 3.8851852, 11.722221, 114.59634, 26.444445, 23.444445, 33.0, 22.88889, -9.0, 19.666666, -10.666667, 33.0, 0.27147257, -2.1010017, 6
137.0, 182.0, 9.0, 0.0, 0.0, 1.8333334, 3.8555553, 3.6111107, 9.218522, 34.925926, 31.444445, 42.88889, 30.444445, -10.444445, 23.88889, -13.444445, 42.88889, 0.28575617, -2.0011246, 6
68.0, 198.0, 9.0, 0.0, 0.11111111, 2.8888886, 2.8803296, 3.0555553, 2.8706684, 58.074074, 51.444443, 71.888885, 50.88889, -19.88889, 41.444443, -21.555555, 71.888885, 0.29130092, -2.0648882, 6
37.0, 103.0, 9.0, 0.0, 0.0, 1.7777777, 2.1256804, 2.9444447, 3.421609, 3.851852, 1.8888888, 6.2222223, 3.4444444, -5.888889, 7.111111, -1.2222222, 6.2222223, 0.79907405, -2.497929, 3
234.0, 58.0, 9.0, 0.0, 0.0, 1.1666679, 0.3888878, 1.0000013, 0.5333344, 93.14815, 77.333336, 118.77778, 83.333336, -47.444443, 76.888885, -29.444445, 118.77778, 0.34886265, -2.2463162, 2
35.0, 96.0, 9.0, 0.11111111, 0.0, 2.1111114, 1.0074071, 2.833333, 3.855554, 21.74074, 20.777779, 27.777779, 16.666668, -2.8888888, 18.11111, -15.222222, 27.777779, 0.39949927, -1.6769211, 1
42.0, 56.0, 9.0, 0.0, 0.0, 1.0555553, 0.95185125, 1.333333, 1.5999998, 22.74074, 21.11111, 30.222221, 16.88889, -4.888889, 22.444445, -17.555555, 30.222221, 0.44070765, -1.759414, 1
194.0, 178.0, 9.0, 0.0, 0.0, 1.222222, 1.0518546, 8.0, 12.577775, 33.666668, 29.666666, 41.88889, 29.444445, -12.0, 24.666666, -12.666667, 41.88889, 0.29696295, -2.103758, 6
155.0, 140.0, 9.0, 0.0, 0.0, 0.44444442, 0.11851859, 0.66666675, 0.08888887, 5.0, 6.5555553, 5.5555553, 2.8888888, 4.6666665, 1.6666666, -6.3333335, 6.6666665, 0.56415343, -0.7836471, 1
236.0, 115.0, 9.0, 0.0, 0.0, 4.388889, 3.6629639, 0.44444418, 0.07407387, 14.740741, 10.666667, 22.222221, 11.333333, -12.222222, 22.444445, -10.222222, 22.222221, 0.5331259, -2.1516252, 5
38.0, 94.0, 9.0, 0.11111111, 0.0, 1.3888906, 1.0417213, 0.88888806, 0.7793629, 68.111115, 61.11111, 82.66667, 60.555557, -21.0, 43.666668, -22.666666, 82.66667, 0.26725835, -2.0685365, 4
219.0, 132.0, 9.0, 0.0, 0.0, 1.4444447, 0.65546167, 1.1111107, 0.7503098, 35.22222, 29.555555, 45.666668, 30.444445, -17.0, 31.333334, -14.333333, 45.666668, 0.35474625, -2.1469688, 4
97.0, 63.0, 9.0, 0.0, 0.0, 0.7222214, 0.4430521, 0.33333206, 0.21081766, 108.92593, 96.22222, 126.111115, 104.44444, -38.11111, 51.555557, -13.444445, 126.111115, 0.23688999, -2.3824377, 2
130.0, 189.0, 9.0, 0.11111111, 0.0, 2.4999993, 0.9831926, 2.1111114, 2.8100357, 58.62963, 51.77778, 73.333336, 50.77778, -20.555555, 44.11111, -23.555555, 73.333336, 0.30798513, -2.0480576, 6
14.0, 117.0, 9.0, 0.0, 0.0, 0.33333325, 0.13333334, 0.5555556, 0.07407414, 5.7777777, 6.3333335, 7.5555553, 3.4444444, 1.6666666, 5.3333335, -7.0, 7.5555553, 0.5436508, -1.353896, 1
1.0, 189.0, 9.0, 0.0, 0.0, 1.3888875, 0.4629626, 12.388889, 84.59629, 23.592592, 21.11111, 29.333334, 20.333334, -7.4444447, 17.222221, -9.777778, 29.333334, 0.23309669, -2.0197496, 6
153.0, 204.0, 9.0, 0.11111111, 0.0, 2.388889, 1.6920295, 3.3333333, 1.3824291, 19.407408, 15.333333, 16.88889, 26.0, -12.222222, -7.5555553, 19.777779, 26.0, 0.4203661, 2.2444103, 7
112.0, 102.0, 9.0, 0.0, 0.0, 0.5555555, 0.20740739, 1.5555555, 0.4740743, 3.3703704, 0.5555556, 7.6666665, 1.8888888, -8.444445, 12.888889, -4.4444447, 7.6666665, 0.94074076, -2.2751586, 3
203.0, 120.0, 9.0, 0.0, 0.0, 3.3333328, 3.9111094, 4.277778, 9.262964, 49.407406, 44.88889, 59.333332, 44.0, -13.555555, 29.777779, -16.222221, 59.333332, 0.2634666, -2.035243, 4
239.0, 137.0, 9.0, 0.0, 0.0, 1.7777773, 1.360828, 3.4444447, 1.0886629, 40.851852, 39.88889, 45.333332, 37.333336, -2.8888888, 13.444445, -10.555555, 45.333332, 0.1760659, -1.7579898, 4
80.0, 87.0, 9.0, 0.0, 0.11111111, 24.388891, 572.9964, 44.722225, 1386.3292, 67.44444, 58.77778, 79.0, 64.55556, -26.0, 34.666668, -8.666667, 79.0, 0.30628127, -2.4221272, 3
34.0, 242.0, 9.0, 0.0, 0.0, 1.611111, 1.638653, 2.4444447, 1.1088866, 14.814815, 11.333333, 15.666667, 17.444445, -10.444445, 2.5555556, 7.888889, 17.444445, 0.35316142, 2.835614, 7
93.0, 231.0, 9.0, 0.0, 0.0, 2.4444444, 2.42963, 2.6666667, 3.1555562, 12.296296, 8.777778, 11.111111, 17.0, -10.555555, -3.5555556, 14.111111, 17.0, 0.48521596, 2.3913069, 7
54.0, 133.0, 9.0, 0.0, 0.0, 4.3888893, 1.705111, 1.2777773, 1.2186816, 21.444445, 19.88889, 25.777779, 18.666668, -4.6666665, 13.0, -8.333333, 25.777779, 0.27027062, -1.9038104, 4
219.0, 80.0, 9.0, 0.0, 0.0, 1.2777767, 0.3296295, 0.6666667, 0.9333318, 39.703705, 36.333336, 48.22222, 34.555557, -10.111111, 25.555555, -15.444445, 48.22222, 0.28296396, -1.9626464, 4
85.0, 223.0, 9.0, 0.11111111, 0.0, 1.7777776, 1.0470417, 1.9444445, 1.5116831, 14.740741, 12.666667, 11.555555, 20.0, -6.2222223, -9.555555, 15.777778, 20.0, 0.42312294, 1.9665359, 7
34.0, 137.0, 9.0, 0.0, 0.0, 0.5000002, 0.16666673, 1.111111, 0.47407418, 5.851852, 7.7777777, 6.4444447, 3.3333333, 5.7777777, 1.7777778, -7.5555553, 7.7777777, 0.57363313, -0.74427164, 1
71.0, 180.0, 9.0, 0.11111111, 0.0, 1.222222, 0.5629625, 3.0, 1.8666646, 22.333334, 18.333334, 21.444445, 27.222221, -12.0, -2.6666667, 14.666667, 27.222221, 0.3273826, 2.4538307, 7
141.0, 17.0, 9.0, 0.11111111, 0.22222222, 3.7222226, 4.4493027, 5.0, 2.319004, 44.592594, 40.333336, 54.0, 39.444443, -12.777778, 28.222221, -15.444445, 54.0, 0.26818594, -2.030048, 4
188.0, 190.0, 9.0, 0.0, 0.0, 1.9444447, 0.9756285, 2.055556, 1.103865, 48.88889, 44.22222, 60.0, 42.444443, -14.0, 33.333332, -19.333334, 60.0, 0.29230747, -1.9863075, 6
136.0, 77.0, 9.0, 0.22222222, 0.0, 1.888889, 1.4962952, 3.0555556, 5.618516, 26.407408, 24.555555, 34.444447, 20.222221, -5.5555553, 24.11111, -18.555555, 34.444447, 0.4132174, -1.7688724, 1
243.0, 166.0, 9.0, 0.0, 0.0, 0.61111116, 0.3296294, 0.72222203, 0.32962978, 13.37037, 11.222222, 12.111111, 16.777779, -6.4444447, -3.7777777, 10.222222, 16.777779, 0.33051255, 2.2642767, 7
240.0, 190.0, 9.0, 0.0, 0.0, 1.5555553, 0.75030917, 1.3333334, 1.0954453, 20.11111, 15.888889, 17.555555, 26.88889, -12.666667, -7.6666665, 20.333334, 26.88889, 0.4093088, 2.252231, 7
138.0, 133.0, 9.0, 0.0, 0.0, 0.6666667, 0.44444433, 1.1666666, 0.21111093, 6.4444447, 7.7777777, 7.888889, 3.6666667, 4.0, 4.3333335, -8.333333, 8.222222, 0.5582011, -1.0776595, 1
33.0, 142.0, 9.0, 0.0, 0.0, 0.11111113, 0.029629637, 0.11111113, 0.029629637, 0.037037037, 0.0, 0.11111111, 0.0, -0.11111111, 0.22222222, -0.11111111, 0.11111111, 0.11111111, -2.0943952, 3
189.0, 107.0, 9.0, 0.0, 0.0, 1.0, 1.2888924, 1.0555547, 0.418522, 133.66667, 125.77778, 145.22223, 130.0, -23.666666, 34.666668, -11.0, 145.22223, 0.13383016, -2.3173838, 2
190.0, 96.0, 9.0, 0.0, 0.0, 0.3888893, 0.1962966, 0.9444453, 0.41851908, 90.81481, 76.0, 115.666664, 80.77778, -44.444443, 74.55556, -30.11111, 115.666664, 0.34293815, -2.2199793, 2
8.0, 162.0, 9.0, 0.11111111, 0.0, 1.611111, 2.0629625, 0.3333334, 0.13333334, 8.37037, 6.6666665, 12.0, 6.4444447, -5.111111, 10.888889, -5.7777777, 12.0, 0.48480532, -2.0449464, 4
20.0, 137.0, 9.0, 0.0, 0.0, 0.11111113, 0.029629631, 0.27777782, 0.018518519, 0.22222222, 0.0, 0.6666667, 0.0, -0.6666667, 1.3333334, -0.6666667, 0.6666667, 0.6666667, -2.0943952, 3
49.0, 40.0, 9.0, 0.0, 0.0, 0.99999875, 0.42163533, 0.8333333, 0.72265035, 125.111115, 114.0, 141.55556, 119.77778, -33.333332, 49.333332, -16.0, 141.55556, 0.19453695, -2.3136847, 2
119.0, 192.0, 9.0, 0.11111111, 0.0, 2.4999993, 2.0843334, 6.1666675, 2.3261807, 59.555557, 52.555557, 74.77778, 51.333332, -21.0, 45.666668, -24.666666, 74.77778, 0.31279564, -2.0381765, 6
96.0, 135.0, 9.0, 0.0, 0.0, 0.38888893, 0.06296293, 0.16666664, 0.033333324, 1.925926, 1.0, 4.4444447, 0.33333334, -2.7777777, 7.5555553, -4.7777777, 4.4444447, 0.92777777, -1.9313321, 5
123.0, 194.0, 9.0, 0.0, 0.0, 2.555556, 1.7847078, 9.111109, 7.7133846, 60.814816, 54.333332, 74.888885, 53.22222, -19.444445, 42.22222, -22.777779, 74.888885, 0.29238248, -2.033605, 6
228.0, 20.0, 9.0, 0.0, 0.0, 1.0555547, 0.49065518, 0.8333333, 0.7527733, 125.0, 114.0, 140.55556, 120.44444, -33.0, 46.666668, -13.666667, 140.55556, 0.18889166, -2.348006, 2
225.0, 222.0, 9.0, 0.11111111, 0.0, 1.5, 0.4777781, 1.7777778, 1.7185186, 14.0, 10.777778, 13.666667, 17.555555, -9.666667, -1.0, 10.666667, 17.555555, 0.38572726, 2.5573087, 7
217.0, 23.0, 9.0, 0.0, 0.0, 1.0555547, 0.61161584, 1.1666654, 0.54772294, 124.44444, 111.888885, 141.66667, 119.77778, -37.666668, 51.666668, -14.0, 141.66667, 0.2101616, -2.3705504, 2
73.0, 31.0, 9.0, 0.0, 0.0, 0.555556, 0.4554202, 0.8888893, 0.34426534, 126.85185, 115.55556, 143.11111, 121.888885, -33.88889, 48.77778, -14.888889, 143.11111, 0.19245563, -2.3348312, 2
34.0, 116.0, 9.0, 0.0, 0.0, 5.777778, 4.405383, 0.49999872, 0.27888796, 61.0, 52.444443, 76.44444, 54.11111, -25.666666, 46.333332, -20.666666, 76.44444, 0.31323463, -2.1617932, 4
113.0, 114.0, 9.0, 0.0, 0.0, 0.94444466, 0.5074079, 0.33333364, 0.08888922, 25.814816, 21.0, 34.666668, 21.777779, -14.444445, 26.555555, -12.111111, 34.666668, 0.39392713, -2.1527398, 5
183.0, 157.0, 9.0, 0.0, 0.0, 0.6666667, 0.4216376, 2.1111114, 0.62063295, 19.666666, 16.444445, 18.666668, 23.88889, -9.666667, -3.0, 12.666667, 23.88889, 0.31418663, 2.4052022, 7
222.0, 194.0, 9.0, 0.0, 0.0, 2.2777774, 1.1434193, 2.2777777, 1.4207466, 20.185184, 16.555555, 17.88889, 26.11111, -10.888889, -6.888889, 17.777779, 26.11111, 0.3721296, 2.224382, 7
48.0, 83.0, 9.0, 0.0, 0.0, 2.277778, 4.0185175, 2.3333333, 1.6888885, 6.259259, 2.2222223, 11.888889, 4.666667, -12.111111, 16.88889, -4.7777777, 11.888889, 0.82735026, -2.3450046, 3
22.0, 116.0, 9.0, 0.0, 0.0, 0.38888875, 0.10740741, 0.33333325, 0.13333334, 5.6296296, 6.7777777, 7.0, 3.1111112, 3.4444444, 4.111111, -7.5555553, 7.3333335, 0.57539684, -1.0996237, 1
187.0, 89.0, 9.0, 0.0, 0.0, 1.7777777, 1.7469549, 0.9444444, 0.80046284, 5.037037, 2.8888888, 9.555555, 2.6666667, -6.4444447, 13.555555, -7.111111, 9.555555, 0.74090356, -2.0653422, 5
166.0, 66.0, 9.0, 0.0, 0.0, 0.7777767, 0.6554609, 5.2777767, 4.959466, 41.62963, 40.555557, 46.333332, 38.0, -3.2222223, 14.111111, -10.888889, 46.333332, 0.17887476, -1.7485459, 4
152.0, 18.0, 9.0, 0.0, 0.0, 0.7777774, 0.4554219, 0.55555725, 0.2721644, 112.111115, 97.22222, 130.44444, 108.666664, -44.666668, 55.0, -10.333333, 130.44444, 0.2546684, -2.45498, 2
237.0, 135.0, 9.0, 0.0, 0.0, 0.5555556, 0.20740725, 0.66666675, 0.35555547, 4.148148, 5.6666665, 4.7777777, 2.0, 4.5555553, 1.8888888, -6.4444447, 5.6666665, 0.6472222, -0.8078477, 1
139.0, 185.0, 9.0, 0.0, 0.0, 1.9999994, 0.63245475, 1.222222, 1.9051588, 59.148148, 52.22222, 73.44444, 51.77778, -20.777779, 42.88889, -22.11111, 73.44444, 0.29643956, -2.0738695, 6
157.0, 85.0, 9.0, 0.0, 0.0, 1.2222223, 1.2412657, 0.22222233, 0.17213264, 18.925926, 14.555555, 26.88889, 15.333333, -13.111111, 23.88889, -10.777778, 26.88889, 0.45902446, -2.1609125, 5
51.0, 56.0, 9.0, 0.0, 0.0, 0.88888675, 0.16296297, 0.7222214, 0.10740789, 126.44444, 116.22222, 141.66667, 121.44444, -30.666666, 45.666668, -15.0, 141.66667, 0.17948268, -2.3076565, 2
17.0, 204.0, 9.0, 0.0, 0.0, 2.0000007, 1.2823583, 2.1666667, 0.7527733, 57.25926, 50.88889, 71.22222, 49.666668, -19.11111, 41.88889, -22.777779, 71.22222, 0.3026711, -2.0373724, 6
164.0, 45.0, 9.0, 0.0, 0.0, 1.0555559, 0.59629923, 1.0, 0.22221947, 101.92593, 88.111115, 124.55556, 93.111115, -41.444443, 67.888885, -26.444445, 124.55556, 0.29250294, -2.238324, 2
121.0, 154.0, 9.0, 0.0, 0.0, 0.44444442, 0.118518524, 2.611111, 5.7518525, 1.8518518, 1.5555556, 3.0, 1.0, -0.8888889, 3.4444444, -2.5555556, 3.0, 0.5343915, -1.9059265, 5
22.0, 116.0, 9.0, 0.0, 0.0, 0.38888875, 0.10740741, 0.33333325, 0.13333334, 5.6296296, 6.7777777, 7.0, 3.1111112, 3.4444444, 4.111111, -7.5555553, 7.3333335, 0.57539684, -1.0996237, 1
19.0, 102.0, 9.0, 0.0, 0.0, 3.88889, 1.5006163, 1.1666666, 0.62360954, 58.37037, 50.666668, 73.44444, 51.0, -23.11111, 45.22222, -22.11111, 73.44444, 0.317014, -2.1020474, 4
14.0, 60.0, 9.0, 0.0, 0.0, 0.55555505, 0.78518444, 1.0555553, 0.06296298, 19.333334, 18.88889, 24.777779, 14.333333, -1.3333334, 16.333334, -15.0, 24.777779, 0.41924807, -1.6233917, 1
63.0, 203.0, 9.0, 0.0, 0.0, 4.277778, 3.7913144, 3.4444447, 4.0368657, 58.48148, 52.444443, 71.66667, 51.333332, -18.11111, 39.555557, -21.444445, 71.66667, 0.28710723, -2.0346415, 6
21.0, 53.0, 9.0, 0.0, 0.0, 0.888889, 0.5185181, 1.1666666, 0.43333283, 21.555555, 20.88889, 27.444445, 16.333334, -2.0, 17.666666, -15.666667, 27.444445, 0.40413755, -1.6621771, 1
93.0, 236.0, 9.0, 0.11111111, 0.0, 1.7777777, 2.6962965, 1.9999999, 0.93333334, 12.518518, 9.555555, 10.777778, 17.222223, -8.888889, -5.2222223, 14.111111, 17.222223, 0.44724658, 2.2671974, 7
6.0, 154.0, 9.0, 0.0, 0.0, 0.11111113, 0.029629631, 0.11111111, 0.029629635, 0.074074075, 0.0, 0.22222222, 0.0, -0.22222222, 0.44444445, -0.22222222, 0.22222222, 0.22222222, -2.0943952, 5
250.0, 160.0, 9.0, 0.0, 0.0, 2.1111114, 1.1851863, 1.5555553, 2.740741, 42.814816, 36.444443, 55.333332, 36.666668, -19.11111, 37.555557, -18.444445, 55.333332, 0.34714225, -2.1023183, 6
139.0, 16.0, 9.0, 0.0, 0.0, 0.6666667, 0.35555902, 0.9444478, 0.06296336, 140.40741, 134.66667, 149.88889, 136.66667, -17.222221, 28.444445, -11.222222, 149.88889, 0.101526454, -2.2328947, 2
198.0, 122.0, 9.0, 0.0, 0.0, 1.5, 0.8777781, 11.444446, 103.762955, 36.185184, 32.666668, 44.0, 31.88889, -10.555555, 23.444445, -12.888889, 44.0, 0.29184964, -2.035377, 4
118.0, 126.0, 9.0, 0.0, 0.0, 0.6666667, 0.39999974, 1.8333336, 2.1222224, 20.555555, 16.11111, 28.666666, 16.88889, -13.333333, 24.333334, -11.0, 28.666666, 0.437078, -2.1588047, 4
72.0, 222.0, 9.0, 0.11111111, 0.0, 2.3888888, 2.6407404, 1.611111, 2.2851844, 14.962963, 11.666667, 13.111111, 20.11111, -9.888889, -5.5555553, 15.444445, 20.11111, 0.4254409, 2.2809224, 7
120.0, 108.0, 9.0, 0.0, 0.0, 4.611111, 3.498677, 1.666666, 1.5634735, 58.074074, 52.666668, 69.55556, 52.0, -16.222221, 34.444443, -18.222221, 69.55556, 0.25245842, -2.0538688, 4
166.0, 110.0, 9.0, 0.0, 0.11111111, 0.61111134, 0.24074027, 2.1111114, 2.2962978, 29.296297, 23.0, 40.444443, 24.444445, -18.88889, 33.444443, -14.555555, 40.444443, 0.4318249, -2.182018, 5
84.0, 40.0, 9.0, 0.0, 0.0, 1.1666641, 0.16666654, 1.2222214, 2.1185126, 127.40741, 117.44444, 142.22223, 122.55556, -29.88889, 44.444443, -14.555555, 142.22223, 0.17420864, -2.3087664, 2
204.0, 161.0, 9.0, 0.0, 0.0, 1.2777799, 0.5074075, 9.222222, 73.0963, 44.074074, 38.0, 54.555557, 39.666668, -18.222221, 31.444445, -13.222222, 54.555557, 0.3081043, -2.2382925, 6
50.0, 50.0, 9.0, 0.0, 0.0, 0.7777774, 0.6554623, 0.7777799, 0.50185025, 124.111115, 113.111115, 140.88889, 118.333336, -33.0, 50.333332, -17.333334, 140.88889, 0.19716202, -2.2882798, 2
183.0, 182.0, 9.0, 0.0, 0.0, 2.8333328, 2.0949671, 3.5555553, 2.561829, 58.962963, 52.88889, 73.333336, 50.666668, -18.222221, 43.11111, -24.88889, 73.333336, 0.30882537, -1.992052, 6
212.0, 140.0, 9.0, 0.0, 0.0, 3.8333333, 4.204495, 0.66666657, 0.6666667, 2.8888888, 2.6666667, 3.3333333, 2.6666667, -0.6666667, 1.3333334, -0.6666667, 3.3333333, 0.06888328, -2.0943952, 5
239.0, 174.0, 9.0, 0.0, 0.0, 2.0000007, 1.4452988, 1.3888887, 0.85418344, 57.851852, 50.444443, 73.22222, 49.88889, -22.222221, 46.11111, -23.88889, 73.22222, 0.32026085, -2.069045, 6
227.0, 116.0, 9.0, 0.0, 0.0, 0.38888875, 0.15185185, 0.22222225, 0.07407413, 5.4074073, 6.5555553, 6.7777777, 2.8888888, 3.4444444, 4.111111, -7.5555553, 6.888889, 0.58002645, -1.093148, 1
215.0, 193.0, 9.0, 0.0, 0.0, 1.9999994, 0.5163988, 4.8333335, 1.2952919, 45.22222, 40.88889, 55.333332, 39.444443, -13.0, 30.333334, -17.333334, 55.333332, 0.28924206, -2.0001178, 6
33.0, 98.0, 9.0, 0.0, 0.0, 0.6111111, 0.611616, 1.3333331, 0.9189368, 2.0370371, 0.5555556, 3.5555556, 2.0, -4.4444447, 4.5555553, -0.11111111, 3.5555556, 0.8833333, -2.5488977, 3
85.0, 121.0, 9.0, 0.0, 0.0, 1.611111, 1.0628405, 0.94444495, 0.71232516, 17.222221, 8.888889, 29.222221, 13.555555, -25.0, 36.0, -11.0, 29.222221, 0.696178, -2.3358712, 3
238.0, 61.0, 9.0, 0.0, 0.0, 0.66666657, 0.4714045, 0.7222221, 0.49065334, 8.777778, 5.888889, 14.333333, 6.111111, -8.666667, 16.666666, -8.0, 14.333333, 0.5888227, -2.1218371, 5
215.0, 182.0, 9.0, 0.0, 0.0, 2.5555553, 1.4707013, 2.7222226, 1.9823296, 54.185184, 48.555557, 67.22222, 46.77778, -16.88889, 39.11111, -22.222221, 67.22222, 0.30405003, -2.0040817, 6
127.0, 118.0, 9.0, 0.0, 0.0, 11.555554, 10.22995, 0.8333337, 0.6912154, 34.333332, 30.777779, 41.666668, 30.555555, -10.666667, 22.0, -11.333333, 41.666668, 0.29394883, -2.0776675, 4
39.0, 111.0, 9.0, 0.0, 0.0, 0.72222227, 0.37407416, 0.8888889, 0.4296295, 6.037037, 7.0, 7.6666665, 3.4444444, 2.8888888, 4.888889, -7.7777777, 7.888889, 0.56291884, -1.1757725, 1
38.0, 202.0, 9.0, 0.0, 0.0, 2.166666, 1.0697863, 8.333334, 2.5121903, 57.333332, 50.22222, 71.55556, 50.22222, -21.333334, 42.666668, -21.333334, 71.55556, 0.30251354, -2.0937457, 6
222.0, 93.0, 9.0, 0.0, 0.0, 1.7222223, 0.0629626, 0.16666669, 0.033333343, 2.4444444, 1.0, 5.4444447, 0.8888889, -4.3333335, 9.0, -4.6666665, 5.4444447, 0.8783951, -2.0750706, 5
44.0, 33.0, 9.0, 0.0, 0.0, 1.1666641, 0.9368973, 1.0555534, 0.8541826, 125.888885, 114.666664, 141.77779, 121.22222, -33.666668, 47.666668, -14.0, 141.77779, 0.19121477, -2.3480024, 2
173.0, 90.0, 9.0, 0.0, 0.0, 0.6666667, 0.2666664, 0.8333327, 0.3444444, 23.518518, 17.333334, 34.444447, 18.777779, -18.555555, 32.77778, -14.222222, 34.444447, 0.4967188, -2.182442, 5
146.0, 125.0, 9.0, 0.11111111, 0.0, 0.99999744, 0.44444707, 2.1666667, 1.9444479, 69.333336, 63.22222, 83.111115, 61.666668, -18.333334, 41.333332, -23.0, 83.111115, 0.2575994, -2.0195448, 4
226.0, 69.0, 9.0, 0.0, 0.11111111, 19.111113, 991.7184, 20.444445, 1039.5408, 23.814816, 19.222221, 29.333334, 22.88889, -13.777778, 16.555555, -2.7777777, 29.333334, 0.5089938, -2.488979, 3
35.0, 112.0, 9.0, 0.11111111, 0.0, 0.88888913, 0.2962967, 0.55555564, 0.16296294, 16.185184, 12.111111, 23.88889, 12.555555, -12.222222, 23.11111, -10.888889, 23.88889, 0.492526, -2.1333125, 5
144.0, 169.0, 9.0, 0.0, 0.0, 1.1111107, 0.77936363, 1.3888884, 0.74286735, 17.11111, 13.444445, 18.0, 19.88889, -11.0, 2.6666667, 8.333333, 19.88889, 0.32496518, 2.8348217, 7
206.0, 133.0, 9.0, 0.0, 0.0, 0.055555556, 0.13608277, 0.055555556, 0.13608277, 0.37037036, 0.0, 1.1111112, 0.0, -1.1111112, 2.2222223, -1.1111112, 1.1111112, 1.0, -2.0943952, 5
33.0, 131.0, 9.0, 0.0, 0.0, 0.44444445, 0.80737346, 1.0, 1.0954453, 0.7407407, 0.22222222, 1.7777778, 0.22222222, -1.5555556, 3.1111112, -1.5555556, 1.7777778, 0.4074074, -2.0943952, 3
57.0, 89.0, 9.0, 0.0, 0.0, 1.7222222, 1.3066783, 6.1666665, 4.7034264, 17.0, 13.0, 24.555555, 13.444445, -12.0, 22.666666, -10.666667, 24.555555, 0.47748852, -2.1297464, 5
53.0, 198.0, 9.0, 0.0, 0.0, 1.7222233, 1.8549244, 5.111111, 1.6009259, 51.666668, 45.555557, 64.22222, 45.22222, -18.333334, 37.666668, -19.333334, 64.22222, 0.29970714, -2.0726159, 6
199.0, 100.0, 9.0, 0.0, 0.0, 2.3888886, 1.4407414, 2.4444444, 6.02963, 6.0740743, 2.7777777, 11.555555, 3.8888888, -9.888889, 16.444445, -6.5555553, 11.555555, 0.7738155, -2.2262468, 3
17.0, 124.0, 9.0, 0.0, 0.0, 1.1666666, 0.6111112, 1.4444445, 0.7851852, 1.1481482, 0.22222222, 2.6666667, 0.5555556, -2.7777777, 4.5555553, -1.7777778, 2.6666667, 0.9537037, -2.1692097, 3
32.0, 206.0, 9.0, 0.0, 0.11111111, 2.8333328, 1.7732568, 5.611111, 2.8080564, 57.62963, 50.444443, 72.111115, 50.333332, -21.555555, 43.444443, -21.88889, 72.111115, 0.30568013, -2.0859342, 6
174.0, 145.0, 9.0, 0.0, 0.0, 0.0, 0.0, 0.0, 0.0, 0.0, 0.0, 0.0, 0.0, 0.0, 0.0, 0.0, 0.0, 0.0, 0.0, 5
25.0, 91.0, 9.0, 0.0, 0.0, 1.611111, 4.3740745, 1.388889, 0.99629617, 3.8888888, 0.8888889, 8.111112, 2.6666667, -9.0, 12.666667, -3.6666667, 8.111112, 0.9114478, -2.3545752, 3
154.0, 128.0, 9.0, 0.0, 0.0, 0.5, 0.30000007, 0.33333325, 0.044444434, 5.962963, 7.3333335, 7.2222223, 3.3333333, 4.111111, 3.7777777, -7.888889, 7.6666665, 0.56371254, -1.0050536, 1
8.0, 39.0, 9.0, 0.11111111, 0.0, 1.3888906, 1.129629, 1.8333334, 0.699999, 113.37037, 102.55556, 132.0, 105.55556, -32.444443, 55.88889, -23.444445, 132.0, 0.22295359, -2.1981578, 2
211.0, 154.0, 9.0, 0.0, 0.0, 0.11111113, 0.029629631, 0.38888893, 0.062962964, 0.25925925, 0.0, 0.7777778, 0.0, -0.7777778, 1.5555556, -0.7777778, 0.7777778, 0.5555556, -2.0943952, 5
187.0, 135.0, 9.0, 0.0, 0.0, 3.2777777, 2.4629648, 0.8333337, 0.47777787, 26.444445, 20.222221, 37.0, 22.11111, -18.666666, 31.666666, -13.0, 37.0, 0.45423168, -2.2119856, 5
104.0, 134.0, 9.0, 0.0, 0.0, 0.5, 0.18257418, 0.8333333, 0.27888662, 1.7777778, 0.11111111, 3.8888888, 1.3333334, -5.0, 6.3333335, -1.3333334, 3.8888888, 0.9777778, -2.4225056, 3
242.0, 183.0, 9.0, 0.0, 0.0, 1.4999999, 0.9368979, 2.1666667, 1.798147, 15.37037, 12.666667, 12.444445, 21.0, -8.111111, -8.777778, 16.88889, 21.0, 0.42024404, 2.0758736, 7
145.0, 102.0, 9.0, 0.0, 0.0, 0.88888866, 0.6074083, 2.611111, 1.4851857, 23.074074, 22.11111, 29.777779, 17.333334, -2.8888888, 20.11111, -17.222221, 29.777779, 0.41776258, -1.6854404, 1
169.0, 190.0, 9.0, 0.0, 0.0, 3.1111114, 1.8094412, 2.8888893, 2.0940847, 52.555557, 46.88889, 65.0, 45.77778, -17.0, 37.333332, -20.333334, 65.0, 0.2970586, -2.0348296, 6
164.0, 202.0, 9.0, 0.11111111, 0.0, 1.4999999, 1.8226964, 1.6111112, 0.82775855, 15.111111, 12.0, 14.777778, 18.555555, -9.333333, -1.0, 10.333333, 18.555555, 0.35402012, 2.5227482, 7
19.0, 63.0, 9.0, 0.0, 0.0, 1.2777777, 1.5740732, 2.1111114, 3.096295, 20.925926, 19.666668, 27.777779, 15.333333, -3.7777777, 20.555555, -16.777779, 27.777779, 0.44724983, -1.7268302, 1
217.0, 148.0, 9.0, 0.0, 0.0, 2.0555556, 2.551854, 1.0555553, 0.5074078, 29.074074, 21.444445, 41.555557, 24.222221, -22.88889, 37.444443, -14.555555, 41.555557, 0.4837708, -2.2379715, 4
89.0, 221.0, 9.0, 0.0, 0.0, 1.3888888, 1.4851848, 1.4444445, 1.5851862, 14.074074, 10.666667, 12.444445, 19.11111, -10.222222, -4.888889, 15.111111, 19.11111, 0.44601154, 2.3172119, 7
82.0, 51.0, 9.0, 0.0, 0.0, 0.6111107, 0.44305146, 0.6111107, 0.74286705, 123.18519, 111.77778, 138.88889, 118.888885, -34.22222, 47.11111, -12.888889, 138.88889, 0.19520037, -2.368498, 2
150.0, 158.0, 9.0, 0.0, 0.0, 2.166667, 1.6333338, 1.388889, 0.41851807, 8.444445, 7.0, 12.222222, 6.111111, -4.3333335, 11.333333, -7.0, 12.222222, 0.50308645, -1.9434487, 4
117.0, 224.0, 9.0, 0.0, 0.0, 3.0555556, 2.5596585, 3.0555556, 3.0215273, 20.25926, 15.444445, 17.777779, 27.555555, -14.444445, -7.4444447, 21.88889, 27.555555, 0.44151622, 2.3041532, 7
63.0, 201.0, 9.0, 0.0, 0.0, 1.4444445, 0.9185186, 0.94444424, 0.5518518, 7.7777777, 6.2222223, 5.5555553, 11.555555, -4.6666665, -6.6666665, 11.333333, 11.555555, 0.54320127, 1.9829868, 7
160.0, 95.0, 9.0, 0.0, 0.0, 3.2222223, 3.544427, 0.22222225, 0.4036867, 2.148148, 2.1111112, 2.5555556, 1.7777778, -0.11111111, 1.2222222, -1.1111112, 2.5555556, 0.10119048, -1.6289082, 5
224.0, 34.0, 9.0, 0.0, 0.0, 1.3333321, 0.9660913, 1.0000013, 0.63245475, 123.22222, 111.44444, 140.0, 118.22222, -35.333332, 50.333332, -15.0, 140.0, 0.20392033, -2.3433814, 2
7.0, 203.0, 9.0, 0.11111111, 0.11111111, 3.8888881, 2.8570898, 5.4444447, 2.7460413, 54.0, 47.666668, 67.66667, 46.666668, -19.0, 41.0, -22.0, 67.66667, 0.31489635, -2.0400128, 6
13.0, 83.0, 9.0, 0.0, 0.0, 0.83333325, 0.54772246, 0.6666666, 0.63245547, 3.7037036, 1.5555556, 6.0, 3.5555556, -6.4444447, 6.888889, -0.44444445, 6.0, 0.7404762, -2.5733812, 3
242.0, 57.0, 9.0, 0.0, 0.0, 1.2222239, 0.78518283, 1.0000013, 0.31111082, 92.92593, 76.44444, 119.333336, 83.0, -49.444443, 79.22222, -29.777779, 119.333336, 0.35934293, -2.2542083, 2
163.0, 151.0, 9.0, 0.0, 0.0, 3.833333, 11.055564, 1.5555557, 2.2518542, 30.481482, 23.11111, 42.77778, 25.555555, -22.11111, 36.88889, -14.777778, 42.77778, 0.45744765, -2.2196255, 4
29.0, 184.0, 9.0, 0.0, 0.0, 1.6111107, 1.0628402, 2.6666667, 1.8973663, 13.62963, 11.444445, 11.333333, 18.11111, -6.5555553, -6.888889, 13.444445, 18.11111, 0.3876632, 2.080445, 7
19.0, 147.0, 9.0, 0.0, 0.0, 0.22222225, 0.0740741, 0.4999999, 0.077777766, 4.148148, 3.8888888, 6.6666665, 1.8888888, -0.7777778, 7.5555553, -6.7777777, 7.0, 0.7132275, -1.4756428, 1
