@relation unknow
@attribute region-centroid-col real [1.0, 254.0]
@attribute region-centroid-row real [11.0, 251.0]
@attribute region-pixel-count real [9.0, 10.0]
@attribute short-line-density-5 real [0.0, 0.33333334]
@attribute short-line-density-2 real [0.0, 0.22222222]
@attribute vedge-mean real [0.0, 29.222221]
@attribute vegde-sd real [0.0, 991.7184]
@attribute hedge-mean real [0.0, 44.722225]
@attribute hedge-sd real [-1.5894573E-8, 1386.3292]
@attribute intensity-mean real [0.0, 143.44444]
@attribute rawred-mean real [0.0, 137.11111]
@attribute rawblue-mean real [0.0, 150.88889]
@attribute rawgreen-mean real [0.0, 142.55556]
@attribute exred-mean real [-49.666668, 9.888889]
@attribute exblue-mean real [-12.444445, 82.0]
@attribute exgreen-mean real [-33.88889, 24.666666]
@attribute value-mean real [0.0, 150.88889]
@attribute saturatoin-mean real [0.0, 1.0]
@attribute hue-mean real [-3.0441751, 2.9124804]
@attribute class {1, 2, 3, 4, 5, 6, 7}
@inputs region-centroid-col, region-centroid-row, region-pixel-count, short-line-density-5, short-line-density-2, vedge-mean, vegde-sd, hedge-mean, hedge-sd, intensity-mean, rawred-mean, rawblue-mean, rawgreen-mean, exred-mean, exblue-mean, exgreen-mean, value-mean, saturatoin-mean, hue-mean
@outputs class
@data
218.0, 178.0, 9.0, 0.11111111, 0.0, 0.8333327, 0.54772234, 1.1111094, 0.5443307, 59.62963, 52.444443, 75.22222, 51.22222, -21.555555, 46.77778, -25.222221, 75.22222, 0.31899637, -2.0405545, 6
202.0, 41.0, 9.0, 0.0, 0.0, 0.9444478, 0.7722018, 1.111112, 1.0255967, 123.03704, 111.888885, 139.77779, 117.44444, -33.444443, 50.22222, -16.777779, 139.77779, 0.19934683, -2.2999177, 2
29.0, 111.0, 9.0, 0.0, 0.0, 0.38888884, 0.24074061, 0.6111111, 0.15185188, 5.4074073, 6.888889, 6.3333335, 3.0, 4.4444447, 2.7777777, -7.2222223, 6.888889, 0.56415343, -0.89785874, 1
1.0, 81.0, 9.0, 0.0, 0.0, 12.166667, 267.45554, 9.222222, 205.36296, 21.333334, 14.0, 30.555555, 19.444445, -22.0, 27.666666, -5.6666665, 30.555555, 0.5952822, -2.438409, 3
86.0, 197.0, 9.0, 0.11111111, 0.11111111, 1.611112, 1.4516907, 1.2777786, 1.1038647, 63.22222, 56.22222, 77.77778, 55.666668, -21.0, 43.666668, -22.666666, 77.77778, 0.28533262, -2.06802, 6
207.0, 115.0, 9.0, 0.0, 0.0, 1.0555555, 0.3296295, 0.16666669, 0.033333343, 1.2222222, 0.44444445, 2.8888888, 0.33333334, -2.3333333, 5.0, -2.6666667, 2.8888888, 0.93333334, -2.0655363, 5
132.0, 134.0, 9.0, 0.0, 0.0, 2.6666667, 3.1555562, 1.5, 1.5444443, 6.185185, 2.2222223, 11.444445, 4.888889, -11.888889, 15.777778, -3.8888888, 11.444445, 0.8339346, -2.3866115, 3
225.0, 58.0, 9.0, 0.0, 0.0, 0.3333335, 0.42163706, 0.4444445, 0.34426522, 8.333333, 5.5555553, 14.111111, 5.3333335, -8.333333, 17.333334, -9.0, 14.111111, 0.62222224, -2.0685637, 5
214.0, 246.0, 9.0, 0.0, 0.0, 2.8333328, 1.9177537, 2.9999993, 1.988857, 17.518518, 14.222222, 15.444445, 22.88889, -9.888889, -6.2222223, 16.11111, 22.88889, 0.39154765, 2.2328491, 7
245.0, 249.0, 9.0, 0.0, 0.0, 2.0, 1.2888895, 1.4999999, 0.61111146, 14.740741, 10.777778, 15.333333, 18.11111, -11.888889, 1.7777778, 10.111111, 18.11111, 0.40621215, 2.7435553, 7
109.0, 146.0, 9.0, 0.0, 0.0, 0.055555556, 0.13608277, 0.055555556, 0.13608277, 0.037037037, 0.0, 0.11111111, 0.0, -0.11111111, 0.22222222, -0.11111111, 0.11111111, 0.11111111, -2.0943952, 3
90.0, 101.0, 9.0, 0.11111111, 0.0, 0.8888893, 0.3851848, 1.7222223, 1.8851866, 20.074074, 20.333334, 25.0, 14.888889, 0.7777778, 14.777778, -15.555555, 25.0, 0.40403765, -1.5201249, 1
88.0, 89.0, 9.0, 0.0, 0.0, 0.7777774, 0.38518468, 3.6666667, 4.0444417, 22.333334, 21.666666, 28.444445, 16.88889, -2.0, 18.333334, -16.333334, 28.444445, 0.40368655, -1.6255869, 1
91.0, 120.0, 9.0, 0.0, 0.0, 1.3888893, 0.9289578, 0.61111146, 0.77220225, 16.851852, 11.222222, 25.777779, 13.555555, -16.88889, 26.777779, -9.888889, 25.777779, 0.5621582, -2.2308207, 3
57.0, 42.0, 9.0, 0.0, 0.0, 2.333334, 0.8692256, 0.99999875, 0.69920623, 37.444443, 32.77778, 47.77778, 31.777779, -14.0, 31.0, -17.0, 47.77778, 0.3346618, -2.029552, 4
37.0, 120.0, 9.0, 0.0, 0.0, 0.83333325, 0.3444444, 1.0555556, 0.46296284, 1.925926, 0.22222222, 4.4444447, 1.1111112, -5.111111, 7.5555553, -2.4444444, 4.4444447, 0.962963, -2.298085, 3
54.0, 140.0, 9.0, 0.11111111, 0.0, 0.72222215, 0.4430532, 1.7777777, 1.0470418, 8.333333, 3.7777777, 14.0, 7.2222223, -13.666667, 17.0, -3.3333333, 14.0, 0.73447025, -2.4423232, 3
48.0, 81.0, 9.0, 0.0, 0.0, 0.6111107, 0.24074274, 0.88889056, 0.42962864, 112.92593, 105.666664, 128.88889, 104.22222, -21.777779, 47.88889, -26.11111, 128.88889, 0.19307978, -2.0334873, 2
110.0, 182.0, 9.0, 0.0, 0.0, 2.3888893, 1.7940235, 2.555556, 1.5587274, 46.37037, 42.666668, 56.333332, 40.11111, -11.111111, 29.88889, -18.777779, 56.333332, 0.28764573, -1.9300476, 6
245.0, 238.0, 9.0, 0.11111111, 0.0, 1.6666665, 2.5385911, 2.3333333, 2.4404008, 8.925926, 6.3333335, 6.5555553, 13.888889, -7.7777777, -7.111111, 14.888889, 13.888889, 0.59701496, 2.1260629, 7
82.0, 138.0, 9.0, 0.0, 0.0, 0.8888889, 0.51851845, 0.88888884, 0.3851853, 1.4074074, 0.0, 3.7777777, 0.44444445, -4.2222223, 7.111111, -2.8888888, 3.7777777, 1.0, -2.1739607, 3
4.0, 210.0, 9.0, 0.0, 0.0, 4.7222233, 4.018937, 5.722222, 2.184966, 49.74074, 44.22222, 62.22222, 42.77778, -16.555555, 37.444443, -20.88889, 62.22222, 0.3142778, -2.0144343, 6
129.0, 157.0, 9.0, 0.0, 0.0, 2.4444444, 3.5407405, 2.222222, 1.718518, 23.148148, 18.222221, 32.0, 19.222221, -14.777778, 26.555555, -11.777778, 32.0, 0.43023896, -2.169368, 4
95.0, 71.0, 9.0, 0.0, 0.0, 1.0555534, 1.0851825, 2.2222214, 3.7629638, 105.666664, 96.666664, 122.44444, 97.888885, -27.0, 50.333332, -23.333334, 122.44444, 0.21226363, -2.1431594, 2
59.0, 116.0, 9.0, 0.0, 0.0, 3.0000007, 2.8126693, 0.7777777, 0.45542037, 21.962963, 17.88889, 29.555555, 18.444445, -12.222222, 22.777779, -10.555555, 29.555555, 0.39566323, -2.144778, 5
116.0, 35.0, 9.0, 0.0, 0.0, 0.8333333, 0.7817351, 0.88888806, 0.5443334, 125.18519, 113.77778, 141.33334, 120.44444, -34.22222, 48.444443, -14.222222, 141.33334, 0.19485293, -2.3466358, 2
201.0, 125.0, 9.0, 0.11111111, 0.0, 1.722222, 1.3402604, 8.555554, 5.725834, 43.37037, 41.666668, 49.0, 39.444443, -5.111111, 16.88889, -11.777778, 49.0, 0.19248421, -1.8405788, 4
59.0, 120.0, 9.0, 0.0, 0.0, 2.1666667, 1.9860634, 1.4444441, 1.8698385, 19.074074, 10.555555, 33.11111, 13.555555, -25.555555, 42.11111, -16.555555, 33.11111, 0.6812664, -2.2312608, 3
95.0, 109.0, 9.0, 0.0, 0.0, 1.0, 0.4888888, 1.9444443, 2.729629, 17.25926, 19.222221, 20.0, 12.555555, 5.888889, 8.222222, -14.111111, 20.444445, 0.38499743, -1.1312037, 1
187.0, 89.0, 9.0, 0.0, 0.0, 3.0, 1.6055458, 1.111111, 1.0680547, 8.444445, 6.3333335, 13.0, 6.0, -6.3333335, 13.666667, -7.3333335, 13.0, 0.548545, -2.0438845, 5
206.0, 61.0, 9.0, 0.0, 0.0, 0.5555555, 0.40368673, 0.4999999, 0.45946813, 7.0740743, 4.666667, 12.222222, 4.3333335, -7.2222223, 15.444445, -8.222222, 12.222222, 0.64589113, -2.0487173, 5
253.0, 75.0, 9.0, 0.0, 0.0, 0.66666794, 0.26666564, 0.88888806, 0.38518703, 88.55556, 72.0, 115.888885, 77.77778, -49.666668, 82.0, -32.333332, 115.888885, 0.37868166, -2.2319996, 2
230.0, 113.0, 9.0, 0.0, 0.0, 1.111111, 0.5018487, 0.555556, 0.54433125, 21.592592, 18.11111, 27.88889, 18.777779, -10.444445, 18.88889, -8.444445, 27.88889, 0.3500821, -2.1636333, 5
205.0, 194.0, 9.0, 0.0, 0.0, 1.6111107, 1.2003093, 5.388889, 3.0435104, 41.296295, 37.11111, 50.444443, 36.333336, -12.555555, 27.444445, -14.888889, 50.444443, 0.28055963, -2.0375679, 6
199.0, 120.0, 9.0, 0.0, 0.0, 3.4999998, 4.077776, 8.333333, 53.95558, 39.333332, 35.444447, 47.77778, 34.77778, -11.666667, 25.333334, -13.666667, 47.77778, 0.2727516, -2.0467525, 4
140.0, 125.0, 9.0, 0.0, 0.0, 0.66666657, 0.22222227, 2.6666667, 3.7777781, 3.925926, 1.5555556, 7.7777777, 2.4444444, -7.111111, 11.555555, -4.4444447, 7.7777777, 0.85319865, -2.2342408, 3
32.0, 158.0, 9.0, 0.0, 0.0, 0.9444445, 0.8629626, 0.8333333, 0.6111108, 7.962963, 6.3333335, 11.888889, 5.6666665, -4.888889, 11.777778, -6.888889, 11.888889, 0.5205782, -1.9828341, 4
23.0, 92.0, 9.0, 0.0, 0.11111111, 4.111111, 4.63641, 7.0, 5.688196, 12.666667, 8.777778, 18.666668, 10.555555, -11.666667, 18.0, -6.3333335, 18.666668, 0.56489813, -2.2805607, 3
142.0, 182.0, 9.0, 0.0, 0.0, 2.499999, 1.0999985, 2.277777, 3.618518, 34.51852, 31.555555, 42.22222, 29.777779, -8.888889, 23.11111, -14.222222, 42.22222, 0.29320765, -1.9430385, 6
104.0, 68.0, 9.0, 0.0, 0.0, 1.0, 0.5777804, 0.8888893, 0.8296292, 105.77778, 95.111115, 124.888885, 97.333336, -32.0, 57.333332, -25.333334, 124.888885, 0.23914346, -2.1699994, 2
39.0, 111.0, 9.0, 0.0, 0.0, 0.72222227, 0.37407416, 0.8888889, 0.4296295, 6.037037, 7.0, 7.6666665, 3.4444444, 2.8888888, 4.888889, -7.7777777, 7.888889, 0.56291884, -1.1757725, 1
23.0, 147.0, 9.0, 0.0, 0.0, 0.33333337, 0.13333334, 0.72222215, 0.41851825, 4.5925927, 4.111111, 7.4444447, 2.2222223, -1.4444444, 8.555555, -7.111111, 7.6666665, 0.6984448, -1.5617536, 1
23.0, 25.0, 9.0, 0.0, 0.0, 1.1111094, 0.7503052, 0.6111107, 0.64692986, 70.44444, 60.666668, 89.0, 61.666668, -29.333334, 55.666668, -26.333334, 89.0, 0.3181906, -2.1304197, 4
232.0, 31.0, 9.0, 0.0, 0.0, 0.5555547, 0.34426576, 0.7777774, 0.34426582, 114.96296, 101.888885, 132.55556, 110.44444, -39.22222, 52.77778, -13.555555, 132.55556, 0.23132005, -2.384877, 2
49.0, 139.0, 9.0, 0.0, 0.0, 0.16666669, 0.07777779, 0.33333337, 0.0888889, 0.44444445, 0.0, 1.3333334, 0.0, -1.3333334, 2.6666667, -1.3333334, 1.3333334, 0.7777778, -2.0943952, 3
22.0, 87.0, 9.0, 0.0, 0.0, 1.8888899, 1.2590423, 1.1666666, 0.62361073, 64.03704, 55.77778, 80.333336, 56.0, -24.777779, 48.88889, -24.11111, 80.333336, 0.30969977, -2.105073, 4
96.0, 94.0, 9.0, 0.0, 0.0, 0.7222226, 0.28518537, 0.44444466, 0.42963016, 20.222221, 16.0, 28.777779, 15.888889, -12.666667, 25.666666, -13.0, 28.777779, 0.45154575, -2.084893, 5
71.0, 95.0, 9.0, 0.0, 0.0, 2.111111, 3.6296296, 2.6666665, 3.5555563, 9.518518, 4.7777777, 15.444445, 8.333334, -14.222222, 17.777779, -3.5555556, 15.444445, 0.6989016, -2.4450119, 3
216.0, 78.0, 9.0, 0.0, 0.0, 1.333333, 0.3555547, 4.3333335, 6.355548, 36.11111, 31.333334, 46.0, 31.0, -14.333333, 29.666666, -15.333333, 46.0, 0.33970988, -2.053834, 4
168.0, 40.0, 9.0, 0.0, 0.0, 0.0, 0.0, 0.0, 0.0, 0.0, 0.0, 0.0, 0.0, 0.0, 0.0, 0.0, 0.0, 0.0, 0.0, 5
98.0, 144.0, 9.0, 0.0, 0.0, 0.22222221, 0.029629648, 0.33333334, 0.08888887, 1.0, 0.0, 3.0, 0.0, -3.0, 6.0, -3.0, 3.0, 1.0, -2.0943952, 3
85.0, 200.0, 9.0, 0.0, 0.0, 4.4999995, 4.3243494, 6.0555553, 4.327775, 58.592594, 52.22222, 72.66667, 50.88889, -19.11111, 42.22222, -23.11111, 72.66667, 0.30018097, -2.02885, 6
47.0, 175.0, 9.0, 0.0, 0.0, 1.3333327, 0.78881073, 1.166666, 0.88819396, 23.74074, 18.666668, 23.777779, 28.777779, -15.222222, 0.11111111, 15.111111, 28.777779, 0.35148725, 2.630157, 7
37.0, 78.0, 9.0, 0.0, 0.0, 1.0000006, 0.17777735, 2.5555565, 2.8740728, 43.814816, 41.11111, 51.88889, 38.444443, -8.111111, 24.222221, -16.11111, 51.88889, 0.25891644, -1.8860723, 4
33.0, 142.0, 9.0, 0.0, 0.0, 1.888889, 1.3770607, 0.88888884, 1.4089661, 3.851852, 1.6666666, 7.2222223, 2.6666667, -6.5555553, 10.111111, -3.5555556, 7.2222223, 0.8135803, -2.2806025, 3
112.0, 38.0, 9.0, 0.0, 0.0, 11.055554, 11.074329, 1.111112, 1.0680542, 64.62963, 58.22222, 78.44444, 57.22222, -19.222221, 41.444443, -22.222221, 78.44444, 0.27165923, -2.0388238, 4
132.0, 182.0, 9.0, 0.0, 0.0, 0.8888893, 0.655462, 2.1111114, 1.7722135, 43.51852, 40.22222, 52.555557, 37.77778, -9.888889, 27.11111, -17.222221, 52.555557, 0.2807636, -1.917349, 6
231.0, 13.0, 9.0, 0.0, 0.0, 1.2777761, 0.57413495, 1.0, 1.0540915, 118.666664, 106.55556, 135.77779, 113.666664, -36.333332, 51.333332, -15.0, 135.77779, 0.21508773, -2.3518965, 2
28.0, 204.0, 9.0, 0.0, 0.0, 2.0000007, 1.7638338, 3.222222, 2.0834446, 55.88889, 49.77778, 69.22222, 48.666668, -18.333334, 40.0, -21.666666, 69.22222, 0.29685017, -2.0373702, 6
22.0, 114.0, 9.0, 0.11111111, 0.0, 0.94444436, 1.1626916, 1.1666664, 0.40824813, 30.481482, 24.444445, 40.77778, 26.222221, -18.11111, 30.88889, -12.777778, 40.77778, 0.4005362, -2.2071579, 5
37.0, 167.0, 9.0, 0.0, 0.0, 0.888889, 0.56296337, 7.5555553, 4.6074057, 14.074074, 11.666667, 16.777779, 13.777778, -7.2222223, 8.111111, -0.8888889, 17.666668, 0.31450674, -3.015081, 7
95.0, 47.0, 9.0, 0.0, 0.0, 0.7222201, 0.3296295, 1.4999987, 0.47777686, 107.111115, 93.22222, 128.77779, 99.333336, -41.666668, 65.0, -23.333334, 128.77779, 0.2759571, -2.2710717, 2
34.0, 13.0, 9.0, 0.0, 0.0, 0.22222011, 0.17213097, 1.5555534, 0.54433, 70.37037, 60.666668, 88.111115, 62.333332, -29.11111, 53.22222, -24.11111, 88.111115, 0.3114367, -2.1549888, 4
160.0, 187.0, 9.0, 0.11111111, 0.0, 2.6111119, 1.9369694, 5.1111107, 3.5381508, 49.48148, 44.666668, 60.88889, 42.88889, -14.444445, 34.22222, -19.777779, 60.88889, 0.2973408, -1.9906267, 6
108.0, 212.0, 9.0, 0.0, 0.0, 1.9999999, 1.4222214, 1.5555555, 1.985185, 8.037037, 6.0, 6.7777777, 11.333333, -6.111111, -3.7777777, 9.888889, 11.333333, 0.51339465, 2.2426493, 7
60.0, 181.0, 9.0, 0.11111111, 0.0, 1.6666666, 1.2000005, 2.6666667, 2.0888875, 19.62963, 17.11111, 17.88889, 23.88889, -7.5555553, -5.2222223, 12.777778, 23.88889, 0.28569087, 2.1891353, 7
169.0, 104.0, 9.0, 0.0, 0.0, 1.5555555, 1.7722139, 5.611111, 2.2550344, 18.518518, 16.0, 23.333334, 16.222223, -7.5555553, 14.444445, -6.888889, 23.333334, 0.31471258, -2.1139183, 5
179.0, 101.0, 9.0, 0.0, 0.0, 0.44444785, 0.3851871, 0.61110944, 0.32963282, 134.92592, 126.44444, 147.22223, 131.11111, -25.444445, 36.88889, -11.444445, 147.22223, 0.14110672, -2.3287346, 2
81.0, 145.0, 9.0, 0.0, 0.11111111, 4.5555553, 4.5346413, 7.5, 6.1128287, 13.444445, 9.888889, 20.11111, 10.333334, -10.666667, 20.0, -9.333333, 20.11111, 0.53272784, -2.0623195, 3
19.0, 133.0, 9.0, 0.0, 0.0, 0.0, 0.0, 0.0, 0.0, 0.0, 0.0, 0.0, 0.0, 0.0, 0.0, 0.0, 0.0, 0.0, 0.0, 3
130.0, 102.0, 9.0, 0.0, 0.0, 7.277778, 73.7963, 9.444444, 90.91857, 14.37037, 10.111111, 20.222221, 12.777778, -12.777778, 17.555555, -4.7777777, 20.222221, 0.5751263, -2.3789442, 3
170.0, 189.0, 9.0, 0.0, 0.0, 2.277778, 1.3235757, 2.4444447, 1.7847092, 51.11111, 45.77778, 63.333332, 44.22222, -16.0, 36.666668, -20.666666, 63.333332, 0.30134642, -2.0089307, 6
166.0, 65.0, 9.0, 0.0, 0.0, 0.7777774, 0.7851876, 0.7222214, 0.3296294, 97.333336, 82.77778, 121.111115, 88.111115, -43.666668, 71.333336, -27.666666, 121.111115, 0.316474, -2.2391438, 2
32.0, 45.0, 9.0, 0.0, 0.0, 2.2777777, 3.1740727, 3.2777777, 1.44074, 21.925926, 20.555555, 28.777779, 16.444445, -4.111111, 20.555555, -16.444445, 28.777779, 0.42816728, -1.7353698, 1
208.0, 90.0, 9.0, 0.0, 0.0, 2.8888886, 2.5629659, 0.72222215, 0.06296298, 5.148148, 2.7777777, 10.0, 2.6666667, -7.111111, 14.555555, -7.4444447, 10.0, 0.79721206, -2.073429, 5
181.0, 186.0, 9.0, 0.11111111, 0.0, 2.9444454, 2.7114286, 2.0555553, 1.6788442, 48.814816, 44.11111, 60.444443, 41.88889, -14.111111, 34.88889, -20.777779, 60.444443, 0.30702683, -1.9685109, 6
76.0, 19.0, 9.0, 0.0, 0.0, 0.944444, 0.4430521, 0.88888806, 0.5837302, 114.25926, 101.0, 132.33334, 109.44444, -39.77778, 54.22222, -14.444445, 132.33334, 0.23673333, -2.3759847, 2
42.0, 59.0, 9.0, 0.0, 0.0, 1.833333, 3.5000002, 2.0555553, 0.86296284, 21.814816, 20.777779, 28.777779, 15.888889, -3.1111112, 20.88889, -17.777779, 28.777779, 0.44514215, -1.680812, 1
57.0, 89.0, 9.0, 0.11111111, 0.0, 0.5555547, 0.27216887, 1.2777786, 0.77220285, 106.07407, 93.111115, 125.44444, 99.666664, -38.88889, 58.11111, -19.222221, 125.44444, 0.25774616, -2.3062038, 2
93.0, 147.0, 9.0, 0.0, 0.0, 3.0555553, 3.5864975, 3.5555553, 3.2157025, 7.703704, 6.4444447, 9.888889, 6.7777777, -3.7777777, 6.5555553, -2.7777777, 9.888889, 0.3494709, -2.0645137, 3
102.0, 73.0, 9.0, 0.0, 0.0, 0.3888893, 0.06296427, 1.6111107, 1.218518, 125.51852, 115.44444, 140.55556, 120.55556, -30.222221, 45.11111, -14.888889, 140.55556, 0.17863557, -2.3073962, 2
146.0, 125.0, 9.0, 0.11111111, 0.0, 0.99999744, 0.44444707, 2.1666667, 1.9444479, 69.333336, 63.22222, 83.111115, 61.666668, -18.333334, 41.333332, -23.0, 83.111115, 0.2575994, -2.0195448, 4
16.0, 128.0, 9.0, 0.0, 0.0, 0.5, 0.077777766, 0.66666675, 0.31111118, 5.5555553, 6.888889, 6.6666665, 3.1111112, 4.0, 3.3333333, -7.3333335, 7.111111, 0.56150794, -0.98581076, 1
117.0, 137.0, 9.0, 0.0, 0.0, 0.27777776, 0.3896817, 0.38888887, 0.25092417, 0.7777778, 0.0, 2.2222223, 0.11111111, -2.3333333, 4.3333335, -2.0, 2.2222223, 1.0, -2.123254, 3
75.0, 113.0, 9.0, 0.0, 0.11111111, 2.944445, 4.1226563, 6.1666665, 6.2245026, 27.88889, 17.11111, 44.22222, 22.333334, -32.333332, 49.0, -16.666666, 44.22222, 0.62207055, -2.2966495, 3
35.0, 112.0, 9.0, 0.11111111, 0.0, 0.88888913, 0.2962967, 0.55555564, 0.16296294, 16.185184, 12.111111, 23.88889, 12.555555, -12.222222, 23.11111, -10.888889, 23.88889, 0.492526, -2.1333125, 5
215.0, 219.0, 9.0, 0.0, 0.0, 2.5555556, 2.2377238, 3.2222223, 2.491467, 13.222222, 10.333334, 10.222222, 19.11111, -8.666667, -9.0, 17.666666, 19.11111, 0.49459508, 2.0861003, 7
57.0, 89.0, 9.0, 0.0, 0.0, 1.7222222, 1.3066783, 6.1666665, 4.7034264, 17.0, 13.0, 24.555555, 13.444445, -12.0, 22.666666, -10.666667, 24.555555, 0.47748852, -2.1297464, 5
167.0, 45.0, 9.0, 0.0, 0.0, 0.944444, 0.7296285, 0.61110944, 0.2851846, 101.22222, 87.111115, 124.0, 92.55556, -42.333332, 68.333336, -26.0, 124.0, 0.29741433, -2.2478156, 2
190.0, 81.0, 9.0, 0.0, 0.0, 1.2222214, 0.6518519, 1.8333334, 0.34444275, 42.925926, 39.444443, 51.555557, 37.77778, -10.444445, 25.88889, -15.444445, 51.555557, 0.26725134, -1.9704217, 4
174.0, 115.0, 9.0, 0.0, 0.0, 2.444444, 3.407407, 3.6666663, 12.266669, 29.481482, 23.11111, 40.11111, 25.222221, -19.11111, 31.88889, -12.777778, 40.11111, 0.42149335, -2.2186553, 5
38.0, 134.0, 9.0, 0.0, 0.0, 0.16666667, 0.18257421, 0.33333334, 0.2108186, 1.037037, 0.0, 3.1111112, 0.0, -3.1111112, 6.2222223, -3.1111112, 3.1111112, 1.0, -2.0943952, 5
122.0, 129.0, 9.0, 0.0, 0.0, 2.2777786, 0.86296284, 19.833334, 11.944499, 51.0, 46.88889, 60.666668, 45.444443, -12.333333, 29.0, -16.666666, 60.666668, 0.24809188, -1.9972415, 4
123.0, 187.0, 9.0, 0.0, 0.0, 2.6666667, 1.8499243, 3.444444, 1.6555183, 58.666668, 52.555557, 72.55556, 50.88889, -18.333334, 41.666668, -23.333334, 72.55556, 0.29855335, -2.0135245, 6
96.0, 94.0, 9.0, 0.0, 0.0, 0.7222226, 0.28518537, 0.44444466, 0.42963016, 20.222221, 16.0, 28.777779, 15.888889, -12.666667, 25.666666, -13.0, 28.777779, 0.45154575, -2.084893, 5
67.0, 71.0, 9.0, 0.0, 0.0, 1.6666666, 0.8888911, 1.4999987, 0.29999846, 125.96296, 115.55556, 140.88889, 121.44444, -31.222221, 44.77778, -13.555555, 140.88889, 0.17967218, -2.339758, 2
165.0, 96.0, 9.0, 0.0, 0.0, 2.38889, 1.5740778, 1.722222, 1.2185229, 67.03704, 61.0, 80.22222, 59.88889, -18.11111, 39.555557, -21.444445, 80.22222, 0.25459513, -2.0363362, 4
131.0, 234.0, 9.0, 0.0, 0.0, 0.8333333, 0.29999986, 0.88888884, 0.60740733, 5.740741, 4.0, 4.4444447, 8.777778, -5.2222223, -3.8888888, 9.111111, 8.777778, 0.55661374, 2.1935678, 7
219.0, 134.0, 9.0, 0.0, 0.0, 0.27777788, 0.10740747, 0.6666667, 0.4444444, 4.740741, 6.4444447, 5.2222223, 2.5555556, 5.111111, 1.4444444, -6.5555553, 6.4444447, 0.6037037, -0.7304648, 1
79.0, 154.0, 9.0, 0.0, 0.0, 1.1111112, 1.5851849, 0.16666669, 0.07777777, 0.7407407, 0.44444445, 1.5555556, 0.22222222, -0.8888889, 2.4444444, -1.5555556, 1.5555556, 0.2888889, -1.9196393, 5
19.0, 184.0, 9.0, 0.0, 0.0, 0.5555555, 0.34426498, 0.8333333, 0.62360954, 14.222222, 12.333333, 11.0, 19.333334, -5.6666665, -9.666667, 15.333333, 19.333334, 0.43115196, 1.9378915, 7
173.0, 158.0, 9.0, 0.11111111, 0.0, 1.888889, 3.6740744, 1.1666666, 0.477778, 8.37037, 7.111111, 11.777778, 6.2222223, -3.7777777, 10.222222, -6.4444447, 11.777778, 0.47297516, -1.9046513, 4
206.0, 61.0, 9.0, 0.0, 0.0, 0.5555555, 0.40368673, 0.4999999, 0.45946813, 7.0740743, 4.666667, 12.222222, 4.3333335, -7.2222223, 15.444445, -8.222222, 12.222222, 0.64589113, -2.0487173, 5
92.0, 62.0, 9.0, 0.0, 0.0, 1.8888868, 1.3109239, 1.8888868, 0.72008234, 123.48148, 112.333336, 139.33334, 118.77778, -33.444443, 47.555557, -14.111111, 139.33334, 0.19369136, -2.3434038, 2
62.0, 223.0, 9.0, 0.0, 0.0, 2.5, 5.722223, 1.6666666, 2.4444442, 6.6666665, 4.888889, 4.666667, 10.444445, -5.3333335, -6.0, 11.333333, 10.444445, 0.5931498, 2.0465877, 7
238.0, 180.0, 9.0, 0.11111111, 0.0, 0.55555564, 0.34074086, 1.7222222, 1.6629628, 13.592592, 11.111111, 11.888889, 17.777779, -7.4444447, -5.111111, 12.555555, 17.777779, 0.3762527, 2.2128983, 7
60.0, 131.0, 9.0, 0.0, 0.0, 0.33333334, 0.088888854, 0.33333325, 0.08888887, 5.2222223, 7.2222223, 5.4444447, 3.0, 6.0, 0.6666667, -6.6666665, 7.2222223, 0.5813492, -0.62122244, 1
137.0, 105.0, 9.0, 0.0, 0.11111111, 10.722224, 16.507421, 31.222223, 650.42957, 42.851852, 35.77778, 52.666668, 40.11111, -21.222221, 29.444445, -8.222222, 52.666668, 0.37578005, -2.380238, 3
174.0, 181.0, 9.0, 0.0, 0.0, 3.2777786, 3.1511326, 4.1666675, 2.786875, 59.074074, 52.333332, 74.22222, 50.666668, -20.222221, 45.444443, -25.222221, 74.22222, 0.31734532, -2.0208647, 6
81.0, 79.0, 9.0, 0.0, 0.0, 0.44444466, 0.074074, 0.88888866, 0.6518533, 45.814816, 42.88889, 53.88889, 40.666668, -8.777778, 24.222221, -15.444445, 53.88889, 0.245206, -1.9188883, 4
199.0, 144.0, 9.0, 0.0, 0.0, 0.33333334, 0.5163977, 0.33333334, 0.36514834, 0.44444445, 0.11111111, 1.1111112, 0.11111111, -1.0, 2.0, -1.0, 1.1111112, 0.7407407, -2.0943952, 5
185.0, 85.0, 9.0, 0.0, 0.0, 9.277779, 81.485176, 2.8333328, 9.188898, 49.148148, 45.0, 59.555557, 42.88889, -12.444445, 31.222221, -18.777779, 59.555557, 0.27872574, -1.9542203, 4
97.0, 126.0, 9.0, 0.0, 0.0, 1.0555555, 0.37407416, 1.0000001, 0.8444445, 6.4814816, 7.6666665, 8.0, 3.7777777, 3.5555556, 4.5555553, -8.111111, 8.333334, 0.5515873, -1.1181307, 1
176.0, 187.0, 9.0, 0.0, 0.0, 1.7777773, 1.6009252, 2.333334, 2.0221, 54.77778, 49.0, 68.0, 47.333332, -17.333334, 39.666668, -22.333334, 68.0, 0.30412614, -2.0096147, 6
20.0, 117.0, 9.0, 0.0, 0.0, 0.0, 0.0, 0.0, 0.0, 0.0, 0.0, 0.0, 0.0, 0.0, 0.0, 0.0, 0.0, 0.0, 0.0, 3
33.0, 132.0, 9.0, 0.11111111, 0.0, 1.0555555, 0.99814653, 1.7222222, 0.99814636, 1.962963, 0.6666667, 4.2222223, 1.0, -3.8888888, 6.7777777, -2.8888888, 4.2222223, 0.6768879, -2.1524317, 3
110.0, 92.0, 9.0, 0.11111111, 0.0, 1.8888887, 4.0296297, 2.277778, 3.529629, 7.4444447, 3.2222223, 12.666667, 6.4444447, -12.666667, 15.666667, -3.0, 12.666667, 0.7590125, -2.452176, 3
66.0, 160.0, 9.0, 0.0, 0.0, 3.0000007, 4.044447, 2.777778, 0.4296295, 22.851852, 18.222221, 31.555555, 18.777779, -13.888889, 26.11111, -12.222222, 31.555555, 0.4260139, -2.1387258, 4
180.0, 162.0, 9.0, 0.0, 0.0, 3.1111095, 5.762963, 12.944446, 9.396256, 41.48148, 35.666668, 50.555557, 38.22222, -17.444445, 27.222221, -9.777778, 50.555557, 0.29110643, -2.3353713, 6
31.0, 62.0, 9.0, 0.0, 0.0, 1.8333336, 0.83333385, 1.8333334, 0.9666677, 21.185184, 20.555555, 27.222221, 15.777778, -1.8888888, 18.11111, -16.222221, 27.222221, 0.4194691, -1.6501234, 1
38.0, 41.0, 9.0, 0.11111111, 0.0, 1.7777777, 1.6740736, 1.6666666, 1.7777781, 22.481482, 20.777779, 29.777779, 16.88889, -5.111111, 21.88889, -16.777779, 29.777779, 0.4320471, -1.7716596, 1
229.0, 104.0, 9.0, 0.0, 0.0, 0.49999985, 0.54772234, 2.8333333, 2.0412421, 19.777779, 16.333334, 26.11111, 16.88889, -10.333333, 19.0, -8.666667, 26.11111, 0.37553233, -2.1506376, 5
180.0, 116.0, 9.0, 0.0, 0.0, 2.9444456, 1.611303, 1.333333, 0.81649673, 33.185184, 29.11111, 41.666668, 28.777779, -12.222222, 25.444445, -13.222222, 41.666668, 0.30946052, -2.068113, 4
31.0, 42.0, 9.0, 0.11111111, 0.0, 1.2777773, 0.68518394, 0.944444, 0.7740725, 127.03704, 117.0, 141.77779, 122.333336, -30.11111, 44.22222, -14.111111, 141.77779, 0.17463355, -2.3144195, 2
112.0, 201.0, 9.0, 0.0, 0.0, 2.833333, 1.2952907, 3.111111, 1.7847089, 21.296297, 16.666668, 20.333334, 26.88889, -13.888889, -2.8888888, 16.777779, 26.88889, 0.3819119, 2.4679377, 7
116.0, 203.0, 9.0, 0.0, 0.0, 3.0555553, 1.9484084, 2.9444437, 1.7564695, 19.518518, 15.444445, 17.666668, 25.444445, -12.222222, -5.5555553, 17.777779, 25.444445, 0.39386794, 2.320382, 7
208.0, 65.0, 9.0, 0.0, 0.0, 1.3888874, 1.2367799, 26.444445, 25.537477, 56.703705, 52.666668, 64.44444, 53.0, -12.111111, 23.222221, -11.111111, 64.44444, 0.19713038, -1.9708116, 4
127.0, 120.0, 9.0, 0.0, 0.0, 0.5, 0.47777766, 0.72222215, 0.5962963, 1.5185186, 0.11111111, 4.111111, 0.33333334, -4.2222223, 7.7777777, -3.5555556, 4.111111, 0.984127, -2.133095, 3
217.0, 208.0, 9.0, 0.0, 0.0, 2.5000002, 2.1666656, 2.6666667, 2.4444458, 16.074074, 12.666667, 14.444445, 21.11111, -10.222222, -4.888889, 15.111111, 21.11111, 0.40212956, 2.3109324, 7
63.0, 220.0, 9.0, 0.0, 0.0, 3.055556, 15.2629595, 3.6666667, 6.0888896, 8.185185, 6.5555553, 6.4444447, 11.555555, -4.888889, -5.2222223, 10.111111, 11.555555, 0.48671728, 2.0931497, 7
68.0, 103.0, 9.0, 0.0, 0.0, 0.66666675, 0.57777774, 1.111111, 0.96296334, 2.148148, 0.11111111, 5.6666665, 0.6666667, -6.111111, 10.555555, -4.4444447, 5.6666665, 0.9876543, -2.1854658, 3
228.0, 91.0, 9.0, 0.0, 0.0, 0.72222227, 0.1962963, 1.1111112, 0.38518512, 2.6296296, 0.44444445, 6.2222223, 1.2222222, -6.5555553, 10.777778, -4.2222223, 6.2222223, 0.9398148, -2.2257352, 3
92.0, 89.0, 9.0, 0.0, 0.0, 1.9999994, 1.2649107, 1.2222214, 0.95839226, 58.925926, 51.0, 74.44444, 51.333332, -23.777779, 46.555557, -22.777779, 74.44444, 0.31787068, -2.1087568, 4
91.0, 115.0, 9.0, 0.11111111, 0.0, 1.7222223, 1.4407418, 3.888889, 2.8296306, 19.925926, 20.555555, 24.11111, 15.111111, 1.8888888, 12.555555, -14.444445, 24.11111, 0.37532148, -1.4409626, 1
231.0, 123.0, 9.0, 0.0, 0.0, 0.66666675, 0.08888893, 0.38888893, 0.15185189, 5.814815, 7.111111, 6.888889, 3.4444444, 3.8888888, 3.2222223, -7.111111, 7.3333335, 0.53174603, -0.9884131, 1
147.0, 193.0, 9.0, 0.0, 0.0, 6.6111126, 3.6050377, 7.055556, 5.4095254, 51.74074, 46.555557, 63.0, 45.666668, -15.555555, 33.77778, -18.222221, 63.0, 0.27526647, -2.0801742, 6
158.0, 186.0, 9.0, 0.0, 0.0, 0.88888884, 0.3407409, 1.4999999, 1.8111099, 12.074074, 9.333334, 10.777778, 16.11111, -8.222222, -3.8888888, 12.111111, 16.11111, 0.4288645, 2.3195195, 7
106.0, 65.0, 9.0, 0.22222222, 0.0, 2.222222, 1.655519, 2.2777786, 0.82775915, 60.62963, 53.666668, 74.55556, 53.666668, -20.88889, 41.77778, -20.88889, 74.55556, 0.28732476, -2.0910368, 4
65.0, 70.0, 9.0, 0.0, 0.0, 0.6666654, 0.17777647, 1.1111082, 0.5629626, 112.51852, 104.0, 127.77778, 105.77778, -25.555555, 45.77778, -20.222221, 127.77778, 0.18609881, -2.17166, 2
161.0, 176.0, 9.0, 0.0, 0.0, 0.38888898, 0.15185188, 1.1666666, 0.3888888, 13.0, 10.111111, 11.777778, 17.11111, -8.666667, -3.6666667, 12.333333, 17.11111, 0.40773422, 2.3406181, 7
212.0, 239.0, 9.0, 0.0, 0.0, 1.9444443, 1.4516913, 2.3333333, 2.8205595, 10.37037, 7.6666665, 9.666667, 13.777778, -8.111111, -2.1111112, 10.222222, 13.777778, 0.4459687, 2.4263785, 7
2.0, 44.0, 9.0, 0.0, 0.0, 2.1666672, 2.3888876, 2.3888896, 1.5296285, 18.74074, 17.333334, 25.222221, 13.666667, -4.2222223, 19.444445, -15.222222, 25.222221, 0.45768142, -1.7537255, 1
186.0, 162.0, 9.0, 0.0, 0.0, 1.6111122, 0.59629595, 12.388888, 66.818535, 44.074074, 37.444443, 54.666668, 40.11111, -19.88889, 31.777779, -11.888889, 54.666668, 0.3015076, -2.3866708, 6
239.0, 160.0, 9.0, 0.0, 0.0, 1.8333334, 0.9222209, 5.944443, 4.5962973, 45.148148, 37.88889, 58.333332, 39.22222, -21.777779, 39.555557, -17.777779, 58.333332, 0.35212588, -2.1629994, 6
58.0, 128.0, 9.0, 0.11111111, 0.0, 2.9444447, 1.75647, 2.4444444, 1.6821501, 16.481482, 10.111111, 25.88889, 13.444445, -19.11111, 28.222221, -9.111111, 25.88889, 0.6133847, -2.3163002, 3
33.0, 149.0, 9.0, 0.0, 0.0, 0.5555556, 0.25185165, 0.72222227, 0.15185171, 5.4444447, 4.111111, 8.666667, 3.5555556, -4.0, 9.666667, -5.6666665, 8.666667, 0.5783389, -1.9857028, 1
206.0, 133.0, 9.0, 0.0, 0.0, 0.055555556, 0.13608277, 0.055555556, 0.13608277, 0.37037036, 0.0, 1.1111112, 0.0, -1.1111112, 2.2222223, -1.1111112, 1.1111112, 1.0, -2.0943952, 5
118.0, 38.0, 9.0, 0.0, 0.0, 0.7777774, 0.58372986, 0.88888806, 1.0680552, 124.85185, 113.333336, 141.66667, 119.55556, -34.555557, 50.444443, -15.888889, 141.66667, 0.19997217, -2.322923, 2
160.0, 41.0, 9.0, 0.0, 0.0, 0.8333333, 0.8096638, 0.22222225, 0.17213258, 0.7037037, 0.5555556, 1.2222222, 0.33333334, -0.44444445, 1.5555556, -1.1111112, 1.2222222, 0.537037, -1.8451205, 5
97.0, 176.0, 9.0, 0.0, 0.0, 0.77777797, 0.6554612, 2.3888893, 1.3066785, 22.185184, 19.0, 19.777779, 27.777779, -9.555555, -7.2222223, 16.777779, 27.777779, 0.31604066, 2.1798449, 7
203.0, 83.0, 9.0, 0.0, 0.0, 0.3888893, 0.1360832, 0.22222233, 0.40368673, 17.074074, 12.888889, 24.88889, 13.444445, -12.555555, 23.444445, -10.888889, 24.88889, 0.48185185, -2.1437612, 5
112.0, 77.0, 9.0, 0.0, 0.0, 0.94444656, 0.57413495, 1.1666654, 0.80966693, 107.62963, 93.888885, 125.22222, 103.77778, -41.22222, 52.77778, -11.555555, 125.22222, 0.2501428, -2.4246798, 2
18.0, 87.0, 9.0, 0.0, 0.0, 1.5555555, 1.9626132, 1.8888887, 1.7469552, 2.925926, 1.2222222, 5.6666665, 1.8888888, -5.111111, 8.222222, -3.1111112, 5.6666665, 0.86277056, -2.2294934, 3
145.0, 101.0, 9.0, 0.11111111, 0.0, 0.55555534, 0.118518576, 1.611111, 0.5962954, 22.444445, 21.555555, 29.222221, 16.555555, -2.6666667, 20.333334, -17.666666, 29.222221, 0.43281928, -1.6743178, 1
251.0, 24.0, 9.0, 0.0, 0.0, 1.1666666, 0.9666646, 1.6111094, 0.41851908, 121.62963, 110.77778, 137.77779, 116.333336, -32.555557, 48.444443, -15.888889, 137.77779, 0.19597653, -2.3079143, 2
97.0, 86.0, 9.0, 0.11111111, 0.0, 1.5000004, 0.8333331, 3.555556, 2.1629639, 23.814816, 23.333334, 30.222221, 17.88889, -1.4444444, 19.222221, -17.777779, 30.222221, 0.40554056, -1.6085904, 1
234.0, 194.0, 9.0, 0.0, 0.22222222, 1.4444453, 1.9512585, 3.8333333, 3.0894084, 48.62963, 43.0, 60.333332, 42.555557, -16.88889, 35.11111, -18.222221, 60.333332, 0.29836866, -2.0718758, 6
79.0, 44.0, 9.0, 0.0, 0.0, 4.8888893, 3.2018518, 2.1111126, 1.1287482, 58.666668, 50.11111, 75.55556, 50.333332, -25.666666, 50.666668, -25.0, 75.55556, 0.33991683, -2.1026516, 4
17.0, 94.0, 9.0, 0.0, 0.0, 1.7222223, 3.174073, 1.0555557, 0.9518536, 20.037037, 15.777778, 28.666666, 15.666667, -12.777778, 25.88889, -13.111111, 28.666666, 0.45777184, -2.0842547, 5
140.0, 124.0, 9.0, 0.0, 0.0, 1.0, 0.44444454, 1.1111112, 1.0518516, 2.5185184, 0.22222222, 6.111111, 1.2222222, -6.888889, 10.777778, -3.8888888, 6.111111, 0.97376543, -2.267462, 3
206.0, 64.0, 9.0, 0.0, 0.0, 0.055555504, 0.13608263, 0.27777776, 0.13608277, 5.703704, 3.6666667, 10.333334, 3.1111112, -6.111111, 13.888889, -7.7777777, 10.333334, 0.6979798, -2.015428, 5
140.0, 73.0, 9.0, 0.0, 0.0, 1.7222214, 0.8277598, 0.7777774, 1.0036957, 46.296295, 45.666668, 51.11111, 42.11111, -1.8888888, 14.444445, -12.555555, 51.11111, 0.1761556, -1.6815889, 4
9.0, 80.0, 9.0, 0.0, 0.0, 2.9444444, 13.751853, 16.666666, 71.5111, 23.62963, 17.333334, 31.666666, 21.88889, -18.88889, 24.11111, -5.2222223, 31.666666, 0.5142537, -2.4315135, 3
9.0, 76.0, 9.0, 0.0, 0.0, 1.2777778, 1.4207457, 1.6666666, 1.8618987, 2.4444444, 0.8888889, 4.666667, 1.7777778, -4.6666665, 6.6666665, -2.0, 4.666667, 0.87222224, -2.3408008, 3
161.0, 144.0, 9.0, 0.0, 0.0, 0.0, 0.0, 0.0, 0.0, 0.0, 0.0, 0.0, 0.0, 0.0, 0.0, 0.0, 0.0, 0.0, 0.0, 5
26.0, 90.0, 9.0, 0.0, 0.0, 0.61111194, 0.3740762, 1.2777799, 0.28518537, 113.111115, 105.666664, 128.33334, 105.333336, -22.333334, 45.666668, -23.333334, 128.33334, 0.18178941, -2.0784183, 2
57.0, 89.0, 9.0, 0.0, 0.0, 1.7222222, 1.3066783, 6.1666665, 4.7034264, 17.0, 13.0, 24.555555, 13.444445, -12.0, 22.666666, -10.666667, 24.555555, 0.47748852, -2.1297464, 5
160.0, 168.0, 9.0, 0.0, 0.0, 1.5, 1.1498789, 0.6666663, 0.47140402, 25.11111, 20.88889, 23.0, 31.444445, -12.666667, -6.3333335, 19.0, 31.444445, 0.33538613, 2.302124, 7
60.0, 116.0, 9.0, 0.0, 0.0, 0.7222226, 0.38968164, 0.7777774, 0.34426582, 23.407408, 19.333334, 31.444445, 19.444445, -12.222222, 24.11111, -11.888889, 31.444445, 0.39214933, -2.1049783, 5
222.0, 54.0, 9.0, 0.0, 0.0, 1.1666718, 0.16666654, 1.0, 0.84444314, 134.33333, 127.55556, 145.55556, 129.88889, -20.333334, 33.666668, -13.333333, 145.55556, 0.12431249, -2.231555, 2
2.0, 198.0, 9.0, 0.11111111, 0.0, 0.888889, 0.6206327, 1.9444448, 1.3567389, 12.185185, 9.666667, 10.555555, 16.333334, -7.5555553, -4.888889, 12.444445, 16.333334, 0.4157716, 2.2212758, 7
69.0, 74.0, 9.0, 0.22222222, 0.0, 3.8888886, 9.940739, 2.166667, 2.4777777, 23.592592, 22.555555, 30.555555, 17.666668, -3.1111112, 20.88889, -17.777779, 30.555555, 0.4202516, -1.6665796, 1
91.0, 54.0, 9.0, 0.0, 0.0, 0.8333333, 0.4082483, 0.8333346, 0.6582833, 110.0, 97.888885, 127.111115, 105.0, -36.333332, 51.333332, -15.0, 127.111115, 0.22967392, -2.345744, 2
166.0, 135.0, 9.0, 0.0, 0.0, 0.44444442, 0.2721655, 0.22222221, 0.4036867, 1.4074074, 0.7777778, 3.3333333, 0.11111111, -1.8888888, 5.7777777, -3.8888888, 3.3333333, 0.9722222, -1.8807242, 5
201.0, 133.0, 9.0, 0.0, 0.0, 0.6111111, 0.24074069, 0.22222222, 0.07407406, 0.7407407, 0.33333334, 1.7777778, 0.11111111, -1.2222222, 3.1111112, -1.8888888, 1.7777778, 0.962963, -1.999063, 5
207.0, 172.0, 9.0, 0.0, 0.0, 1.0000004, 0.29814267, 1.6666673, 0.9189365, 19.0, 16.444445, 16.333334, 24.222221, -7.6666665, -8.0, 15.666667, 24.222221, 0.34374964, 2.0838537, 7
137.0, 94.0, 9.0, 0.22222222, 0.0, 1.666667, 0.7999998, 3.666667, 2.8888905, 21.222221, 20.666668, 27.333334, 15.666667, -1.6666666, 18.333334, -16.666666, 27.333334, 0.42781135, -1.627145, 1
1.0, 45.0, 9.0, 0.0, 0.0, 0.88889056, 0.45542085, 1.1111132, 0.45541877, 122.85185, 110.55556, 140.0, 118.0, -36.88889, 51.444443, -14.555555, 140.0, 0.21017425, -2.3593597, 2
196.0, 244.0, 9.0, 0.0, 0.0, 1.277778, 0.5518518, 3.6111114, 6.9518504, 7.740741, 6.6666665, 7.0, 9.555555, -3.2222223, -2.2222223, 5.4444447, 9.555555, 0.3833719, 2.340587, 7
174.0, 50.0, 9.0, 0.0, 0.0, 1.0000013, 0.7601153, 0.9444453, 0.9525792, 107.44444, 94.666664, 125.77778, 101.888885, -38.333332, 55.0, -16.666666, 125.77778, 0.2473368, -2.3372955, 2
228.0, 22.0, 9.0, 0.0, 0.0, 1.1111107, 0.8606628, 1.3888887, 0.9756292, 49.666668, 42.77778, 62.88889, 43.333332, -20.666666, 39.666668, -19.0, 62.88889, 0.3194739, -2.123537, 4
197.0, 105.0, 9.0, 0.0, 0.0, 3.7222223, 15.662961, 3.6666663, 14.400001, 4.148148, 1.6666666, 8.333334, 2.4444444, -7.4444447, 12.555555, -5.111111, 8.333334, 0.88604844, -2.2054374, 3
6.0, 81.0, 9.0, 0.0, 0.11111111, 4.111111, 8.740745, 5.722223, 28.50741, 12.481482, 7.6666665, 18.88889, 10.888889, -14.444445, 19.222221, -4.7777777, 18.88889, 0.6281558, -2.388561, 3
77.0, 135.0, 9.0, 0.0, 0.0, 0.22222221, 0.029629624, 0.22222221, 0.029629624, 0.7777778, 0.0, 2.3333335, 0.0, -2.3333333, 4.6666665, -2.3333333, 2.3333335, 1.0, -2.0943952, 5
200.0, 215.0, 9.0, 0.0, 0.0, 1.5555559, 0.95839405, 4.722222, 2.6450515, 23.037037, 17.11111, 22.555555, 29.444445, -17.777779, -1.4444444, 19.222221, 29.444445, 0.42076695, 2.5610487, 7
231.0, 160.0, 9.0, 0.0, 0.0, 2.611111, 8.240739, 13.166667, 139.85553, 40.88889, 34.11111, 51.77778, 36.77778, -20.333334, 32.666668, -12.333333, 51.77778, 0.33961803, -2.335837, 6
91.0, 64.0, 9.0, 0.0, 0.0, 0.94444466, 0.71232474, 1.0555559, 1.0201671, 62.0, 53.666668, 78.111115, 54.22222, -25.0, 48.333332, -23.333334, 78.111115, 0.31425992, -2.1180868, 4
197.0, 156.0, 9.0, 0.0, 0.0, 0.9444439, 0.49065349, 2.0555558, 1.705112, 16.925926, 13.444445, 15.555555, 21.777779, -10.444445, -4.111111, 14.555555, 21.777779, 0.38463837, 2.3635807, 7
186.0, 12.0, 9.0, 0.0, 0.0, 0.44444433, 0.27216548, 2.3333333, 1.9663839, 6.259259, 3.8888888, 11.333333, 3.5555556, -7.111111, 15.222222, -8.111111, 11.333333, 0.6873016, -2.057978, 5
160.0, 110.0, 9.0, 0.0, 0.0, 0.833333, 0.6912145, 0.4444437, 0.2721654, 31.62963, 27.222221, 39.333336, 28.333334, -13.222222, 23.11111, -9.888889, 39.333336, 0.3074441, -2.1872416, 5
235.0, 88.0, 9.0, 0.0, 0.0, 0.6111111, 0.24074072, 0.9444445, 0.32962963, 2.7777777, 0.44444445, 6.4444447, 1.4444444, -7.0, 11.0, -4.0, 6.4444447, 0.93849206, -2.2695446, 3
186.0, 173.0, 9.0, 0.0, 0.0, 1.4444445, 0.82963055, 2.1111114, 1.9851853, 17.148148, 13.555555, 15.555555, 22.333334, -10.777778, -4.7777777, 15.555555, 22.333334, 0.39643326, 2.332739, 7
75.0, 65.0, 9.0, 0.0, 0.0, 2.5, 1.1105564, 1.5555553, 0.9349202, 57.74074, 50.444443, 72.66667, 50.11111, -21.88889, 44.77778, -22.88889, 72.66667, 0.31478265, -2.077647, 4
172.0, 31.0, 9.0, 0.0, 0.0, 0.7222214, 0.4185166, 0.6666641, 0.7111098, 136.40741, 130.77779, 145.44444, 133.0, -16.88889, 27.11111, -10.222222, 145.44444, 0.100709505, -2.2515037, 2
92.0, 46.0, 9.0, 0.0, 0.0, 0.61111194, 0.24074195, 1.111112, 1.0074095, 107.51852, 93.888885, 128.88889, 99.77778, -40.88889, 64.111115, -23.222221, 128.88889, 0.27150124, -2.2708514, 2
116.0, 192.0, 9.0, 0.11111111, 0.0, 6.055556, 2.8238401, 4.3333335, 3.062316, 57.074074, 50.333332, 72.111115, 48.77778, -20.222221, 45.11111, -24.88889, 72.111115, 0.32401717, -2.024748, 6
217.0, 122.0, 9.0, 0.0, 0.0, 0.33333316, 0.13333336, 0.5, 0.3, 6.0, 7.2222223, 7.3333335, 3.4444444, 3.6666667, 4.0, -7.6666665, 7.6666665, 0.55180776, -1.0514401, 1
146.0, 238.0, 9.0, 0.0, 0.0, 2.0555556, 0.59629667, 2.6666665, 1.8666656, 17.777779, 15.0, 16.555555, 21.777779, -8.333333, -3.6666667, 12.0, 21.777779, 0.3152556, 2.3374724, 7
77.0, 185.0, 9.0, 0.0, 0.0, 2.944445, 7.6629586, 6.2222214, 32.118523, 32.555557, 29.222221, 39.666668, 28.777779, -10.0, 21.333334, -11.333333, 39.666668, 0.27036038, -2.0852716, 6
238.0, 162.0, 9.0, 0.22222222, 0.0, 0.94444466, 0.7123257, 2.666667, 0.73029745, 19.0, 15.777778, 17.333334, 23.88889, -9.666667, -5.0, 14.666667, 23.88889, 0.34003016, 2.2914152, 7
37.0, 25.0, 9.0, 0.0, 0.0, 1.3333321, 0.73029673, 0.9999962, 0.76011676, 126.03704, 114.333336, 142.22223, 121.55556, -35.11111, 48.555557, -13.444445, 142.22223, 0.19609308, -2.36518, 2
200.0, 250.0, 9.0, 0.0, 0.0, 2.2777777, 1.420746, 1.4444445, 1.0255988, 9.222222, 6.5555553, 7.3333335, 13.777778, -8.0, -5.6666665, 13.666667, 13.777778, 0.5633903, 2.1929355, 7
134.0, 187.0, 9.0, 0.0, 0.0, 1.8888887, 1.5153537, 2.1111114, 1.7847083, 59.37037, 52.666668, 74.111115, 51.333332, -20.11111, 44.22222, -24.11111, 74.111115, 0.30745777, -2.03348, 6
226.0, 72.0, 9.0, 0.0, 0.0, 1.2777778, 0.81851846, 1.3888888, 1.4407405, 4.5185184, 1.5555556, 9.444445, 2.5555556, -8.888889, 14.777778, -5.888889, 9.444445, 0.84168977, -2.2167206, 3
105.0, 193.0, 9.0, 0.0, 0.0, 3.222222, 1.9051597, 2.8888893, 2.1773255, 60.11111, 53.11111, 75.111115, 52.11111, -21.0, 45.0, -24.0, 75.111115, 0.30846536, -2.047766, 6
99.0, 103.0, 9.0, 0.0, 0.0, 1.0, 0.40000102, 0.8333359, 0.43333372, 64.44444, 58.333332, 78.111115, 56.88889, -18.333334, 41.0, -22.666666, 78.111115, 0.271568, -2.022581, 4
34.0, 93.0, 9.0, 0.0, 0.0, 0.55555564, 0.2721653, 0.3888887, 0.38968167, 14.814815, 10.444445, 23.444445, 10.555555, -13.111111, 25.88889, -12.777778, 23.444445, 0.55917877, -2.102707, 5
235.0, 88.0, 9.0, 0.0, 0.0, 0.3333335, 0.044444498, 0.4444445, 0.074074045, 12.259259, 7.5555553, 21.11111, 8.111112, -14.111111, 26.555555, -12.444445, 21.11111, 0.6417749, -2.136677, 5
221.0, 30.0, 9.0, 0.0, 0.0, 1.0555556, 0.8541837, 1.6666666, 1.6329935, 8.481482, 6.111111, 13.111111, 6.2222223, -7.111111, 13.888889, -6.7777777, 13.111111, 0.5185864, -2.05997, 5
159.0, 105.0, 9.0, 0.0, 0.0, 0.55555564, 0.5018486, 4.0, 1.8257413, 26.74074, 22.555555, 34.0, 23.666666, -12.555555, 21.777779, -9.222222, 34.0, 0.3374935, -2.192406, 5
96.0, 115.0, 9.0, 0.0, 0.0, 1.9999999, 0.9660915, 3.3333333, 1.4142128, 14.777778, 8.444445, 22.88889, 13.0, -19.0, 24.333334, -5.3333335, 22.88889, 0.6183277, -2.4590404, 3
46.0, 238.0, 9.0, 0.0, 0.0, 1.0555557, 0.8277594, 2.166667, 1.8226967, 13.259259, 9.666667, 12.666667, 17.444445, -10.777778, -1.7777778, 12.555555, 17.444445, 0.44550914, 2.5082257, 7
115.0, 81.0, 9.0, 0.0, 0.0, 0.72222394, 0.64693224, 0.72222394, 0.38968277, 105.92593, 91.888885, 124.888885, 101.0, -42.11111, 56.88889, -14.777778, 124.888885, 0.26421982, -2.3822613, 2
68.0, 107.0, 9.0, 0.11111111, 0.0, 1.111111, 3.1407404, 1.111111, 2.5629632, 1.7777778, 0.22222222, 4.5555553, 0.5555556, -4.6666665, 8.333333, -3.6666667, 4.5555553, 0.9814815, -2.146531, 3
104.0, 103.0, 9.0, 0.11111111, 0.0, 0.94444466, 0.5340273, 0.6666673, 0.59628505, 58.88889, 52.22222, 72.66667, 51.77778, -20.0, 41.333332, -21.333334, 72.66667, 0.28739437, -2.0711336, 4
69.0, 139.0, 9.0, 0.0, 0.0, 2.8333328, 1.7732588, 2.1111112, 1.6688871, 18.074074, 16.0, 22.555555, 15.666667, -6.2222223, 13.444445, -7.2222223, 23.88889, 0.38661182, -1.7028334, 3
188.0, 110.0, 9.0, 0.0, 0.0, 0.77777773, 0.5185184, 0.77777785, 0.9629633, 4.2222223, 2.7777777, 7.4444447, 2.4444444, -4.3333335, 9.666667, -5.3333335, 7.4444447, 0.67526454, -2.021228, 5
167.0, 189.0, 9.0, 0.0, 0.0, 3.7777774, 2.2377224, 3.7777774, 1.544405, 58.407406, 51.333332, 72.44444, 51.444443, -21.222221, 42.11111, -20.88889, 72.44444, 0.29552308, -2.1013258, 6
120.0, 17.0, 9.0, 0.0, 0.0, 1.3888868, 0.5518509, 1.8888893, 1.1407349, 129.55556, 118.77778, 143.55556, 126.333336, -32.333332, 42.0, -9.666667, 143.55556, 0.17262767, -2.412968, 2
254.0, 159.0, 9.0, 0.0, 0.0, 3.5555553, 7.54074, 14.833333, 152.7, 36.62963, 31.333334, 46.22222, 32.333336, -15.888889, 28.777779, -12.888889, 46.22222, 0.29484537, -2.316872, 6
134.0, 93.0, 9.0, 0.0, 0.0, 0.38888898, 0.25092435, 0.88888866, 0.5443307, 20.925926, 16.666668, 29.555555, 16.555555, -12.777778, 25.88889, -13.111111, 29.555555, 0.44337976, -2.0860834, 5
116.0, 184.0, 9.0, 0.0, 0.0, 2.2222226, 2.118519, 10.611111, 45.085182, 31.703703, 28.777779, 38.0, 28.333334, -8.777778, 18.88889, -10.111111, 38.333336, 0.25072145, -2.2154639, 6
145.0, 185.0, 9.0, 0.11111111, 0.0, 2.7777767, 2.257497, 2.2222214, 1.9512575, 56.25926, 49.88889, 69.88889, 49.0, -19.11111, 40.88889, -21.777779, 69.88889, 0.30228263, -2.0510557, 6
139.0, 187.0, 9.0, 0.0, 0.0, 2.055556, 1.1238163, 1.8333334, 1.0697875, 60.444443, 53.666668, 74.77778, 52.88889, -20.333334, 43.0, -22.666666, 74.77778, 0.29269224, -2.0582106, 6
66.0, 109.0, 9.0, 0.0, 0.0, 0.83333206, 0.80966556, 1.0000013, 0.8432756, 102.48148, 89.44444, 122.22222, 95.77778, -39.11111, 59.22222, -20.11111, 122.22222, 0.26811782, -2.2975464, 2
33.0, 94.0, 9.0, 0.0, 0.0, 1.3333336, 0.21081811, 2.5555556, 1.6420401, 5.888889, 3.2222223, 7.7777777, 6.6666665, -8.0, 5.6666665, 2.3333333, 7.7777777, 0.60978836, -2.869948, 3
165.0, 119.0, 9.0, 0.0, 0.0, 1.0555553, 1.5740752, 1.4444441, 0.829629, 29.481482, 23.222221, 40.333336, 24.88889, -18.777779, 32.555557, -13.777778, 40.333336, 0.42571348, -2.1877813, 5
36.0, 189.0, 9.0, 0.0, 0.0, 1.9444441, 2.4629607, 5.8333335, 21.588884, 31.37037, 28.444445, 38.0, 27.666666, -8.777778, 19.88889, -11.111111, 38.0, 0.2663022, -2.0203454, 6
9.0, 180.0, 9.0, 0.0, 0.0, 1.166667, 0.7226493, 1.1666673, 0.9831922, 22.555555, 17.444445, 22.0, 28.222221, -15.333333, -1.6666666, 17.0, 28.222221, 0.38142902, 2.5416608, 7
159.0, 210.0, 9.0, 0.0, 0.0, 1.4999999, 1.3666656, 1.5555555, 2.1629632, 12.962963, 9.444445, 12.0, 17.444445, -10.555555, -2.8888888, 13.444445, 17.444445, 0.4604365, 2.4287496, 7
176.0, 100.0, 9.0, 0.0, 0.0, 1.9444441, 0.7740748, 1.4444447, 0.6518514, 55.37037, 50.333332, 66.88889, 48.88889, -15.111111, 34.555557, -19.444445, 66.88889, 0.26862052, -2.00619, 4
157.0, 20.0, 9.0, 0.0, 0.0, 1.3333334, 0.7601168, 4.944444, 4.479171, 35.48148, 32.0, 42.77778, 31.666666, -10.444445, 21.88889, -11.444445, 42.77778, 0.26195785, -2.045203, 4
41.0, 93.0, 9.0, 0.0, 0.0, 0.7222201, 0.15185115, 1.0555547, 1.3962914, 112.296295, 103.888885, 128.0, 105.0, -25.222221, 47.11111, -21.88889, 128.0, 0.1883132, -2.1414192, 2
89.0, 68.0, 9.0, 0.0, 0.0, 4.055556, 3.0407388, 2.3888886, 1.2185171, 17.703703, 17.666668, 23.0, 12.444445, -0.11111111, 15.888889, -15.777778, 23.0, 0.46200204, -1.5639724, 1
62.0, 26.0, 9.0, 0.0, 0.0, 0.7777774, 0.27216512, 0.44444403, 0.40368605, 112.22222, 98.333336, 130.88889, 107.44444, -41.666668, 56.0, -14.333333, 130.88889, 0.24869815, -2.38614, 2
235.0, 195.0, 9.0, 0.0, 0.0, 1.8888887, 2.0940824, 2.9999988, 1.7384534, 48.333332, 42.77778, 59.666668, 42.555557, -16.666666, 34.0, -17.333334, 59.666668, 0.29058507, -2.0810955, 6
127.0, 143.0, 9.0, 0.0, 0.0, 1.5, 0.12222214, 0.88888884, 0.60740745, 4.185185, 0.8888889, 9.444445, 2.2222223, -9.888889, 15.777778, -5.888889, 9.444445, 0.915376, -2.2574124, 3
99.0, 149.0, 9.0, 0.0, 0.0, 3.6666667, 4.577775, 2.111111, 1.5851847, 21.37037, 16.666668, 30.0, 17.444445, -14.111111, 25.88889, -11.777778, 30.0, 0.4451721, -2.1417873, 4
78.0, 72.0, 9.0, 0.0, 0.0, 1.111112, 1.0074095, 1.0555586, 0.7296313, 125.55556, 115.333336, 140.55556, 120.77778, -30.666666, 45.0, -14.333333, 140.55556, 0.17933026, -2.3208396, 2
112.0, 90.0, 9.0, 0.0, 0.0, 7.38889, 6.9455557, 1.2777773, 0.87981415, 65.18519, 57.666668, 79.77778, 58.11111, -22.555555, 43.77778, -21.222221, 79.77778, 0.27834544, -2.108813, 4
233.0, 81.0, 9.0, 0.0, 0.0, 0.61111325, 0.3296313, 1.0555573, 0.55185294, 90.40741, 75.66667, 116.44444, 79.111115, -44.22222, 78.111115, -33.88889, 116.44444, 0.35003868, -2.1823301, 2
121.0, 82.0, 9.0, 0.0, 0.0, 0.555556, 0.34426636, 0.6111107, 0.44305366, 106.51852, 92.888885, 125.888885, 100.77778, -40.88889, 58.11111, -17.222221, 125.888885, 0.2620926, -2.3448718, 2
76.0, 116.0, 9.0, 0.0, 0.0, 0.833333, 0.43333372, 0.16666667, 0.07777769, 16.851852, 13.555555, 23.222221, 13.777778, -9.888889, 19.11111, -9.222222, 23.222221, 0.42083883, -2.1211753, 5
169.0, 186.0, 9.0, 0.0, 0.22222222, 2.333334, 1.659987, 5.5000005, 2.5188184, 49.444443, 44.666668, 61.11111, 42.555557, -14.333333, 35.0, -20.666666, 61.11111, 0.30344796, -1.974394, 6
240.0, 192.0, 9.0, 0.0, 0.0, 2.3888881, 0.6469305, 4.3888893, 2.3796992, 45.962963, 40.555557, 58.11111, 39.22222, -16.222221, 36.444443, -20.222221, 58.11111, 0.32560807, -2.0165784, 6
95.0, 131.0, 9.0, 0.0, 0.0, 0.5555555, 0.162963, 1.3333334, 0.7111112, 5.3333335, 6.888889, 6.111111, 3.0, 4.6666665, 2.3333333, -7.0, 7.2222223, 0.5928131, -0.8507829, 1
4.0, 126.0, 9.0, 0.0, 0.0, 1.1666673, 0.74444556, 0.94444466, 0.59629667, 57.814816, 52.333332, 70.44444, 50.666668, -16.444445, 37.88889, -21.444445, 70.44444, 0.28073832, -2.0060287, 4
3.0, 91.0, 9.0, 0.0, 0.11111111, 2.2222223, 5.051852, 1.0, 1.9555557, 5.6296296, 1.8888888, 10.666667, 4.3333335, -11.222222, 15.111111, -3.8888888, 10.666667, 0.82974845, -2.3839493, 3
190.0, 188.0, 9.0, 0.0, 0.0, 2.0000007, 1.5634717, 2.2777774, 1.7815938, 49.703705, 44.666668, 61.77778, 42.666668, -15.111111, 36.22222, -21.11111, 61.77778, 0.30923617, -1.9845647, 6
183.0, 111.0, 9.0, 0.0, 0.0, 0.6666667, 0.31111106, 1.0555555, 0.50740737, 5.703704, 6.888889, 7.0, 3.2222223, 3.5555556, 3.8888888, -7.4444447, 7.3333335, 0.56613755, -1.0650656, 1
96.0, 96.0, 9.0, 0.0, 0.0, 1.0, 1.5111109, 0.8333333, 0.29999986, 6.296296, 2.6666667, 11.888889, 4.3333335, -10.888889, 16.777779, -5.888889, 11.888889, 0.7788625, -2.2757916, 3
196.0, 129.0, 9.0, 0.0, 0.0, 0.83333325, 0.43333334, 0.6666667, 0.17777774, 6.3333335, 7.888889, 7.3333335, 3.7777777, 4.6666665, 3.0, -7.6666665, 8.222222, 0.54012346, -0.9327826, 1
226.0, 110.0, 9.0, 0.0, 0.0, 0.33333334, 0.08888887, 0.49999997, 0.2111111, 1.6666666, 0.11111111, 4.4444447, 0.44444445, -4.6666665, 8.333333, -3.6666667, 4.4444447, 0.9777778, -2.1559837, 3
53.0, 135.0, 9.0, 0.0, 0.0, 0.5555555, 0.2074075, 0.33333334, 0.08888893, 0.7407407, 0.0, 2.1111112, 0.11111111, -2.2222223, 4.111111, -1.8888888, 2.1111112, 0.8888889, -2.1374457, 3
163.0, 177.0, 9.0, 0.11111111, 0.0, 1.1666673, 0.7, 2.5, 0.7888896, 24.518518, 21.222221, 21.444445, 30.88889, -9.888889, -9.222222, 19.11111, 30.88889, 0.3211389, 2.1254158, 7
187.0, 75.0, 9.0, 0.0, 0.0, 1.5555559, 0.9108403, 5.6666665, 4.8027763, 39.703705, 35.77778, 48.22222, 35.11111, -11.777778, 25.555555, -13.777778, 48.22222, 0.27505925, -2.036435, 4
134.0, 148.0, 9.0, 0.0, 0.0, 0.11111113, 0.17213261, 0.055555556, 0.13608277, 0.037037037, 0.0, 0.11111111, 0.0, -0.11111111, 0.22222222, -0.11111111, 0.11111111, 0.11111111, -2.0943952, 5
249.0, 173.0, 9.0, 0.11111111, 0.0, 1.6666654, 1.6465437, 3.6111107, 2.1125717, 55.185184, 48.555557, 69.55556, 47.444443, -19.88889, 43.11111, -23.222221, 69.55556, 0.32108474, -2.0417202, 6
206.0, 80.0, 9.0, 0.0, 0.0, 4.888889, 14.829629, 3.8333333, 36.12222, 10.037037, 6.5555553, 15.111111, 8.444445, -10.444445, 15.222222, -4.7777777, 15.111111, 0.59776545, -2.3262568, 3
7.0, 90.0, 9.0, 0.0, 0.0, 1.2777777, 0.8541836, 2.4444444, 2.0184336, 4.6666665, 2.5555556, 5.7777777, 5.6666665, -6.3333335, 3.3333333, 3.0, 6.2222223, 0.66534394, -3.0441751, 3
183.0, 105.0, 9.0, 0.0, 0.0, 2.1111095, 1.1407399, 0.77777606, 0.65185165, 65.55556, 60.0, 78.77778, 57.88889, -16.666666, 39.666668, -23.0, 78.77778, 0.26498562, -1.9894751, 4
176.0, 118.0, 9.0, 0.0, 0.0, 0.38888893, 0.15185189, 0.7222221, 0.19629624, 6.0740743, 7.6666665, 7.0, 3.5555556, 4.7777777, 2.7777777, -7.5555553, 7.6666665, 0.5376984, -0.8782905, 1
155.0, 68.0, 9.0, 0.0, 0.0, 3.4444447, 3.786917, 0.16666667, 0.27888665, 2.2962964, 2.1111112, 2.8888888, 1.8888888, -0.5555556, 1.7777778, -1.2222222, 2.8888888, 0.11574074, -1.8611541, 5
134.0, 104.0, 9.0, 0.0, 0.0, 2.388889, 1.8407409, 2.6666663, 3.5555563, 21.777779, 20.88889, 28.333334, 16.11111, -2.6666667, 19.666666, -17.0, 28.333334, 0.43039906, -1.6697525, 1
47.0, 119.0, 9.0, 0.11111111, 0.0, 2.2777777, 2.2746592, 1.3333334, 1.3824296, 4.3703704, 2.1111112, 6.7777777, 4.2222223, -6.7777777, 7.2222223, -0.44444445, 6.7777777, 0.7329263, -2.587228, 3
99.0, 198.0, 9.0, 0.0, 0.0, 5.055554, 6.4339952, 5.6666665, 5.7927146, 58.333332, 51.88889, 72.333336, 50.77778, -19.333334, 42.0, -22.666666, 72.333336, 0.29965425, -2.0358741, 6
120.0, 136.0, 9.0, 0.0, 0.0, 0.61111116, 0.4185187, 1.0000001, 0.4444444, 6.259259, 7.7777777, 7.2222223, 3.7777777, 4.5555553, 2.8888888, -7.4444447, 8.0, 0.52954143, -0.92460656, 1
104.0, 139.0, 9.0, 0.0, 0.0, 0.33333334, 0.5163977, 0.33333334, 0.5163977, 0.6666667, 0.0, 1.7777778, 0.22222222, -2.0, 3.3333333, -1.3333334, 1.7777778, 1.0, -2.1507304, 3
73.0, 164.0, 9.0, 0.0, 0.0, 0.94444436, 0.5741329, 1.888889, 1.0470407, 23.148148, 21.777779, 19.11111, 28.555555, -4.111111, -12.111111, 16.222221, 28.555555, 0.330345, 1.7983025, 7
221.0, 154.0, 9.0, 0.11111111, 0.11111111, 4.2222223, 2.740737, 1.2777778, 0.5962961, 6.4814816, 4.3333335, 10.777778, 4.3333335, -6.4444447, 12.888889, -6.4444447, 10.777778, 0.6248002, -2.0879846, 5
54.0, 138.0, 9.0, 0.0, 0.0, 0.22222221, 0.29629624, 0.38888893, 0.4185185, 0.25925925, 0.0, 0.6666667, 0.11111111, -0.7777778, 1.2222222, -0.44444445, 0.6666667, 0.33333334, -2.1814387, 3
193.0, 142.0, 9.0, 0.11111111, 0.0, 0.38888887, 0.06296293, 1.7222223, 0.15185216, 4.814815, 6.7777777, 5.2222223, 2.4444444, 5.888889, 1.2222222, -7.111111, 6.7777777, 0.646164, -0.675123, 1
143.0, 114.0, 9.0, 0.0, 0.0, 1.5, 0.80966365, 0.3888887, 0.389682, 27.185184, 23.0, 34.444447, 24.11111, -12.555555, 21.777779, -9.222222, 34.444447, 0.33188802, -2.196423, 5
248.0, 200.0, 9.0, 0.0, 0.0, 1.388888, 0.9525792, 1.777778, 1.1674607, 46.11111, 41.333336, 56.555557, 40.444443, -14.333333, 31.333334, -17.0, 56.555557, 0.28666258, -2.0380163, 6
115.0, 183.0, 9.0, 0.0, 0.0, 0.77777797, 0.38518497, 1.9999996, 1.4666661, 18.11111, 14.0, 17.333334, 23.0, -12.333333, -2.3333333, 14.666667, 23.0, 0.39236423, 2.4831982, 7
2.0, 245.0, 9.0, 0.0, 0.0, 1.8888888, 2.162963, 3.1666667, 3.2777781, 6.4074073, 6.2222223, 6.0, 7.0, -0.5555556, -1.2222222, 1.7777778, 7.2222223, 0.19104938, 1.7566451, 7
78.0, 99.0, 9.0, 0.0, 0.0, 1.611111, 8.018518, 3.0555553, 14.7740755, 4.148148, 1.1111112, 9.0, 2.3333335, -9.111111, 14.555555, -5.4444447, 9.0, 0.91089994, -2.2556732, 3
141.0, 62.0, 9.0, 0.0, 0.0, 1.888889, 2.118518, 3.3888886, 6.3740745, 27.37037, 23.777779, 37.666668, 20.666668, -10.777778, 30.88889, -20.11111, 37.666668, 0.4503053, -1.8884078, 1
238.0, 59.0, 9.0, 0.0, 0.0, 0.8333346, 0.45946616, 1.0555559, 0.68041223, 121.703705, 109.22222, 139.0, 116.888885, -37.444443, 51.88889, -14.444445, 139.0, 0.21420376, -2.3642159, 2
223.0, 190.0, 9.0, 0.0, 0.0, 1.9999994, 1.0327959, 2.055556, 1.4669192, 46.88889, 42.0, 57.77778, 40.88889, -14.666667, 32.666668, -18.0, 57.77778, 0.29222646, -2.0251334, 6
250.0, 196.0, 9.0, 0.0, 0.0, 1.4999994, 1.5018506, 2.2777767, 1.2186811, 47.77778, 42.666668, 58.77778, 41.88889, -15.333333, 33.0, -17.666666, 58.77778, 0.28913772, -2.0459957, 6
210.0, 47.0, 9.0, 0.0, 0.0, 0.5, 0.21111278, 0.6666667, 0.4888892, 97.111115, 82.55556, 121.44444, 87.333336, -43.666668, 73.0, -29.333334, 121.44444, 0.32009703, -2.2232175, 2
155.0, 138.0, 9.0, 0.0, 0.0, 2.0000012, 0.66666055, 1.0555534, 0.41852024, 69.48148, 63.88889, 82.55556, 62.0, -16.777779, 39.22222, -22.444445, 82.55556, 0.24899773, -1.9990451, 4
121.0, 123.0, 9.0, 0.0, 0.0, 1.5555553, 2.4740744, 0.8888888, 1.0962967, 6.962963, 7.888889, 8.444445, 4.5555553, 2.7777777, 4.4444447, -7.2222223, 8.444445, 0.475, -1.1806802, 1
11.0, 50.0, 9.0, 0.11111111, 0.0, 1.7777773, 1.0036945, 1.111112, 0.9108403, 109.25926, 93.888885, 130.33334, 103.55556, -46.11111, 63.22222, -17.11111, 130.33334, 0.27970007, -2.3720198, 2
140.0, 125.0, 9.0, 0.0, 0.0, 0.66666657, 0.22222227, 2.6666667, 3.7777781, 3.925926, 1.5555556, 7.7777777, 2.4444444, -7.111111, 11.555555, -4.4444447, 7.7777777, 0.85319865, -2.2342408, 3
68.0, 117.0, 9.0, 0.0, 0.0, 0.44444433, 0.20740744, 1.611111, 2.1518512, 19.88889, 20.666668, 24.11111, 14.888889, 2.3333333, 12.666667, -15.0, 24.11111, 0.38127685, -1.4200875, 1
162.0, 237.0, 9.0, 0.11111111, 0.0, 2.2777777, 1.1434193, 2.6666667, 2.564718, 13.222222, 10.888889, 10.0, 18.777779, -7.0, -9.666667, 16.666666, 18.777779, 0.47282594, 1.9903806, 7
40.0, 142.0, 9.0, 0.0, 0.0, 0.27777782, 0.1360828, 0.22222225, 0.17213261, 1.2222222, 0.11111111, 3.5555556, 0.0, -3.3333333, 7.0, -3.6666667, 3.5555556, 1.0, -2.0561552, 5
124.0, 201.0, 9.0, 0.0, 0.0, 1.944445, 1.9597805, 2.0555556, 1.306678, 17.88889, 14.0, 14.888889, 24.777779, -11.666667, -9.0, 20.666666, 24.777779, 0.43971756, 2.1769927, 7
28.0, 112.0, 9.0, 0.0, 0.0, 0.72222215, 0.41851833, 0.5555555, 0.16296297, 5.9259257, 7.111111, 7.2222223, 3.4444444, 3.5555556, 3.8888888, -7.4444447, 7.5555553, 0.5440917, -1.0582771, 1
205.0, 83.0, 9.0, 0.0, 0.0, 24.555555, 688.0741, 8.333333, 121.24443, 23.296297, 19.777779, 28.555555, 21.555555, -10.555555, 15.777778, -5.2222223, 28.555555, 0.5041609, -2.3213427, 3
103.0, 64.0, 9.0, 0.0, 0.0, 0.6666667, 0.6992054, 1.3333308, 0.91893595, 108.77778, 96.333336, 126.22222, 103.77778, -37.333332, 52.333332, -15.0, 126.22222, 0.2367968, -2.3554425, 2
205.0, 82.0, 9.0, 0.0, 0.0, 1.222222, 1.1482675, 2.5, 2.1679482, 15.222222, 11.888889, 21.666666, 12.111111, -10.0, 19.333334, -9.333333, 21.666666, 0.45815158, -2.1027224, 5
8.0, 93.0, 9.0, 0.0, 0.0, 0.8333333, 0.45946798, 1.0555559, 0.9289585, 19.88889, 15.111111, 28.88889, 15.666667, -14.333333, 27.0, -12.666667, 28.88889, 0.48024568, -2.1362147, 5
66.0, 41.0, 9.0, 0.0, 0.0, 0.61111194, 0.32773077, 0.38889185, 0.32773316, 109.703705, 95.111115, 128.88889, 105.111115, -43.77778, 57.555557, -13.777778, 128.88889, 0.26204562, -2.404745, 2
68.0, 103.0, 9.0, 0.0, 0.0, 0.66666675, 0.57777774, 1.111111, 0.96296334, 2.148148, 0.11111111, 5.6666665, 0.6666667, -6.111111, 10.555555, -4.4444447, 5.6666665, 0.9876543, -2.1854658, 3
143.0, 186.0, 9.0, 0.0, 0.0, 2.3333333, 2.3190036, 2.7777774, 2.5268927, 54.962963, 49.11111, 67.88889, 47.88889, -17.555555, 38.77778, -21.222221, 67.88889, 0.2962514, -2.0286176, 6
154.0, 189.0, 9.0, 0.0, 0.0, 1.5555553, 1.0470409, 1.4444441, 0.8606628, 59.925926, 53.444443, 74.888885, 51.444443, -19.444445, 44.88889, -25.444445, 74.888885, 0.3128917, -2.0059564, 6
227.0, 104.0, 9.0, 0.0, 0.11111111, 0.49999985, 0.5477228, 3.1111107, 2.1046689, 19.62963, 16.222223, 26.11111, 16.555555, -10.222222, 19.444445, -9.222222, 26.11111, 0.3802916, -2.1282308, 5
183.0, 78.0, 9.0, 0.0, 0.0, 1.0555573, 0.32963154, 0.7777786, 1.2740806, 135.55556, 128.66667, 147.0, 131.0, -20.666666, 34.333332, -13.666667, 147.0, 0.124646865, -2.2255366, 2
240.0, 145.0, 9.0, 0.0, 0.0, 0.38888896, 0.15185192, 0.50000006, 0.12222223, 4.0740743, 5.3333335, 5.0, 1.8888888, 3.7777777, 2.7777777, -6.5555553, 5.4444447, 0.65555555, -0.9594855, 1
226.0, 141.0, 9.0, 0.0, 0.0, 0.4999999, 0.4333333, 0.7777776, 0.38518524, 5.4074073, 7.0, 6.2222223, 3.0, 4.7777777, 2.4444444, -7.2222223, 7.0, 0.5740741, -0.84373164, 1
216.0, 15.0, 9.0, 0.0, 0.0, 0.88889056, 0.34074262, 1.2222252, 0.51851857, 106.51852, 90.888885, 131.11111, 97.55556, -46.88889, 73.77778, -26.88889, 131.11111, 0.30673698, -2.2664518, 2
75.0, 131.0, 9.0, 0.0, 0.0, 0.22222222, 0.029629637, 0.33333334, 0.04444442, 0.5185185, 0.0, 1.5555556, 0.0, -1.5555556, 3.1111112, -1.5555556, 1.5555556, 1.0, -2.0943952, 3
99.0, 184.0, 9.0, 0.0, 0.0, 1.8333327, 3.2777793, 7.944443, 63.35185, 31.518518, 27.777779, 38.77778, 28.0, -11.222222, 21.777779, -10.555555, 38.77778, 0.28044972, -2.1831248, 6
169.0, 190.0, 9.0, 0.0, 0.0, 3.1111114, 1.8094412, 2.8888893, 2.0940847, 52.555557, 46.88889, 65.0, 45.77778, -17.0, 37.333332, -20.333334, 65.0, 0.2970586, -2.0348296, 6
109.0, 100.0, 9.0, 0.0, 0.0, 0.944444, 0.49065506, 0.44444466, 0.40368706, 57.148148, 51.555557, 69.66667, 50.22222, -16.777779, 37.555557, -20.777779, 69.66667, 0.27896288, -2.024061, 4
164.0, 178.0, 9.0, 0.22222222, 0.0, 1.3888887, 0.86296487, 2.5000002, 1.4555563, 23.814816, 20.222221, 21.11111, 30.11111, -10.777778, -8.111111, 18.88889, 30.11111, 0.32921228, 2.1903052, 7
80.0, 87.0, 9.0, 0.0, 0.11111111, 24.388891, 572.9964, 44.722225, 1386.3292, 67.44444, 58.77778, 79.0, 64.55556, -26.0, 34.666668, -8.666667, 79.0, 0.30628127, -2.4221272, 3
14.0, 135.0, 9.0, 0.0, 0.0, 0.27777776, 0.062962964, 0.27777776, 0.06296293, 2.8888888, 1.6666666, 6.0, 1.0, -3.6666667, 9.333333, -5.6666665, 6.0, 0.83227515, -1.958546, 5
156.0, 32.0, 9.0, 0.0, 0.0, 0.77777356, 0.16296418, 2.6111095, 1.0407379, 136.2963, 129.77779, 146.33334, 132.77779, -19.555555, 30.11111, -10.555555, 146.33334, 0.113055356, -2.280755, 2
242.0, 57.0, 9.0, 0.0, 0.11111111, 2.444444, 2.3538773, 9.277778, 2.7601657, 15.37037, 11.333333, 20.88889, 13.888889, -12.111111, 16.555555, -4.4444447, 20.88889, 0.46630767, -2.3706133, 5
119.0, 196.0, 9.0, 0.0, 0.0, 2.666666, 2.1499357, 1.3888893, 1.35674, 53.333332, 47.333332, 65.66667, 47.0, -18.0, 37.0, -19.0, 65.66667, 0.2935857, -2.0791848, 6
191.0, 162.0, 9.0, 0.0, 0.0, 2.6111114, 1.8851837, 14.166667, 210.92223, 40.962963, 34.88889, 50.11111, 37.88889, -18.222221, 27.444445, -9.222222, 50.666668, 0.298124, -2.555683, 6
63.0, 158.0, 9.0, 0.11111111, 0.0, 0.99999934, 1.0540929, 1.888889, 1.29386, 22.185184, 16.444445, 22.222221, 27.88889, -17.222221, 0.11111111, 17.11111, 27.88889, 0.41181073, 2.6247067, 7
175.0, 212.0, 9.0, 0.11111111, 0.0, 1.0000001, 0.666667, 1.8333334, 1.345775, 12.296296, 10.0, 9.0, 17.88889, -6.888889, -9.888889, 16.777779, 17.88889, 0.4987573, 1.9744948, 7
194.0, 183.0, 9.0, 0.0, 0.0, 0.77777797, 0.5837306, 2.944444, 1.625037, 54.74074, 49.22222, 67.77778, 47.22222, -16.555555, 39.11111, -22.555555, 67.77778, 0.30312124, -1.9917008, 6
92.0, 68.0, 9.0, 0.0, 0.0, 1.0555573, 0.15185204, 0.7777786, 0.6518519, 125.77778, 115.666664, 141.0, 120.666664, -30.333334, 45.666668, -15.333333, 141.0, 0.17962871, -2.3006182, 2
20.0, 248.0, 9.0, 0.0, 0.0, 1.8333335, 0.8333331, 1.6666669, 1.5999992, 13.444445, 10.555555, 12.111111, 17.666668, -8.666667, -4.0, 12.666667, 17.666668, 0.40343738, 2.3416765, 7
65.0, 75.0, 9.0, 0.0, 0.0, 0.611111, 0.32963, 0.72222203, 0.19629599, 21.333334, 21.11111, 27.11111, 15.777778, -0.6666667, 17.333334, -16.666666, 27.11111, 0.41704598, -1.5901641, 1
35.0, 62.0, 9.0, 0.0, 0.0, 0.7777786, 0.5185192, 1.2222227, 1.051853, 21.222221, 20.777779, 27.222221, 15.666667, -1.3333334, 18.0, -16.666666, 27.222221, 0.423121, -1.6203984, 1
78.0, 60.0, 9.0, 0.0, 0.0, 0.44444656, 0.2074079, 0.7777774, 0.38518456, 109.77778, 99.55556, 128.22223, 101.55556, -30.666666, 55.333332, -24.666666, 128.22223, 0.22336383, -2.1669195, 2
30.0, 124.0, 9.0, 0.0, 0.0, 0.6111111, 0.10740735, 0.611111, 0.10740747, 6.0, 7.4444447, 7.2222223, 3.3333333, 4.3333335, 3.6666667, -8.0, 7.7777777, 0.571649, -0.98787266, 1
225.0, 90.0, 9.0, 0.0, 0.0, 0.38888893, 0.2509241, 0.55555564, 0.45542005, 6.5925927, 4.666667, 11.222222, 3.8888888, -5.7777777, 13.888889, -8.111111, 11.222222, 0.65115255, -1.987466, 5
117.0, 181.0, 9.0, 0.11111111, 0.0, 1.8333334, 1.2427571, 3.0000007, 2.054805, 46.88889, 43.0, 56.88889, 40.77778, -11.666667, 30.0, -18.333334, 56.88889, 0.28328654, -1.9490879, 6
252.0, 71.0, 9.0, 0.0, 0.0, 0.7222214, 0.32962844, 1.3333334, 0.71110994, 89.14815, 72.77778, 115.55556, 79.111115, -49.11111, 79.22222, -30.11111, 115.55556, 0.37009746, -2.2494755, 2
221.0, 69.0, 9.0, 0.0, 0.0, 1.5555553, 0.8073722, 0.7222226, 0.85418403, 36.962963, 36.666668, 40.22222, 34.0, -0.8888889, 9.777778, -8.888889, 40.22222, 0.15409406, -1.6401336, 4
239.0, 143.0, 9.0, 0.0, 0.0, 0.33333328, 0.04444445, 0.6666667, 0.1333334, 4.5185184, 6.111111, 5.4444447, 2.0, 4.7777777, 2.7777777, -7.5555553, 6.111111, 0.67407405, -0.8782905, 1
76.0, 81.0, 9.0, 0.11111111, 0.0, 1.888889, 1.6740727, 1.3333334, 2.3999984, 22.703703, 22.333334, 28.777779, 17.0, -1.1111112, 18.222221, -17.11111, 28.777779, 0.40920117, -1.6067939, 1
163.0, 43.0, 9.0, 0.0, 0.0, 0.8333346, 0.43333283, 0.8333346, 0.6111112, 126.48148, 117.333336, 140.55556, 121.55556, -27.444445, 42.22222, -14.777778, 140.55556, 0.1651921, -2.2802067, 2
39.0, 246.0, 9.0, 0.11111111, 0.0, 2.277778, 3.2629633, 1.8333334, 2.4333339, 15.37037, 12.555555, 13.111111, 20.444445, -8.444445, -6.7777777, 15.222222, 20.444445, 0.3938387, 2.170543, 7
206.0, 105.0, 9.0, 0.0, 0.0, 0.27777734, 0.06296308, 0.61111134, 0.15185204, 50.185184, 45.666668, 60.88889, 44.0, -13.555555, 32.11111, -18.555555, 60.88889, 0.27710575, -1.9919642, 4
46.0, 154.0, 9.0, 0.11111111, 0.0, 3.1666667, 8.21111, 1.6111112, 1.2185184, 6.3703704, 9.666667, 4.666667, 4.7777777, 9.888889, -5.111111, -4.7777777, 9.666667, 0.56192696, -0.0049269386, 5
4.0, 248.0, 9.0, 0.0, 0.0, 3.333334, 1.8135293, 3.2222226, 1.2590408, 19.555555, 15.555555, 16.666668, 26.444445, -12.0, -8.666667, 20.666666, 26.444445, 0.42215064, 2.205099, 7
173.0, 152.0, 9.0, 0.0, 0.0, 0.0, 0.0, 0.0, 0.0, 0.0, 0.0, 0.0, 0.0, 0.0, 0.0, 0.0, 0.0, 0.0, 0.0, 5
4.0, 189.0, 9.0, 0.0, 0.0, 2.0555565, 3.8851852, 11.722221, 114.59634, 26.444445, 23.444445, 33.0, 22.88889, -9.0, 19.666666, -10.666667, 33.0, 0.27147257, -2.1010017, 6
236.0, 77.0, 9.0, 0.0, 0.0, 22.166666, 15.472914, 7.722223, 8.373016, 32.77778, 30.222221, 37.666668, 30.444445, -7.6666665, 14.666667, -7.0, 37.666668, 0.22524333, -2.1233602, 4
57.0, 199.0, 9.0, 0.0, 0.0, 3.833334, 2.647851, 6.3888893, 3.4667745, 54.962963, 47.88889, 69.22222, 47.77778, -21.222221, 42.77778, -21.555555, 69.22222, 0.31700587, -2.0847538, 6
7.0, 34.0, 9.0, 0.0, 0.0, 2.0, 3.6888885, 1.5, 2.0333328, 20.333334, 18.222221, 27.88889, 14.888889, -6.3333335, 22.666666, -16.333334, 27.88889, 0.4663447, -1.8231477, 1
130.0, 32.0, 9.0, 0.0, 0.0, 1.1111113, 1.047041, 0.83333397, 0.83665866, 59.48148, 54.22222, 70.88889, 53.333332, -15.777778, 34.22222, -18.444445, 70.88889, 0.24900064, -2.042422, 4
204.0, 116.0, 9.0, 0.0, 0.0, 1.0555555, 1.262963, 1.0555556, 1.4407407, 2.1851852, 0.33333334, 5.111111, 1.1111112, -5.5555553, 8.777778, -3.2222223, 5.111111, 0.96141976, -2.2490795, 3
217.0, 148.0, 9.0, 0.0, 0.0, 2.0555556, 2.551854, 1.0555553, 0.5074078, 29.074074, 21.444445, 41.555557, 24.222221, -22.88889, 37.444443, -14.555555, 41.555557, 0.4837708, -2.2379715, 4
75.0, 59.0, 9.0, 0.0, 0.0, 1.0555553, 0.7740732, 2.944445, 2.5518503, 25.074074, 22.333334, 34.333336, 18.555555, -8.222222, 27.777779, -19.555555, 34.333336, 0.45942742, -1.8363283, 1
229.0, 147.0, 9.0, 0.0, 0.11111111, 4.0555553, 14.062966, 2.5, 1.2777781, 27.296297, 20.88889, 38.666668, 22.333334, -19.222221, 34.11111, -14.888889, 38.666668, 0.45740503, -2.1744676, 4
83.0, 114.0, 9.0, 0.0, 0.0, 1.388889, 1.129629, 1.9444443, 0.59629667, 19.851852, 20.0, 24.666666, 14.888889, 0.44444445, 14.444445, -14.888889, 24.666666, 0.39496386, -1.5086578, 1
137.0, 163.0, 9.0, 0.0, 0.0, 1.4444441, 0.78518575, 18.888887, 5.5407553, 39.296295, 33.77778, 47.555557, 36.555557, -16.555555, 24.777779, -8.222222, 47.555557, 0.28481323, -2.3952131, 6
137.0, 147.0, 9.0, 0.11111111, 0.0, 1.5555557, 1.2740756, 2.0555556, 2.8185174, 27.222221, 20.555555, 38.666668, 22.444445, -20.0, 34.333332, -14.333333, 38.666668, 0.4681647, -2.2045748, 4
37.0, 196.0, 9.0, 0.0, 0.0, 1.2777777, 0.9981464, 1.3333334, 0.81649673, 13.37037, 11.555555, 10.444445, 18.11111, -5.4444447, -8.777778, 14.222222, 18.11111, 0.4302431, 1.9567721, 7
155.0, 140.0, 9.0, 0.0, 0.0, 0.44444442, 0.11851859, 0.66666675, 0.08888887, 5.0, 6.5555553, 5.5555553, 2.8888888, 4.6666665, 1.6666666, -6.3333335, 6.6666665, 0.56415343, -0.7836471, 1
236.0, 115.0, 9.0, 0.0, 0.0, 4.388889, 3.6629639, 0.44444418, 0.07407387, 14.740741, 10.666667, 22.222221, 11.333333, -12.222222, 22.444445, -10.222222, 22.222221, 0.5331259, -2.1516252, 5
7.0, 18.0, 9.0, 0.0, 0.0, 1.2777786, 0.7296265, 0.9444453, 0.37407914, 138.62962, 133.33334, 147.55556, 135.0, -15.888889, 26.777779, -10.888889, 147.55556, 0.096352234, -2.2146115, 2
86.0, 74.0, 9.0, 0.11111111, 0.0, 1.3333336, 1.5555557, 0.6666673, 0.13333334, 22.407408, 21.666666, 28.88889, 16.666668, -2.2222223, 19.444445, -17.222221, 28.88889, 0.42220616, -1.6466708, 1
37.0, 130.0, 9.0, 0.0, 0.0, 0.77777773, 0.96296304, 1.2777777, 0.951852, 1.6296296, 1.1111112, 3.0, 0.7777778, -1.5555556, 4.111111, -2.5555556, 3.0, 0.85555553, -1.9598235, 5
219.0, 80.0, 9.0, 0.0, 0.0, 1.2777767, 0.3296295, 0.6666667, 0.9333318, 39.703705, 36.333336, 48.22222, 34.555557, -10.111111, 25.555555, -15.444445, 48.22222, 0.28296396, -1.9626464, 4
112.0, 102.0, 9.0, 0.0, 0.0, 0.5555555, 0.20740739, 1.5555555, 0.4740743, 3.3703704, 0.5555556, 7.6666665, 1.8888888, -8.444445, 12.888889, -4.4444447, 7.6666665, 0.94074076, -2.2751586, 3
163.0, 166.0, 9.0, 0.0, 0.0, 1.7777776, 1.0962971, 2.444445, 1.0518519, 16.962963, 12.333333, 16.333334, 22.222221, -13.888889, -1.8888888, 15.777778, 22.222221, 0.4462137, 2.5158255, 7
217.0, 148.0, 9.0, 0.0, 0.0, 2.0555556, 2.551854, 1.0555553, 0.5074078, 29.074074, 21.444445, 41.555557, 24.222221, -22.88889, 37.444443, -14.555555, 41.555557, 0.4837708, -2.2379715, 4
117.0, 224.0, 9.0, 0.0, 0.0, 3.0555556, 2.5596585, 3.0555556, 3.0215273, 20.25926, 15.444445, 17.777779, 27.555555, -14.444445, -7.4444447, 21.88889, 27.555555, 0.44151622, 2.3041532, 7
75.0, 90.0, 9.0, 0.11111111, 0.0, 4.1666675, 3.0018506, 2.8333333, 2.7708795, 48.22222, 41.22222, 61.444443, 42.0, -21.0, 39.666668, -18.666666, 61.444443, 0.32763156, -2.1318614, 4
231.0, 198.0, 9.0, 0.11111111, 0.0, 0.9999997, 0.13333334, 1.111111, 1.2296298, 15.814815, 12.444445, 14.222222, 20.777779, -10.111111, -4.7777777, 14.888889, 20.777779, 0.40090325, 2.3248901, 7
219.0, 80.0, 9.0, 0.0, 0.0, 1.2777767, 0.3296295, 0.6666667, 0.9333318, 39.703705, 36.333336, 48.22222, 34.555557, -10.111111, 25.555555, -15.444445, 48.22222, 0.28296396, -1.9626464, 4
94.0, 215.0, 9.0, 0.0, 0.0, 3.1111114, 5.0962954, 1.6111113, 1.1296293, 17.185184, 14.333333, 14.333333, 22.88889, -8.555555, -8.555555, 17.11111, 22.88889, 0.4043918, 2.1051967, 7
71.0, 180.0, 9.0, 0.11111111, 0.0, 1.222222, 0.5629625, 3.0, 1.8666646, 22.333334, 18.333334, 21.444445, 27.222221, -12.0, -2.6666667, 14.666667, 27.222221, 0.3273826, 2.4538307, 7
190.0, 45.0, 9.0, 0.0, 0.0, 0.6666667, 0.66666645, 0.7777786, 0.54433, 108.96296, 95.888885, 126.888885, 104.111115, -39.22222, 53.77778, -14.555555, 126.888885, 0.24428888, -2.3718073, 2
2.0, 98.0, 9.0, 0.0, 0.0, 2.0, 0.6666667, 1.055555, 0.5518528, 17.481482, 18.333334, 20.777779, 13.333333, 2.5555556, 9.888889, -12.444445, 20.777779, 0.35672373, -1.3604367, 1
217.0, 145.0, 9.0, 0.0, 0.0, 0.5555556, 0.16296291, 0.72222215, 0.06296298, 5.296296, 6.3333335, 6.5555553, 3.0, 3.1111112, 3.7777777, -6.888889, 7.0, 0.56415343, -1.0689679, 1
240.0, 190.0, 9.0, 0.0, 0.0, 1.5555553, 0.75030917, 1.3333334, 1.0954453, 20.11111, 15.888889, 17.555555, 26.88889, -12.666667, -7.6666665, 20.333334, 26.88889, 0.4093088, 2.252231, 7
195.0, 161.0, 9.0, 0.0, 0.0, 2.1111107, 1.8074051, 10.499999, 91.32222, 41.48148, 36.0, 51.11111, 37.333336, -16.444445, 28.88889, -12.444445, 51.22222, 0.29470626, -2.3165061, 6
138.0, 133.0, 9.0, 0.0, 0.0, 0.6666667, 0.44444433, 1.1666666, 0.21111093, 6.4444447, 7.7777777, 7.888889, 3.6666667, 4.0, 4.3333335, -8.333333, 8.222222, 0.5582011, -1.0776595, 1
114.0, 145.0, 9.0, 0.11111111, 0.0, 2.166666, 1.3123348, 0.99999934, 0.6992059, 61.11111, 52.444443, 76.77778, 54.11111, -26.0, 47.0, -21.0, 76.77778, 0.31713998, -2.1661513, 4
189.0, 107.0, 9.0, 0.0, 0.0, 1.0, 1.2888924, 1.0555547, 0.418522, 133.66667, 125.77778, 145.22223, 130.0, -23.666666, 34.666668, -11.0, 145.22223, 0.13383016, -2.3173838, 2
108.0, 59.0, 9.0, 0.0, 0.0, 0.50000125, 0.16666718, 1.0555559, 0.2851855, 126.14815, 116.55556, 140.44444, 121.44444, -28.777779, 42.88889, -14.111111, 140.44444, 0.170091, -2.308637, 2
7.0, 154.0, 9.0, 0.0, 0.11111111, 3.0555546, 3.8321257, 3.8333328, 2.178176, 50.703705, 44.555557, 64.0, 43.555557, -18.444445, 39.88889, -21.444445, 64.0, 0.3213451, -2.033077, 4
64.0, 176.0, 9.0, 0.0, 0.0, 2.3333328, 0.91893756, 1.0000006, 0.91893756, 50.77778, 46.0, 62.333332, 44.0, -14.333333, 34.666668, -20.333334, 62.333332, 0.29405567, -1.9808797, 6
222.0, 62.0, 9.0, 0.0, 0.0, 0.27777782, 0.2509242, 0.6666667, 0.55777335, 6.4074073, 4.111111, 11.444445, 3.6666667, -6.888889, 15.111111, -8.222222, 11.444445, 0.68080807, -2.0341523, 5
245.0, 110.0, 9.0, 0.0, 0.0, 4.88889, 3.4426522, 1.7777783, 1.8094413, 34.11111, 29.11111, 44.444443, 28.777779, -15.0, 31.0, -16.0, 44.444443, 0.35354832, -2.0686526, 4
30.0, 56.0, 9.0, 0.0, 0.0, 1.5555553, 0.4296295, 1.4999996, 1.2777773, 23.703703, 22.11111, 31.333334, 17.666668, -4.7777777, 22.88889, -18.11111, 31.333334, 0.43595982, -1.7488347, 1
177.0, 33.0, 9.0, 0.0, 0.0, 1.6666666, 1.577621, 4.3333335, 2.9739609, 8.740741, 6.4444447, 13.111111, 6.6666665, -6.888889, 13.111111, -6.2222223, 13.111111, 0.547103, -2.0561194, 5
96.0, 84.0, 9.0, 0.0, 0.0, 1.5000004, 1.2777773, 1.6111107, 2.2851882, 23.851852, 23.555555, 30.0, 18.0, -0.8888889, 18.444445, -17.555555, 30.0, 0.39879107, -1.598867, 1
104.0, 124.0, 9.0, 0.0, 0.0, 0.6111111, 0.15185174, 0.6666665, 0.31111106, 6.185185, 7.6666665, 7.3333335, 3.5555556, 4.4444447, 3.4444444, -7.888889, 7.888889, 0.5500441, -0.9578401, 1
152.0, 155.0, 9.0, 0.0, 0.0, 0.5, 0.61111104, 10.777778, 131.80739, 7.296296, 5.3333335, 11.0, 5.5555553, -5.888889, 11.111111, -5.2222223, 11.0, 0.5, -2.115567, 5
244.0, 194.0, 9.0, 0.0, 0.0, 1.722222, 1.14342, 2.277778, 2.03761, 49.74074, 44.444443, 61.666668, 43.11111, -15.888889, 35.77778, -19.88889, 61.666668, 0.30085307, -2.0218375, 6
225.0, 222.0, 9.0, 0.11111111, 0.0, 1.5, 0.4777781, 1.7777778, 1.7185186, 14.0, 10.777778, 13.666667, 17.555555, -9.666667, -1.0, 10.666667, 17.555555, 0.38572726, 2.5573087, 7
141.0, 163.0, 9.0, 0.0, 0.0, 0.7777767, 0.42963055, 18.777777, 1.851823, 40.703705, 35.22222, 48.88889, 38.0, -16.444445, 24.555555, -8.111111, 48.88889, 0.27005577, -2.3884537, 6
215.0, 190.0, 9.0, 0.11111111, 0.0, 1.388889, 1.0417223, 2.6111114, 1.8429048, 19.88889, 16.0, 17.11111, 26.555555, -11.666667, -8.333333, 20.0, 26.555555, 0.40352198, 2.2044082, 7
95.0, 100.0, 9.0, 0.11111111, 0.0, 0.7222223, 0.1074075, 1.2222217, 1.140741, 21.074074, 21.666666, 26.0, 15.555555, 1.7777778, 14.777778, -16.555555, 26.0, 0.4010419, -1.4770186, 1
178.0, 122.0, 9.0, 0.0, 0.0, 0.5555555, 0.11851845, 0.7777776, 0.11851851, 5.851852, 7.3333335, 6.888889, 3.3333333, 4.4444447, 3.1111112, -7.5555553, 7.4444447, 0.54960316, -0.94255877, 1
187.0, 89.0, 9.0, 0.0, 0.0, 1.7777777, 1.7469549, 0.9444444, 0.80046284, 5.037037, 2.8888888, 9.555555, 2.6666667, -6.4444447, 13.555555, -7.111111, 9.555555, 0.74090356, -2.0653422, 5
166.0, 66.0, 9.0, 0.0, 0.0, 0.7777767, 0.6554609, 5.2777767, 4.959466, 41.62963, 40.555557, 46.333332, 38.0, -3.2222223, 14.111111, -10.888889, 46.333332, 0.17887476, -1.7485459, 4
17.0, 204.0, 9.0, 0.0, 0.0, 2.0000007, 1.2823583, 2.1666667, 0.7527733, 57.25926, 50.88889, 71.22222, 49.666668, -19.11111, 41.88889, -22.777779, 71.22222, 0.3026711, -2.0373724, 6
181.0, 87.0, 9.0, 0.0, 0.0, 1.2222239, 0.4740691, 0.7777786, 0.20740585, 135.40741, 127.888885, 146.44444, 131.88889, -22.555555, 33.11111, -10.555555, 146.44444, 0.12657078, -2.312874, 2
29.0, 18.0, 9.0, 0.22222222, 0.0, 0.7777774, 0.8073724, 1.7222227, 1.2895608, 68.296295, 59.0, 86.111115, 59.77778, -27.88889, 53.444443, -25.555555, 86.111115, 0.31715608, -2.123641, 4
22.0, 116.0, 9.0, 0.0, 0.0, 0.38888875, 0.10740741, 0.33333325, 0.13333334, 5.6296296, 6.7777777, 7.0, 3.1111112, 3.4444444, 4.111111, -7.5555553, 7.3333335, 0.57539684, -1.0996237, 1
14.0, 60.0, 9.0, 0.0, 0.0, 0.55555505, 0.78518444, 1.0555553, 0.06296298, 19.333334, 18.88889, 24.777779, 14.333333, -1.3333334, 16.333334, -15.0, 24.777779, 0.41924807, -1.6233917, 1
84.0, 200.0, 9.0, 0.0, 0.0, 4.722221, 2.7032206, 2.5, 1.5311577, 56.666668, 50.666668, 70.22222, 49.11111, -18.0, 40.666668, -22.666666, 70.22222, 0.30081734, -2.0153737, 6
117.0, 224.0, 9.0, 0.0, 0.0, 3.0555556, 2.5596585, 3.0555556, 3.0215273, 20.25926, 15.444445, 17.777779, 27.555555, -14.444445, -7.4444447, 21.88889, 27.555555, 0.44151622, 2.3041532, 7
45.0, 185.0, 9.0, 0.11111111, 0.0, 2.1666663, 3.7222214, 1.9444442, 2.6851857, 18.666666, 14.666667, 17.11111, 24.222221, -12.0, -4.6666665, 16.666666, 24.222221, 0.40087178, 2.3618267, 7
68.0, 122.0, 9.0, 0.0, 0.0, 2.777778, 2.0294137, 1.5555559, 1.9962927, 20.148148, 14.222222, 31.11111, 15.111111, -17.777779, 32.88889, -15.111111, 31.11111, 0.54582953, -2.0601704, 3
118.0, 126.0, 9.0, 0.0, 0.0, 0.6666667, 0.39999974, 1.8333336, 2.1222224, 20.555555, 16.11111, 28.666666, 16.88889, -13.333333, 24.333334, -11.0, 28.666666, 0.437078, -2.1588047, 4
44.0, 125.0, 9.0, 0.0, 0.0, 0.5, 0.21111107, 0.44444433, 0.16296282, 18.222221, 14.888889, 24.777779, 15.0, -10.0, 19.666666, -9.666667, 24.777779, 0.39868945, -2.1040828, 4
29.0, 195.0, 9.0, 0.0, 0.0, 0.44444433, 0.40368652, 0.61111087, 0.6804136, 16.037037, 14.444445, 13.333333, 20.333334, -4.7777777, -8.111111, 12.888889, 20.333334, 0.34230694, 1.9430399, 7
121.0, 189.0, 9.0, 0.0, 0.0, 2.277778, 2.1951132, 4.944445, 4.007863, 62.074074, 54.77778, 77.55556, 53.88889, -21.88889, 46.444443, -24.555555, 77.55556, 0.30540445, -2.054084, 6
179.0, 150.0, 9.0, 0.0, 0.0, 1.055555, 0.1962963, 1.7222223, 1.6185163, 18.925926, 13.444445, 20.0, 23.333334, -16.444445, 3.2222223, 13.222222, 23.333334, 0.42442176, 2.7916744, 7
158.0, 151.0, 9.0, 0.0, 0.0, 0.38888898, 0.38968158, 4.4444447, 4.0423675, 19.0, 15.222222, 18.333334, 23.444445, -11.333333, -2.0, 13.333333, 23.444445, 0.352606, 2.5052488, 7
71.0, 125.0, 9.0, 0.0, 0.0, 0.6666667, 0.47140455, 0.7222223, 0.49065357, 16.407408, 12.444445, 23.666666, 13.111111, -11.888889, 21.777779, -9.888889, 25.333334, 0.56104016, -1.7934027, 3
26.0, 137.0, 9.0, 0.0, 0.0, 0.055555563, 0.018518524, 0.11111113, 0.029629637, 0.25925925, 0.0, 0.7777778, 0.0, -0.7777778, 1.5555556, -0.7777778, 0.7777778, 0.7777778, -2.0943952, 3
242.0, 57.0, 9.0, 0.0, 0.0, 1.2222239, 0.78518283, 1.0000013, 0.31111082, 92.92593, 76.44444, 119.333336, 83.0, -49.444443, 79.22222, -29.777779, 119.333336, 0.35934293, -2.2542083, 2
29.0, 184.0, 9.0, 0.0, 0.0, 1.6111107, 1.0628402, 2.6666667, 1.8973663, 13.62963, 11.444445, 11.333333, 18.11111, -6.5555553, -6.888889, 13.444445, 18.11111, 0.3876632, 2.080445, 7
105.0, 189.0, 9.0, 0.0, 0.0, 2.0555553, 1.5116827, 4.4444447, 3.4555368, 61.407406, 55.0, 75.44444, 53.77778, -19.222221, 42.11111, -22.88889, 75.44444, 0.28551513, -2.0358937, 6
118.0, 111.0, 9.0, 0.0, 0.0, 1.2222227, 1.0470412, 0.55555534, 0.27216536, 62.25926, 56.444443, 75.333336, 55.0, -17.444445, 39.22222, -21.777779, 75.333336, 0.2692176, -2.014126, 4
198.0, 183.0, 9.0, 0.0, 0.0, 1.0555547, 1.1816497, 3.3888881, 1.5974506, 54.037037, 48.88889, 66.55556, 46.666668, -15.444445, 37.555557, -22.11111, 66.55556, 0.2986217, -1.9749589, 6
122.0, 11.0, 9.0, 0.0, 0.0, 1.0, 0.31111577, 2.8888905, 5.051852, 143.44444, 136.88889, 150.88889, 142.55556, -19.666666, 22.333334, -2.6666667, 150.88889, 0.09277301, -2.5216477, 2
30.0, 102.0, 9.0, 0.0, 0.0, 1.2222217, 0.11851845, 1.333333, 0.7999998, 20.25926, 20.333334, 25.0, 15.444445, 0.22222222, 14.222222, -14.444445, 25.0, 0.38105944, -1.5550972, 1
187.0, 134.0, 9.0, 0.11111111, 0.0, 2.9999998, 2.0444458, 1.1111116, 0.38518462, 26.703703, 20.333334, 37.444443, 22.333334, -19.11111, 32.22222, -13.111111, 37.444443, 0.45775157, -2.21646, 5
80.0, 116.0, 9.0, 0.0, 0.0, 1.5, 1.6333328, 1.5555557, 0.87407404, 21.703703, 21.222221, 27.555555, 16.333334, -1.4444444, 17.555555, -16.11111, 27.555555, 0.40736422, -1.6322426, 1
94.0, 136.0, 9.0, 0.0, 0.0, 0.22222225, 0.029629637, 0.22222225, 0.029629637, 2.5555556, 1.0, 5.7777777, 0.8888889, -4.6666665, 9.666667, -5.0, 5.7777777, 0.84708995, -2.0712416, 5
66.0, 155.0, 9.0, 0.0, 0.0, 3.722222, 21.796297, 7.722223, 71.574066, 8.259259, 5.888889, 12.666667, 6.2222223, -7.111111, 13.222222, -6.111111, 12.666667, 0.3006237, -2.1476219, 5
83.0, 83.0, 9.0, 0.11111111, 0.0, 0.7777786, 0.7851843, 1.666666, 3.1111119, 49.851852, 46.0, 59.555557, 44.0, -11.555555, 29.11111, -17.555555, 59.555557, 0.26060534, -1.958524, 4
54.0, 133.0, 9.0, 0.0, 0.0, 1.5555557, 1.0074074, 0.50000006, 0.3444443, 5.3703704, 3.6666667, 9.0, 3.4444444, -5.111111, 10.888889, -5.7777777, 9.0, 0.6304714, -2.0480003, 5
227.0, 44.0, 9.0, 0.11111111, 0.0, 0.55555534, 0.403687, 1.6111094, 0.99814636, 47.814816, 42.88889, 58.0, 42.555557, -14.777778, 30.555555, -15.777778, 58.0, 0.27198678, -2.0704656, 4
45.0, 188.0, 9.0, 0.0, 0.0, 2.4444447, 2.740741, 3.1111116, 7.540742, 33.333332, 29.666666, 41.333336, 29.0, -11.0, 24.0, -13.0, 41.333336, 0.29986525, -2.0407205, 6
235.0, 120.0, 9.0, 0.0, 0.0, 0.44444442, 0.3407407, 0.49999997, 0.30000004, 1.4444444, 0.0, 4.0, 0.33333334, -4.3333335, 7.6666665, -3.3333333, 4.0, 1.0, -2.1563656, 3
138.0, 116.0, 9.0, 0.0, 0.0, 0.6111111, 0.15185188, 0.4444445, 0.20740739, 6.4814816, 7.5555553, 8.222222, 3.6666667, 3.2222223, 5.2222223, -8.444445, 8.333334, 0.5591711, -1.1910701, 1
167.0, 53.0, 9.0, 0.0, 0.0, 1.2777773, 0.4906541, 0.9444434, 0.389682, 40.444443, 36.88889, 48.666668, 35.77778, -10.666667, 24.666666, -14.0, 48.666668, 0.2645635, -2.0045598, 4
23.0, 237.0, 9.0, 0.0, 0.0, 1.6666666, 2.444445, 1.7777777, 2.074075, 5.851852, 4.2222223, 4.5555553, 8.777778, -4.888889, -3.8888888, 8.777778, 8.777778, 0.54126585, 2.1805263, 7
112.0, 114.0, 9.0, 0.0, 0.0, 0.7222224, 0.06296291, 0.6666668, 0.0444444, 5.259259, 6.5555553, 6.111111, 3.1111112, 3.8888888, 2.5555556, -6.4444447, 6.6666665, 0.5343915, -0.9106101, 1
230.0, 41.0, 9.0, 0.0, 0.0, 0.88889056, 0.6885295, 1.8888893, 1.2412663, 121.48148, 110.22222, 138.88889, 115.333336, -33.77778, 52.22222, -18.444445, 138.88889, 0.2063918, -2.2808032, 2
40.0, 35.0, 9.0, 0.0, 0.0, 0.7222226, 0.25092337, 1.0555547, 0.6469281, 69.44444, 61.77778, 85.333336, 61.22222, -23.0, 47.666668, -24.666666, 85.333336, 0.2874884, -2.0742002, 4
72.0, 111.0, 9.0, 0.0, 0.0, 0.5, 0.3, 0.9444444, 1.396296, 1.2962962, 0.0, 3.5555556, 0.33333334, -3.8888888, 6.7777777, -2.8888888, 3.5555556, 1.0, -2.1394942, 3
227.0, 69.0, 9.0, 0.0, 0.0, 3.6111114, 45.929623, 4.333333, 36.400005, 11.074074, 6.888889, 16.0, 10.333334, -12.555555, 14.777778, -2.2222223, 16.0, 0.6042809, -2.4818742, 3
62.0, 177.0, 9.0, 0.0, 0.0, 1.2777786, 0.8798145, 1.6666673, 0.9428091, 51.074074, 46.333332, 63.11111, 43.77778, -14.222222, 36.11111, -21.88889, 63.11111, 0.30621472, -1.9560046, 6
136.0, 139.0, 9.0, 0.0, 0.0, 0.6666667, 0.17777774, 0.7777776, 0.20740725, 5.3333335, 6.5555553, 6.4444447, 3.0, 3.6666667, 3.3333333, -7.0, 6.888889, 0.5667989, -1.004936, 1
220.0, 39.0, 9.0, 0.11111111, 0.0, 0.66666794, 0.73029673, 1.3333334, 1.3333335, 113.0, 99.44444, 131.11111, 108.44444, -40.666668, 54.333332, -13.666667, 131.11111, 0.24145858, -2.393564, 2
57.0, 177.0, 9.0, 0.0, 0.0, 0.94444495, 0.55185163, 1.4444443, 1.71852, 19.592592, 15.777778, 18.444445, 24.555555, -11.444445, -3.4444444, 14.888889, 24.555555, 0.3589904, 2.413262, 7
24.0, 15.0, 9.0, 0.0, 0.0, 0.8333346, 0.6912141, 1.1111107, 0.54432976, 70.07407, 61.0, 87.44444, 61.77778, -27.222221, 52.11111, -24.88889, 87.44444, 0.30227023, -2.1249814, 4
53.0, 176.0, 9.0, 0.0, 0.0, 1.9444453, 0.8798155, 1.5555559, 1.9962938, 50.296295, 45.444443, 62.11111, 43.333332, -14.555555, 35.444443, -20.88889, 62.11111, 0.3024212, -1.9775702, 6
242.0, 65.0, 9.0, 0.0, 0.0, 0.5555553, 0.27216578, 1.0, 0.42163682, 8.925926, 6.111111, 14.333333, 6.3333335, -8.444445, 16.222221, -7.7777777, 14.333333, 0.5834605, -2.1218784, 5
94.0, 80.0, 9.0, 0.0, 0.0, 2.1666653, 1.1879028, 0.83333397, 0.50552523, 58.333332, 51.22222, 72.111115, 51.666668, -21.333334, 41.333332, -20.0, 72.111115, 0.2908336, -2.1163511, 4
218.0, 64.0, 9.0, 0.0, 0.0, 1.5000004, 1.1303884, 1.8333334, 1.9635572, 8.0, 6.111111, 12.555555, 5.3333335, -5.6666665, 13.666667, -8.0, 12.555555, 0.5791423, -1.9652462, 5
185.0, 102.0, 9.0, 0.0, 0.0, 11.055557, 73.70736, 0.44444528, 0.20740719, 56.77778, 51.11111, 69.111115, 50.11111, -17.0, 37.0, -20.0, 69.111115, 0.27435303, -2.034054, 4
80.0, 95.0, 9.0, 0.0, 0.0, 1.2222223, 1.0074079, 0.944444, 0.5518514, 21.407408, 21.333334, 26.666666, 16.222223, -0.22222222, 15.777778, -15.555555, 26.666666, 0.39043593, -1.5673273, 1
121.0, 113.0, 9.0, 0.0, 0.0, 1.722222, 1.5296303, 2.944444, 1.5296295, 20.25926, 20.0, 25.444445, 15.333333, -0.7777778, 15.555555, -14.777778, 25.444445, 0.39658895, -1.5856091, 1
159.0, 111.0, 9.0, 0.0, 0.0, 0.4444445, 0.074074045, 0.61111116, 0.1518519, 5.9259257, 7.6666665, 6.888889, 3.2222223, 5.2222223, 2.8888888, -8.111111, 7.6666665, 0.5813492, -0.87266606, 1
237.0, 191.0, 9.0, 0.0, 0.0, 1.0, 0.31111106, 1.5, 1.0111109, 7.3333335, 5.3333335, 5.4444447, 11.222222, -6.0, -5.6666665, 11.666667, 11.222222, 0.5358197, 2.1224225, 7
136.0, 193.0, 9.0, 0.0, 0.0, 2.3888886, 1.4516919, 2.555556, 1.408967, 60.703705, 54.444443, 74.888885, 52.77778, -18.777779, 42.555557, -23.777779, 74.888885, 0.29530448, -2.0182114, 6
125.0, 46.0, 9.0, 0.11111111, 0.0, 0.61110944, 0.61161584, 2.166668, 0.7817352, 124.55556, 112.77778, 141.0, 119.888885, -35.333332, 49.333332, -14.0, 141.0, 0.20012376, -2.357688, 2
199.0, 66.0, 9.0, 0.0, 0.0, 1.2777786, 1.5740702, 1.4444427, 2.8740733, 122.55556, 111.0, 139.77779, 116.888885, -34.666668, 51.666668, -17.0, 139.77779, 0.20580281, -2.3070939, 2
201.0, 40.0, 9.0, 0.0, 0.0, 1.0555559, 0.59629506, 1.4999987, 1.5444428, 123.77778, 113.333336, 139.66667, 118.333336, -31.333334, 47.666668, -16.333334, 139.66667, 0.18850341, -2.2922006, 2
103.0, 185.0, 9.0, 0.0, 0.0, 1.8333324, 4.655558, 9.888888, 94.91854, 30.88889, 27.777779, 37.0, 27.88889, -9.333333, 18.333334, -9.0, 37.555557, 0.25044397, -2.4505804, 6
107.0, 21.0, 9.0, 0.0, 0.0, 0.66666156, 0.51639783, 1.1666666, 0.4082483, 126.77778, 115.77778, 141.88889, 122.666664, -33.0, 45.333332, -12.333333, 141.88889, 0.18402189, -2.3703718, 2
94.0, 144.0, 9.0, 0.0, 0.0, 0.44444442, 0.118518494, 0.49999997, 0.1666667, 1.1481482, 0.0, 3.4444444, 0.0, -3.4444444, 6.888889, -3.4444444, 3.4444444, 1.0, -2.0943952, 3
108.0, 75.0, 9.0, 0.11111111, 0.0, 0.6666667, 0.47140282, 11.111111, 10.014803, 116.703705, 105.888885, 133.0, 111.22222, -32.444443, 48.88889, -16.444445, 133.0, 0.20298976, -2.2954879, 2
125.0, 46.0, 9.0, 0.11111111, 0.0, 0.61110944, 0.61161584, 2.166668, 0.7817352, 124.55556, 112.77778, 141.0, 119.888885, -35.333332, 49.333332, -14.0, 141.0, 0.20012376, -2.357688, 2
203.0, 120.0, 9.0, 0.0, 0.0, 3.3333328, 3.9111094, 4.277778, 9.262964, 49.407406, 44.88889, 59.333332, 44.0, -13.555555, 29.777779, -16.222221, 59.333332, 0.2634666, -2.035243, 4
174.0, 59.0, 9.0, 0.0, 0.0, 0.8333346, 0.34960264, 1.3333334, 0.8165003, 122.03704, 110.55556, 138.77779, 116.77778, -34.444443, 50.22222, -15.777778, 138.77779, 0.20332612, -2.323173, 2
103.0, 237.0, 9.0, 0.0, 0.0, 1.0000001, 0.4444444, 0.5555555, 0.47407398, 8.0, 6.5555553, 5.6666665, 11.777778, -4.3333335, -7.0, 11.333333, 11.777778, 0.5229992, 1.9465016, 7
116.0, 211.0, 9.0, 0.0, 0.0, 1.722222, 1.1296293, 1.6111113, 1.7074069, 13.740741, 11.111111, 12.333333, 17.777779, -7.888889, -4.2222223, 12.111111, 17.777779, 0.37534603, 2.2920406, 7
20.0, 137.0, 9.0, 0.0, 0.0, 0.11111113, 0.029629631, 0.27777782, 0.018518519, 0.22222222, 0.0, 0.6666667, 0.0, -0.6666667, 1.3333334, -0.6666667, 0.6666667, 0.6666667, -2.0943952, 3
137.0, 182.0, 9.0, 0.0, 0.0, 1.8333334, 3.8555553, 3.6111107, 9.218522, 34.925926, 31.444445, 42.88889, 30.444445, -10.444445, 23.88889, -13.444445, 42.88889, 0.28575617, -2.0011246, 6
26.0, 67.0, 9.0, 0.11111111, 0.0, 1.0, 0.8888903, 2.4444447, 3.1851847, 20.0, 19.555555, 25.88889, 14.555555, -1.3333334, 17.666666, -16.333334, 25.88889, 0.4369392, -1.6232022, 1
186.0, 173.0, 9.0, 0.0, 0.0, 1.4444445, 0.82963055, 2.1111114, 1.9851853, 17.148148, 13.555555, 15.555555, 22.333334, -10.777778, -4.7777777, 15.555555, 22.333334, 0.39643326, 2.332739, 7
