@relation unknow
@attribute region-centroid-col real [1.0, 254.0]
@attribute region-centroid-row real [11.0, 251.0]
@attribute region-pixel-count real [9.0, 10.0]
@attribute short-line-density-5 real [0.0, 0.33333334]
@attribute short-line-density-2 real [0.0, 0.22222222]
@attribute vedge-mean real [0.0, 29.222221]
@attribute vegde-sd real [0.0, 991.7184]
@attribute hedge-mean real [0.0, 44.722225]
@attribute hedge-sd real [-1.5894573E-8, 1386.3292]
@attribute intensity-mean real [0.0, 143.44444]
@attribute rawred-mean real [0.0, 137.11111]
@attribute rawblue-mean real [0.0, 150.88889]
@attribute rawgreen-mean real [0.0, 142.55556]
@attribute exred-mean real [-49.666668, 9.888889]
@attribute exblue-mean real [-12.444445, 82.0]
@attribute exgreen-mean real [-33.88889, 24.666666]
@attribute value-mean real [0.0, 150.88889]
@attribute saturatoin-mean real [0.0, 1.0]
@attribute hue-mean real [-3.0441751, 2.9124804]
@attribute class {1, 2, 3, 4, 5, 6, 7}
@inputs region-centroid-col, region-centroid-row, region-pixel-count, short-line-density-5, short-line-density-2, vedge-mean, vegde-sd, hedge-mean, hedge-sd, intensity-mean, rawred-mean, rawblue-mean, rawgreen-mean, exred-mean, exblue-mean, exgreen-mean, value-mean, saturatoin-mean, hue-mean
@outputs class
@data
61.0, 197.0, 9.0, 0.0, 0.0, 1.4444441, 1.5153533, 2.6111107, 1.9254634, 49.592594, 44.22222, 61.555557, 43.0, -16.11111, 35.88889, -19.777779, 61.555557, 0.30292457, -2.0222743, 6
137.0, 141.0, 9.0, 0.0, 0.0, 0.055555563, 0.13608278, 0.055555556, 0.13608277, 0.037037037, 0.0, 0.11111111, 0.0, -0.11111111, 0.22222222, -0.11111111, 0.11111111, 0.11111111, -2.0943952, 5
243.0, 120.0, 9.0, 0.0, 0.0, 4.4444447, 4.359749, 1.5555547, 1.8338387, 47.851852, 44.77778, 56.333332, 42.444443, -9.222222, 25.444445, -16.222221, 56.333332, 0.2453213, -1.9107349, 4
146.0, 97.0, 9.0, 0.0, 0.0, 10.111111, 4.597905, 0.6111107, 0.5741327, 47.962963, 46.0, 54.333332, 43.555557, -5.888889, 19.11111, -13.222222, 54.333332, 0.19711515, -1.8407352, 4
94.0, 140.0, 9.0, 0.0, 0.0, 0.16666667, 0.033333328, 0.33333328, 0.044444434, 3.0370371, 1.7777778, 6.111111, 1.2222222, -3.7777777, 9.222222, -5.4444447, 6.111111, 0.79788357, -1.9857694, 5
111.0, 246.0, 9.0, 0.0, 0.0, 3.166667, 2.0949678, 5.833334, 4.113663, 25.88889, 21.11111, 22.444445, 34.11111, -14.333333, -10.333333, 24.666666, 34.11111, 0.38897294, 2.2140112, 7
247.0, 92.0, 9.0, 0.0, 0.0, 0.88888884, 0.5185184, 0.44444433, 0.118518606, 12.074074, 7.5555553, 20.555555, 8.111112, -13.555555, 25.444445, -11.888889, 20.555555, 0.6321268, -2.1378512, 5
121.0, 60.0, 9.0, 0.0, 0.0, 2.277778, 2.329629, 2.888889, 2.8740742, 26.74074, 24.666666, 35.22222, 20.333334, -6.2222223, 25.444445, -19.222221, 35.22222, 0.4223002, -1.776113, 1
218.0, 115.0, 9.0, 0.0, 0.0, 0.944444, 0.5340271, 0.38888898, 0.38968194, 22.962963, 19.444445, 29.444445, 20.0, -10.555555, 19.444445, -8.888889, 29.444445, 0.33914888, -2.1486697, 5
54.0, 176.0, 9.0, 0.0, 0.0, 2.1111126, 0.68853056, 2.6666672, 2.6915512, 50.666668, 46.0, 62.666668, 43.333332, -14.0, 36.0, -22.0, 62.666668, 0.30857325, -1.9514097, 6
249.0, 58.0, 9.0, 0.0, 0.0, 1.3333334, 0.9428091, 0.27777767, 0.3277306, 8.851851, 6.0, 14.555555, 6.0, -8.555555, 17.11111, -8.555555, 14.555555, 0.6077675, -2.0853417, 5
180.0, 224.0, 9.0, 0.0, 0.0, 3.7222223, 3.7074065, 3.6111107, 5.618522, 15.185185, 11.666667, 13.333333, 20.555555, -10.555555, -5.5555553, 16.11111, 20.555555, 0.4433746, 2.2982552, 7
112.0, 90.0, 9.0, 0.0, 0.0, 7.38889, 6.9455557, 1.2777773, 0.87981415, 65.18519, 57.666668, 79.77778, 58.11111, -22.555555, 43.77778, -21.222221, 79.77778, 0.27834544, -2.108813, 4
86.0, 88.0, 9.0, 0.11111111, 0.0, 2.055556, 1.8851848, 1.722222, 3.3962944, 21.148148, 21.444445, 26.333334, 15.666667, 0.8888889, 15.555555, -16.444445, 26.333334, 0.40511805, -1.5125551, 1
140.0, 124.0, 9.0, 0.0, 0.0, 1.0, 0.44444454, 1.1111112, 1.0518516, 2.5185184, 0.22222222, 6.111111, 1.2222222, -6.888889, 10.777778, -3.8888888, 6.111111, 0.97376543, -2.267462, 3
221.0, 107.0, 9.0, 0.0, 0.0, 1.1666666, 0.2111112, 0.83333325, 0.3444444, 2.2222223, 0.33333334, 5.3333335, 1.0, -5.6666665, 9.333333, -3.6666667, 5.3333335, 0.94708997, -2.2263546, 3
168.0, 13.0, 9.0, 0.11111111, 0.0, 1.3333308, 0.44444528, 1.3333334, 0.40000203, 130.40741, 119.666664, 145.44444, 126.111115, -32.22222, 45.11111, -12.888889, 145.44444, 0.17719091, -2.3552437, 2
108.0, 128.0, 9.0, 0.0, 0.0, 7.0555553, 4.3686585, 1.666666, 1.0540924, 53.25926, 46.333332, 67.111115, 46.333332, -20.777779, 41.555557, -20.777779, 67.111115, 0.31292745, -2.0919266, 4
118.0, 167.0, 9.0, 0.11111111, 0.0, 0.88888866, 0.5185182, 2.0555553, 0.99629617, 14.592592, 12.888889, 13.777778, 17.11111, -5.111111, -2.4444444, 7.5555553, 17.11111, 0.24844901, 2.3057292, 7
98.0, 119.0, 9.0, 0.22222222, 0.0, 1.4444447, 0.51851857, 2.5555556, 5.585183, 21.592592, 21.333334, 27.333334, 16.11111, -0.7777778, 17.222221, -16.444445, 27.333334, 0.40821064, -1.5789601, 1
201.0, 125.0, 9.0, 0.0, 0.0, 1.0, 0.44444403, 9.944444, 103.751854, 42.814816, 39.11111, 51.77778, 37.555557, -11.111111, 26.88889, -15.777778, 51.77778, 0.27063802, -1.9730246, 4
123.0, 183.0, 9.0, 0.0, 0.0, 1.111111, 0.6518524, 6.333334, 36.933327, 32.25926, 29.444445, 39.11111, 28.222221, -8.444445, 20.555555, -12.111111, 39.11111, 0.2664361, -1.970772, 6
34.0, 169.0, 9.0, 0.0, 0.0, 0.8333333, 0.5055251, 1.6111112, 0.8798151, 12.814815, 10.666667, 9.777778, 18.0, -6.4444447, -9.111111, 15.555555, 18.0, 0.46356925, 1.9931829, 7
4.0, 96.0, 9.0, 0.0, 0.0, 2.222222, 2.9629638, 1.5555555, 2.2518516, 3.5555556, 0.8888889, 7.7777777, 2.0, -8.0, 12.666667, -4.6666665, 7.7777777, 0.91006523, -2.2444818, 3
88.0, 136.0, 9.0, 0.0, 0.0, 1.8333331, 1.149879, 2.0555553, 2.112573, 8.0, 4.111111, 13.222222, 6.6666665, -11.666667, 15.666667, -4.0, 13.222222, 0.6950877, -2.412671, 3
73.0, 19.0, 9.0, 0.0, 0.0, 0.9444453, 0.38968116, 0.94444275, 0.68041587, 127.51852, 116.55556, 143.11111, 122.888885, -32.88889, 46.77778, -13.888889, 143.11111, 0.1855386, -2.344188, 2
161.0, 154.0, 9.0, 0.0, 0.0, 0.0, 0.0, 0.0, 0.0, 0.0, 0.0, 0.0, 0.0, 0.0, 0.0, 0.0, 0.0, 0.0, 0.0, 5
93.0, 190.0, 9.0, 0.0, 0.0, 5.5000014, 1.8226972, 2.6111114, 3.234651, 53.592594, 47.333332, 66.88889, 46.555557, -18.777779, 39.88889, -21.11111, 66.88889, 0.3036015, -2.052546, 6
93.0, 46.0, 9.0, 0.0, 0.0, 2.1111119, 1.6296306, 1.7777786, 1.8074079, 126.03704, 116.0, 141.0, 121.111115, -30.11111, 44.88889, -14.777778, 141.0, 0.17719495, -2.3044362, 2
32.0, 95.0, 9.0, 0.0, 0.0, 1.2777776, 1.0407408, 2.2222223, 3.096295, 3.148148, 0.7777778, 7.4444447, 1.2222222, -7.111111, 12.888889, -5.7777777, 7.4444447, 0.9195971, -2.1519582, 3
38.0, 189.0, 9.0, 0.0, 0.0, 1.0000006, 0.22222213, 6.222223, 33.3185, 29.074074, 26.333334, 35.22222, 25.666666, -8.222222, 18.444445, -10.222222, 35.22222, 0.2712077, -2.0491476, 6
151.0, 129.0, 9.0, 0.0, 0.0, 8.055556, 8.141569, 0.72222203, 0.8277585, 32.037037, 27.555555, 41.11111, 27.444445, -13.444445, 27.222221, -13.777778, 41.11111, 0.3384073, -2.0787966, 4
86.0, 193.0, 9.0, 0.0, 0.0, 3.2777793, 1.6521593, 2.222222, 1.8094397, 61.407406, 53.666668, 76.55556, 54.0, -23.222221, 45.444443, -22.222221, 76.55556, 0.29957896, -2.1093748, 6
22.0, 87.0, 9.0, 0.0, 0.0, 1.8888899, 1.2590423, 1.1666666, 0.62361073, 64.03704, 55.77778, 80.333336, 56.0, -24.777779, 48.88889, -24.11111, 80.333336, 0.30969977, -2.105073, 4
119.0, 153.0, 9.0, 0.0, 0.0, 5.0555553, 5.539421, 0.055555504, 0.13608263, 3.3703704, 3.0, 3.8888888, 3.2222223, -1.1111112, 1.5555556, -0.44444445, 3.8888888, 0.08501683, -2.2217164, 5
103.0, 216.0, 9.0, 0.0, 0.0, 0.88888884, 0.6518517, 2.1666663, 1.1444442, 14.555555, 10.888889, 13.666667, 19.11111, -11.0, -2.6666667, 13.666667, 19.11111, 0.43169576, 2.4475467, 7
243.0, 94.0, 9.0, 0.0, 0.0, 0.6666666, 0.31111112, 0.22222221, 0.029629631, 1.1851852, 0.22222222, 3.2222223, 0.11111111, -2.8888888, 6.111111, -3.2222223, 3.2222223, 0.9777778, -2.0712416, 5
24.0, 205.0, 9.0, 0.0, 0.0, 2.2222226, 1.5869851, 2.3888893, 2.4892375, 56.074074, 49.77778, 69.77778, 48.666668, -18.88889, 41.11111, -22.222221, 69.77778, 0.30391166, -2.0382628, 6
103.0, 226.0, 9.0, 0.0, 0.0, 1.722222, 1.7074074, 1.6111108, 1.7518508, 13.481482, 10.222222, 11.888889, 18.333334, -9.777778, -4.7777777, 14.555555, 18.333334, 0.44245604, 2.3038533, 7
138.0, 144.0, 9.0, 0.0, 0.0, 0.8888889, 0.86066306, 0.2777778, 0.53402734, 0.6666667, 0.5555556, 1.0, 0.44444445, -0.33333334, 1.0, -0.6666667, 1.0, 0.37037036, -1.9042695, 5
43.0, 137.0, 9.0, 0.0, 0.0, 0.16666667, 0.077777795, 1.3888888, 1.7518517, 1.6666666, 0.6666667, 3.7777777, 0.5555556, -3.0, 6.3333335, -3.3333333, 3.7777777, 0.91798943, -2.0712416, 5
34.0, 83.0, 9.0, 0.0, 0.0, 1.4444447, 0.34074098, 2.444445, 0.42963055, 19.444445, 19.555555, 24.444445, 14.333333, 0.33333334, 15.0, -15.333333, 24.444445, 0.41007325, -1.5070066, 1
22.0, 57.0, 9.0, 0.0, 0.0, 0.88888806, 0.74074185, 0.6666654, 0.4888892, 126.111115, 115.77778, 140.44444, 122.111115, -31.0, 43.0, -12.0, 140.44444, 0.17560509, -2.3625138, 2
166.0, 36.0, 9.0, 0.0, 0.0, 0.0, 0.0, 0.0, 0.0, 0.0, 0.0, 0.0, 0.0, 0.0, 0.0, 0.0, 0.0, 0.0, 0.0, 5
151.0, 187.0, 9.0, 0.0, 0.0, 1.2222222, 0.74074084, 2.0555556, 1.0407399, 11.62963, 9.333334, 9.666667, 15.888889, -6.888889, -5.888889, 12.777778, 15.888889, 0.42836255, 2.1566393, 7
14.0, 146.0, 9.0, 0.11111111, 0.0, 0.888889, 0.4740738, 1.1111112, 0.7407407, 10.592592, 8.0, 15.666667, 8.111112, -7.7777777, 15.222222, -7.4444447, 15.666667, 0.48786426, -2.1089108, 4
136.0, 129.0, 9.0, 0.11111111, 0.0, 1.9444447, 3.0851877, 1.9999996, 3.1555579, 24.703703, 19.11111, 34.88889, 20.11111, -16.777779, 30.555555, -13.777778, 34.88889, 0.44974732, -2.1610465, 4
202.0, 193.0, 9.0, 0.0, 0.0, 1.111112, 0.7503075, 3.3888881, 2.489236, 41.703705, 37.88889, 50.666668, 36.555557, -11.444445, 26.88889, -15.444445, 50.666668, 0.27838665, -1.9929975, 6
64.0, 196.0, 9.0, 0.0, 0.0, 2.6666667, 2.3758044, 3.4444447, 2.2770991, 49.88889, 44.333332, 61.444443, 43.88889, -16.666666, 34.666668, -18.0, 61.444443, 0.2899971, -2.0638638, 6
170.0, 185.0, 9.0, 0.0, 0.0, 0.611111, 0.44305348, 1.4444447, 1.0470417, 10.740741, 8.111112, 9.777778, 14.333333, -7.888889, -2.8888888, 10.777778, 14.333333, 0.4351852, 2.3628104, 7
231.0, 30.0, 9.0, 0.0, 0.11111111, 0.72222215, 0.7123252, 2.9999998, 2.7968237, 7.037037, 4.7777777, 11.666667, 4.666667, -6.7777777, 13.888889, -7.111111, 11.666667, 0.6137184, -2.047276, 5
186.0, 46.0, 9.0, 0.0, 0.0, 0.6666641, 0.39999592, 1.0555598, 0.8629481, 135.51852, 129.44444, 145.55556, 131.55556, -18.222221, 30.11111, -11.888889, 145.55556, 0.11065291, -2.2326155, 2
189.0, 184.0, 9.0, 0.0, 0.11111111, 1.666666, 0.84327394, 2.7777774, 2.0073938, 50.592594, 45.88889, 62.333332, 43.555557, -14.111111, 35.22222, -21.11111, 62.333332, 0.30094525, -1.9644797, 6
222.0, 93.0, 9.0, 0.0, 0.0, 1.7222223, 0.0629626, 0.16666669, 0.033333343, 2.4444444, 1.0, 5.4444447, 0.8888889, -4.3333335, 9.0, -4.6666665, 5.4444447, 0.8783951, -2.0750706, 5
148.0, 109.0, 9.0, 0.0, 0.0, 0.99999934, 1.2110597, 1.222222, 0.6554618, 49.407406, 42.555557, 62.88889, 42.77778, -20.555555, 40.444443, -19.88889, 62.88889, 0.32513812, -2.105478, 4
51.0, 115.0, 9.0, 0.0, 0.0, 0.6666667, 0.48888892, 1.388889, 0.6851847, 2.7037036, 0.5555556, 5.6666665, 1.8888888, -6.4444447, 8.888889, -2.4444444, 5.6666665, 0.91798943, -2.3583865, 3
106.0, 191.0, 9.0, 0.0, 0.0, 3.166668, 3.0313168, 2.8333313, 2.896358, 63.0, 55.11111, 79.55556, 54.333332, -23.666666, 49.666668, -26.0, 79.55556, 0.31752294, -2.0622857, 6
244.0, 108.0, 9.0, 0.0, 0.0, 6.5, 5.1022863, 1.7222223, 0.827759, 23.703703, 20.0, 30.444445, 20.666668, -11.111111, 20.222221, -9.111111, 30.444445, 0.36533174, -2.1543908, 5
20.0, 134.0, 9.0, 0.0, 0.0, 0.6666667, 0.088888995, 0.61111116, 0.24074072, 2.9629629, 1.1111112, 6.4444447, 1.3333334, -5.5555553, 10.444445, -4.888889, 6.4444447, 0.8292328, -2.133095, 5
108.0, 113.0, 9.0, 0.0, 0.0, 0.44444442, 0.2074074, 0.44444442, 0.11851859, 5.5185184, 6.888889, 6.6666665, 3.0, 4.111111, 3.4444444, -7.5555553, 6.888889, 0.56613755, -0.9893081, 1
241.0, 70.0, 9.0, 0.0, 0.0, 1.0555559, 0.71232605, 4.1111107, 2.7541208, 39.962963, 36.444443, 48.333332, 35.11111, -10.555555, 25.11111, -14.555555, 48.333332, 0.27405116, -1.9904121, 4
224.0, 242.0, 9.0, 0.0, 0.0, 1.8888888, 0.829629, 2.222222, 3.2740743, 11.740741, 8.666667, 10.777778, 15.777778, -9.222222, -2.8888888, 12.111111, 15.777778, 0.45454717, 2.386597, 7
58.0, 122.0, 9.0, 0.0, 0.0, 0.27777782, 0.10740742, 0.55555564, 0.11851851, 5.6296296, 7.0, 6.6666665, 3.2222223, 4.111111, 3.1111112, -7.2222223, 7.2222223, 0.5515873, -0.9647966, 1
46.0, 235.0, 9.0, 0.0, 0.0, 1.9444445, 1.8407409, 1.7222223, 3.574073, 10.888889, 7.5555553, 9.333334, 15.777778, -10.0, -4.6666665, 14.666667, 15.777778, 0.5203994, 2.3162425, 7
78.0, 30.0, 9.0, 0.0, 0.0, 0.6666667, 0.66666555, 0.944444, 0.7722014, 112.96296, 99.333336, 131.11111, 108.44444, -40.88889, 54.444443, -13.555555, 131.11111, 0.24233662, -2.3950639, 2
114.0, 121.0, 9.0, 0.0, 0.0, 0.44444442, 0.118518494, 0.6111112, 0.10740732, 6.4074073, 8.0, 7.4444447, 3.7777777, 4.7777777, 3.1111112, -7.888889, 8.0, 0.5282187, -0.91432446, 1
173.0, 90.0, 9.0, 0.0, 0.0, 0.6666667, 0.2666664, 0.8333327, 0.3444444, 23.518518, 17.333334, 34.444447, 18.777779, -18.555555, 32.77778, -14.222222, 34.444447, 0.4967188, -2.182442, 5
71.0, 90.0, 9.0, 0.0, 0.0, 2.777778, 2.0740724, 5.111111, 3.2740743, 22.62963, 22.0, 29.11111, 16.777779, -1.8888888, 19.444445, -17.555555, 29.11111, 0.4204864, -1.6223308, 1
140.0, 34.0, 9.0, 0.0, 0.0, 0.49999872, 0.12222204, 0.88888675, 0.20740815, 105.48148, 91.22222, 127.333336, 97.888885, -42.77778, 65.55556, -22.777779, 127.333336, 0.28352436, -2.286636, 2
172.0, 138.0, 9.0, 0.0, 0.0, 2.4444444, 10.074077, 7.8333335, 49.633343, 12.185185, 8.222222, 19.222221, 9.111111, -11.888889, 21.11111, -9.222222, 19.222221, 0.6152501, -2.172099, 5
159.0, 83.0, 9.0, 0.0, 0.0, 0.3888887, 0.25092387, 0.27777734, 0.2509239, 18.222221, 13.333333, 26.88889, 14.444445, -14.666667, 26.0, -11.333333, 26.88889, 0.50381, -2.178321, 5
2.0, 63.0, 9.0, 0.0, 0.0, 1.2222219, 0.5629627, 1.4999999, 0.7000005, 18.074074, 17.222223, 23.666666, 13.333333, -2.5555556, 16.777779, -14.222222, 23.666666, 0.43502074, -1.6838473, 1
186.0, 218.0, 9.0, 0.0, 0.0, 1.1666666, 0.74444425, 1.1666665, 0.65555507, 13.703704, 10.666667, 12.666667, 17.777779, -9.111111, -3.1111112, 12.222222, 17.777779, 0.40134683, 2.3826835, 7
192.0, 51.0, 9.0, 0.0, 0.0, 0.72222394, 0.3896827, 0.94444275, 0.77220273, 108.74074, 95.22222, 127.0, 104.0, -40.555557, 54.77778, -14.222222, 127.0, 0.25013667, -2.3834376, 2
23.0, 129.0, 9.0, 0.0, 0.0, 0.5, 0.077777795, 0.38888887, 0.15185186, 0.5185185, 0.0, 1.5555556, 0.0, -1.5555556, 3.1111112, -1.5555556, 1.5555556, 0.7777778, -2.0943952, 3
132.0, 223.0, 9.0, 0.0, 0.0, 2.1111112, 0.72008204, 1.7777777, 0.9349196, 16.518518, 13.222222, 13.444445, 22.88889, -9.888889, -9.222222, 19.11111, 22.88889, 0.43312526, 2.1195462, 7
101.0, 80.0, 9.0, 0.0, 0.0, 3.5555553, 1.8518513, 3.0, 3.8666666, 24.814816, 24.333334, 31.555555, 18.555555, -1.4444444, 20.222221, -18.777779, 31.555555, 0.4120944, -1.620451, 1
88.0, 88.0, 9.0, 0.0, 0.0, 0.833333, 0.4777776, 2.888889, 2.3851826, 22.148148, 21.333334, 28.444445, 16.666668, -2.4444444, 18.88889, -16.444445, 28.444445, 0.41330814, -1.6537874, 1
10.0, 137.0, 9.0, 0.0, 0.0, 0.5555555, 0.07407411, 0.2777778, 0.018518511, 0.9259259, 0.11111111, 2.6666667, 0.0, -2.4444444, 5.2222223, -2.7777777, 2.6666667, 1.0, -2.0561552, 5
133.0, 182.0, 9.0, 0.0, 0.0, 2.5000012, 5.4555516, 8.666666, 71.24447, 29.777779, 27.222221, 35.444447, 26.666666, -7.6666665, 17.0, -9.333333, 35.88889, 0.25607783, -2.2177355, 6
174.0, 96.0, 9.0, 0.22222222, 0.0, 2.2222226, 0.6885298, 0.944444, 0.8798158, 55.148148, 54.11111, 61.0, 50.333332, -3.1111112, 17.555555, -14.444445, 61.0, 0.17457852, -1.7204678, 4
58.0, 232.0, 9.0, 0.0, 0.0, 2.5000005, 1.4555542, 2.5555556, 0.829629, 14.703704, 11.222222, 13.555555, 19.333334, -10.444445, -3.4444444, 13.888889, 19.333334, 0.42348316, 2.402851, 7
29.0, 195.0, 9.0, 0.0, 0.0, 0.44444433, 0.40368652, 0.61111087, 0.6804136, 16.037037, 14.444445, 13.333333, 20.333334, -4.7777777, -8.111111, 12.888889, 20.333334, 0.34230694, 1.9430399, 7
167.0, 190.0, 9.0, 0.0, 0.0, 3.055556, 0.85418355, 5.055556, 2.784215, 51.074074, 44.88889, 63.22222, 45.11111, -18.555555, 36.444443, -17.88889, 63.22222, 0.29895782, -2.1126902, 6
245.0, 93.0, 9.0, 0.11111111, 0.0, 2.8888905, 3.8963084, 1.9444441, 4.9074087, 86.296295, 70.66667, 112.111115, 76.111115, -46.88889, 77.44444, -30.555555, 112.111115, 0.36963773, -2.2315576, 2
92.0, 56.0, 9.0, 0.0, 0.0, 0.44444275, 0.029629406, 0.8333333, 0.5666677, 126.0, 115.888885, 140.66667, 121.44444, -30.333334, 44.0, -13.666667, 140.66667, 0.17606053, -2.3267827, 2
199.0, 140.0, 9.0, 0.0, 0.0, 0.44444442, 0.25185186, 0.50000006, 0.388889, 6.0, 7.4444447, 6.888889, 3.6666667, 4.3333335, 2.6666667, -7.0, 7.5555553, 0.5138889, -0.91962, 1
83.0, 54.0, 9.0, 0.0, 0.0, 0.77777606, 0.72008145, 0.6666667, 0.55777204, 109.96296, 97.55556, 127.44444, 104.888885, -37.22222, 52.444443, -15.222222, 127.44444, 0.23450433, -2.3511817, 2
85.0, 101.0, 9.0, 0.0, 0.0, 1.3333334, 1.2888881, 1.2777777, 1.2185181, 21.296297, 21.222221, 26.777779, 15.888889, -0.22222222, 16.444445, -16.222221, 26.777779, 0.4047922, -1.5585992, 1
178.0, 16.0, 9.0, 0.0, 0.0, 0.3333346, 0.298143, 1.4999987, 1.2064619, 112.96296, 99.55556, 131.0, 108.333336, -40.22222, 54.11111, -13.888889, 131.0, 0.23989888, -2.3850007, 2
107.0, 191.0, 9.0, 0.0, 0.0, 3.722222, 2.999382, 2.8888874, 2.7862093, 62.037037, 54.444443, 78.111115, 53.555557, -22.777779, 48.22222, -25.444445, 78.111115, 0.3146827, -2.0561104, 6
165.0, 99.0, 9.0, 0.0, 0.0, 0.88889056, 0.47407392, 0.7777786, 0.47407353, 93.40741, 79.0, 118.0, 83.22222, -43.22222, 73.77778, -30.555555, 118.0, 0.33041757, -2.2077565, 2
184.0, 197.0, 9.0, 0.0, 0.0, 3.0555553, 3.2551951, 4.5555553, 2.7460418, 11.962963, 8.888889, 9.555555, 17.444445, -9.222222, -7.2222223, 16.444445, 17.444445, 0.51518697, 2.164262, 7
121.0, 120.0, 9.0, 0.0, 0.0, 0.9444445, 0.250924, 0.72222215, 0.8798147, 3.5185184, 1.1111112, 6.5555553, 2.8888888, -7.2222223, 9.111111, -1.8888888, 6.5555553, 0.8399471, -2.4337952, 3
250.0, 131.0, 9.0, 0.0, 0.0, 0.0, 0.0, 0.0, 0.0, 0.0, 0.0, 0.0, 0.0, 0.0, 0.0, 0.0, 0.0, 0.0, 0.0, 5
128.0, 161.0, 9.0, 0.0, 0.0, 0.55555534, 0.25185192, 0.77777785, 0.16296278, 7.148148, 5.5555553, 10.888889, 5.0, -4.7777777, 11.222222, -6.4444447, 10.888889, 0.5409177, -1.9963073, 4
109.0, 111.0, 9.0, 0.0, 0.0, 1.4444447, 1.0886633, 1.5000006, 1.471961, 57.77778, 51.333332, 71.66667, 50.333332, -19.333334, 41.666668, -22.333334, 71.66667, 0.29889232, -2.045165, 4
4.0, 188.0, 9.0, 0.0, 0.0, 1.5555555, 0.68853056, 2.333333, 0.7601162, 15.740741, 13.333333, 14.0, 19.88889, -7.2222223, -5.2222223, 12.444445, 19.88889, 0.3424082, 2.2046695, 7
31.0, 106.0, 9.0, 0.0, 0.0, 1.6111107, 0.7296303, 0.7222223, 1.1740737, 19.11111, 19.555555, 23.666666, 14.111111, 1.3333334, 13.666667, -15.0, 23.666666, 0.40322387, -1.4845796, 1
34.0, 115.0, 9.0, 0.0, 0.0, 0.5, 0.3888888, 0.7777779, 0.60740745, 6.296296, 7.3333335, 7.888889, 3.6666667, 3.1111112, 4.7777777, -7.888889, 8.0, 0.5418871, -1.175454, 1
2.0, 245.0, 9.0, 0.0, 0.0, 1.8888888, 2.162963, 3.1666667, 3.2777781, 6.4074073, 6.2222223, 6.0, 7.0, -0.5555556, -1.2222222, 1.7777778, 7.2222223, 0.19104938, 1.7566451, 7
124.0, 29.0, 9.0, 0.0, 0.0, 1.0000013, 0.7111076, 1.0555534, 0.90741664, 128.44444, 119.22222, 142.88889, 123.22222, -27.666666, 43.333332, -15.666667, 142.88889, 0.16561614, -2.271128, 2
49.0, 240.0, 9.0, 0.0, 0.11111111, 3.0555553, 1.638654, 2.0555556, 1.7437719, 20.444445, 15.222222, 18.777779, 27.333334, -15.666667, -5.0, 20.666666, 27.333334, 0.44580838, 2.4207911, 7
183.0, 66.0, 9.0, 0.0, 0.0, 1.277778, 0.82775986, 2.555556, 1.8934586, 42.11111, 41.555557, 45.88889, 38.88889, -1.6666666, 11.333333, -9.666667, 45.88889, 0.15200906, -1.6838505, 4
2.0, 96.0, 9.0, 0.0, 0.0, 3.833333, 13.2777815, 2.3333333, 7.5111103, 5.2222223, 2.1111112, 9.777778, 3.7777777, -9.333333, 13.666667, -4.3333335, 9.777778, 0.82478386, -2.3306925, 3
190.0, 186.0, 9.0, 0.0, 0.11111111, 2.722222, 2.2451591, 6.0555553, 2.8159592, 50.074074, 45.666668, 60.22222, 44.333332, -13.222222, 30.444445, -17.222221, 60.22222, 0.26619545, -2.0288115, 6
225.0, 181.0, 9.0, 0.0, 0.0, 1.1666666, 0.86281204, 1.8333327, 1.3291602, 55.333332, 49.0, 68.77778, 48.22222, -19.0, 40.333332, -21.333334, 68.77778, 0.30000642, -2.0531886, 6
84.0, 86.0, 9.0, 0.0, 0.0, 0.8333346, 0.6912141, 1.1666692, 0.69121444, 105.77778, 92.888885, 124.111115, 100.333336, -38.666668, 55.0, -16.333334, 124.111115, 0.25155202, -2.3437886, 2
80.0, 116.0, 9.0, 0.0, 0.0, 1.5, 1.6333328, 1.5555557, 0.87407404, 21.703703, 21.222221, 27.555555, 16.333334, -1.4444444, 17.555555, -16.11111, 27.555555, 0.40736422, -1.6322426, 1
45.0, 89.0, 9.0, 0.0, 0.0, 0.7777777, 0.3407409, 0.77777773, 0.47407398, 2.2962964, 0.11111111, 6.4444447, 0.33333334, -6.5555553, 12.444445, -5.888889, 6.4444447, 0.9861111, -2.1239047, 3
94.0, 67.0, 9.0, 0.0, 0.0, 2.5555556, 3.3629644, 1.5555557, 1.1851852, 23.74074, 22.88889, 30.777779, 17.555555, -2.5555556, 21.11111, -18.555555, 30.777779, 0.42989677, -1.6701708, 1
212.0, 68.0, 9.0, 0.11111111, 0.0, 2.8888886, 2.083444, 1.8333334, 0.93689704, 37.962963, 37.555557, 41.666668, 34.666668, -1.2222222, 11.111111, -9.888889, 41.666668, 0.16790761, -1.6596414, 4
229.0, 104.0, 9.0, 0.0, 0.0, 0.49999985, 0.54772234, 2.8333333, 2.0412421, 19.777779, 16.333334, 26.11111, 16.88889, -10.333333, 19.0, -8.666667, 26.11111, 0.37553233, -2.1506376, 5
21.0, 232.0, 9.0, 0.0, 0.0, 2.3888888, 2.6851852, 2.277778, 2.3740737, 13.555555, 11.333333, 12.333333, 17.0, -6.6666665, -3.6666667, 10.333333, 17.0, 0.32791784, 2.2831473, 7
248.0, 103.0, 9.0, 0.0, 0.0, 0.9444434, 0.57413447, 1.1111113, 0.9349196, 35.62963, 30.777779, 45.22222, 30.88889, -14.555555, 28.777779, -14.222222, 45.22222, 0.32391465, -2.1026068, 4
59.0, 96.0, 9.0, 0.0, 0.0, 0.6111107, 0.4185212, 0.61111194, 0.24074087, 111.59259, 103.44444, 128.11111, 103.22222, -24.444445, 49.555557, -25.11111, 128.11111, 0.19773355, -2.0859544, 2
29.0, 85.0, 9.0, 0.0, 0.0, 2.833333, 2.9420328, 2.3888888, 3.0508046, 4.0740743, 2.1111112, 6.7777777, 3.3333333, -5.888889, 8.111111, -2.2222223, 6.7777777, 0.76296294, -2.3698635, 3
17.0, 98.0, 9.0, 0.11111111, 0.0, 0.72222215, 0.71232533, 0.6666667, 0.73029673, 1.5185186, 0.33333334, 2.8888888, 1.3333334, -3.5555556, 4.111111, -0.5555556, 2.8888888, 0.9166667, -2.4238, 3
170.0, 113.0, 9.0, 0.0, 0.0, 2.833333, 0.62360847, 1.222222, 0.68853045, 28.333334, 24.333334, 34.88889, 25.777779, -12.0, 19.666666, -7.6666665, 34.88889, 0.30207062, -2.2362506, 5
201.0, 86.0, 9.0, 0.0, 0.11111111, 9.5, 222.70003, 8.777779, 105.54074, 13.407408, 8.777778, 19.88889, 11.555555, -13.888889, 19.444445, -5.5555553, 19.88889, 0.6309454, -2.363577, 3
252.0, 195.0, 9.0, 0.0, 0.0, 2.6111119, 2.091428, 3.722222, 2.2052138, 47.666668, 42.444443, 58.77778, 41.77778, -15.666667, 33.333332, -17.666666, 58.77778, 0.28878826, -2.0516715, 6
161.0, 147.0, 9.0, 0.0, 0.0, 0.0, 0.0, 0.0, 0.0, 0.0, 0.0, 0.0, 0.0, 0.0, 0.0, 0.0, 0.0, 0.0, 0.0, 5
229.0, 24.0, 9.0, 0.0, 0.0, 1.777778, 1.1088876, 1.2222233, 1.0470423, 49.185184, 42.333336, 61.22222, 44.0, -20.555555, 36.11111, -15.555555, 61.22222, 0.3086199, -2.1867971, 4
191.0, 47.0, 9.0, 0.0, 0.0, 0.44444528, 0.38518775, 1.1111094, 0.38518983, 135.74074, 129.0, 146.33334, 131.88889, -20.222221, 31.777779, -11.555555, 146.33334, 0.11839892, -2.2625546, 2
25.0, 18.0, 9.0, 0.0, 0.0, 0.6666654, 0.08888919, 0.55555344, 0.3851843, 114.14815, 102.44444, 132.33334, 107.666664, -35.11111, 54.555557, -19.444445, 132.33334, 0.22572522, -2.2784517, 2
204.0, 194.0, 9.0, 0.0, 0.0, 2.6111114, 1.9254627, 5.1111107, 3.4167333, 41.037037, 37.0, 49.77778, 36.333336, -12.111111, 26.222221, -14.111111, 49.77778, 0.27541482, -2.0452008, 6
238.0, 25.0, 9.0, 0.0, 0.0, 0.38888678, 0.25092345, 0.94444656, 0.8277594, 116.25926, 103.666664, 133.77779, 111.333336, -37.77778, 52.555557, -14.777778, 133.77779, 0.22497466, -2.3601954, 2
140.0, 188.0, 9.0, 0.0, 0.0, 2.0, 2.1081848, 3.0555546, 2.4981472, 61.666668, 54.444443, 76.55556, 54.0, -21.666666, 44.666668, -23.0, 76.55556, 0.29562417, -2.074028, 6
42.0, 133.0, 9.0, 0.0, 0.0, 1.1666667, 1.9061303, 2.7222223, 3.1581755, 2.7037036, 1.2222222, 5.0, 1.8888888, -4.4444447, 6.888889, -2.4444444, 5.0, 0.8606061, -2.208419, 5
70.0, 71.0, 9.0, 0.11111111, 0.0, 2.1111119, 1.8074061, 2.8333333, 2.077779, 22.777779, 21.88889, 29.666666, 16.777779, -2.6666667, 20.666666, -18.0, 29.666666, 0.43356952, -1.6679595, 1
29.0, 100.0, 9.0, 0.0, 0.0, 2.2222226, 1.3629644, 2.6666672, 3.6444447, 20.62963, 20.88889, 25.555555, 15.444445, 0.7777778, 14.777778, -15.555555, 25.555555, 0.39433068, -1.519702, 1
96.0, 123.0, 9.0, 0.0, 0.0, 1.2777777, 0.1518523, 1.8333334, 2.0777776, 21.62963, 14.777778, 34.22222, 15.888889, -20.555555, 37.77778, -17.222221, 34.22222, 0.5595462, -2.149759, 4
208.0, 34.0, 9.0, 0.0, 0.0, 1.7222224, 1.7309811, 0.4444445, 0.50184834, 14.444445, 10.777778, 21.0, 11.555555, -11.0, 19.666666, -8.666667, 21.0, 0.479958, -2.1623826, 5
49.0, 148.0, 9.0, 0.0, 0.0, 0.7777777, 0.25185102, 6.6666665, 33.422226, 15.962963, 12.0, 16.88889, 19.0, -11.888889, 2.7777777, 9.111111, 19.444445, 0.4037081, 2.9124804, 7
14.0, 71.0, 9.0, 0.0, 0.0, 13.055554, 10.382501, 21.888885, 16.536379, 31.851852, 25.555555, 40.22222, 29.777779, -18.88889, 25.11111, -6.2222223, 40.22222, 0.39567065, -2.4018247, 3
226.0, 83.0, 9.0, 0.0, 0.0, 0.8888893, 0.5185186, 1.0555521, 0.50740635, 90.62963, 74.55556, 116.888885, 80.44444, -48.22222, 78.77778, -30.555555, 116.888885, 0.36206177, -2.2390528, 2
52.0, 170.0, 9.0, 0.0, 0.0, 0.55555564, 0.4554201, 0.94444436, 0.38968262, 25.444445, 20.11111, 25.333334, 30.88889, -16.0, -0.33333334, 16.333334, 30.88889, 0.34911168, 2.6040132, 7
86.0, 140.0, 9.0, 0.0, 0.0, 5.444444, 4.7687263, 3.0555556, 2.6784468, 9.925926, 6.0, 15.111111, 8.666667, -11.777778, 15.555555, -3.7777777, 15.111111, 0.627944, -2.417818, 3
70.0, 122.0, 9.0, 0.0, 0.0, 3.6666667, 4.033196, 4.111111, 3.7810435, 19.88889, 17.88889, 25.11111, 16.666668, -6.0, 15.666667, -9.666667, 26.444445, 0.40249237, -1.5402138, 3
161.0, 89.0, 9.0, 0.0, 0.0, 4.6666665, 5.1164227, 0.16666682, 0.27888685, 3.1111112, 2.8888888, 3.7777777, 2.6666667, -0.6666667, 2.0, -1.3333334, 3.7777777, 0.0976431, -1.8904839, 5
72.0, 118.0, 9.0, 0.0, 0.0, 0.27777776, 0.06296293, 0.5555556, 0.11851845, 5.4814816, 6.5555553, 6.6666665, 3.2222223, 3.2222223, 3.5555556, -6.7777777, 7.111111, 0.5458554, -1.053347, 1
71.0, 113.0, 9.0, 0.0, 0.0, 0.7222221, 0.24074072, 0.7222221, 0.1518519, 5.4814816, 7.111111, 6.3333335, 3.0, 4.888889, 2.5555556, -7.4444447, 7.111111, 0.58002645, -0.8512021, 1
99.0, 107.0, 9.0, 0.11111111, 0.0, 1.5555557, 2.0296292, 3.3333333, 2.2666647, 18.62963, 19.444445, 23.0, 13.444445, 2.4444444, 13.111111, -15.555555, 23.11111, 0.41378537, -1.3703691, 1
44.0, 187.0, 9.0, 0.0, 0.0, 1.4444448, 0.3442649, 0.8333335, 1.0274024, 15.222222, 13.222222, 12.777778, 19.666668, -6.0, -7.3333335, 13.333333, 19.666668, 0.35552603, 2.038483, 7
71.0, 197.0, 9.0, 0.0, 0.0, 2.7222233, 1.8549237, 4.555556, 2.1464868, 55.444443, 49.11111, 69.55556, 47.666668, -19.0, 42.333332, -23.333334, 69.55556, 0.31473875, -2.0243213, 6
95.0, 141.0, 9.0, 0.0, 0.0, 0.72222215, 0.24074078, 0.72222215, 0.1518519, 1.5555556, 0.11111111, 3.6666667, 0.8888889, -4.3333335, 6.3333335, -2.0, 3.6666667, 0.9777778, -2.2859912, 3
12.0, 154.0, 9.0, 0.0, 0.0, 3.222222, 3.0518484, 2.3333333, 3.200002, 19.703703, 14.888889, 28.555555, 15.666667, -14.444445, 26.555555, -12.111111, 28.555555, 0.47971532, -2.1425292, 4
214.0, 161.0, 9.0, 0.0, 0.0, 3.7222223, 0.72963357, 11.5, 18.922234, 40.444443, 35.333336, 49.666668, 36.333336, -15.333333, 27.666666, -12.333333, 49.666668, 0.29805613, -2.198939, 6
232.0, 175.0, 9.0, 0.0, 0.0, 1.1666669, 0.62360954, 2.8333333, 2.1679492, 15.37037, 12.444445, 13.555555, 20.11111, -8.777778, -5.4444447, 14.222222, 20.11111, 0.38741234, 2.2421958, 7
92.0, 56.0, 9.0, 0.0, 0.0, 0.44444275, 0.029629406, 0.8333333, 0.5666677, 126.0, 115.888885, 140.66667, 121.44444, -30.333334, 44.0, -13.666667, 140.66667, 0.17606053, -2.3267827, 2
207.0, 97.0, 9.0, 0.0, 0.0, 0.88888884, 0.65185195, 0.7777777, 0.4740743, 2.6296296, 0.5555556, 5.888889, 1.4444444, -6.2222223, 9.777778, -3.5555556, 5.888889, 0.91534394, -2.2690227, 3
201.0, 92.0, 9.0, 0.0, 0.0, 0.8333346, 0.2111112, 0.7777799, 0.2962967, 90.333336, 74.888885, 115.44444, 80.66667, -46.333332, 75.333336, -29.0, 115.44444, 0.35122013, -2.2428021, 2
16.0, 82.0, 9.0, 0.0, 0.0, 4.3333335, 41.288895, 6.222223, 66.65185, 8.481482, 4.3333335, 14.555555, 6.5555553, -12.444445, 18.222221, -5.7777777, 14.555555, 0.7428191, -2.3206284, 3
112.0, 18.0, 9.0, 0.0, 0.0, 0.8333333, 0.6912159, 0.5, 0.27888793, 113.77778, 102.333336, 130.11111, 108.888885, -34.333332, 49.0, -14.666667, 130.11111, 0.21325745, -2.3408391, 2
222.0, 62.0, 9.0, 0.0, 0.0, 0.27777782, 0.2509242, 0.6666667, 0.55777335, 6.4074073, 4.111111, 11.444445, 3.6666667, -6.888889, 15.111111, -8.222222, 11.444445, 0.68080807, -2.0341523, 5
152.0, 152.0, 9.0, 0.0, 0.0, 0.16666669, 0.033333343, 2.1111112, 4.340741, 1.4074074, 1.0, 2.4444444, 0.7777778, -1.2222222, 3.1111112, -1.8888888, 2.4444444, 0.43915343, -2.000272, 5
63.0, 201.0, 9.0, 0.0, 0.0, 1.4444445, 0.9185186, 0.94444424, 0.5518518, 7.7777777, 6.2222223, 5.5555553, 11.555555, -4.6666665, -6.6666665, 11.333333, 11.555555, 0.54320127, 1.9829868, 7
33.0, 99.0, 9.0, 0.0, 0.0, 1.5555557, 1.2590411, 2.4444444, 1.128749, 15.481482, 11.222222, 23.777779, 11.444445, -12.777778, 24.88889, -12.111111, 23.777779, 0.54147977, -2.112503, 5
58.0, 109.0, 9.0, 0.0, 0.0, 1.1666666, 0.6236098, 1.0555553, 0.49065349, 41.814816, 36.11111, 53.666668, 35.666668, -17.11111, 35.555557, -18.444445, 53.666668, 0.3349617, -2.068644, 4
205.0, 190.0, 9.0, 0.0, 0.0, 1.2777773, 0.9981452, 1.6111107, 1.1238158, 49.48148, 44.77778, 60.666668, 43.0, -14.111111, 33.555557, -19.444445, 60.666668, 0.29078844, -1.9875989, 6
227.0, 222.0, 9.0, 0.0, 0.0, 2.111111, 2.6074066, 2.6111114, 7.26296, 9.333333, 8.555555, 7.6666665, 11.777778, -2.3333333, -5.0, 7.3333335, 11.777778, 0.37369296, 1.9050448, 7
162.0, 159.0, 9.0, 0.0, 0.0, 2.1666667, 0.9603238, 2.2222223, 1.4555128, 26.11111, 25.222221, 29.555555, 23.555555, -2.6666667, 10.333333, -7.6666665, 29.555555, 0.20284556, -1.8025542, 4
253.0, 150.0, 9.0, 0.0, 0.0, 0.0, 0.0, 0.0, 0.0, 0.0, 0.0, 0.0, 0.0, 0.0, 0.0, 0.0, 0.0, 0.0, 0.0, 5
158.0, 219.0, 9.0, 0.11111111, 0.0, 2.277778, 3.5296311, 2.1111112, 4.074075, 14.888889, 11.444445, 13.555555, 19.666668, -10.333333, -4.0, 14.333333, 19.666668, 0.42601216, 2.3586955, 7
183.0, 29.0, 9.0, 0.0, 0.0, 0.7777786, 0.6074099, 0.7777786, 0.4296294, 103.25926, 88.77778, 126.333336, 94.666664, -43.444443, 69.22222, -25.777779, 126.333336, 0.2972053, -2.2572172, 2
123.0, 152.0, 9.0, 0.0, 0.0, 0.0, 0.0, 0.0, 0.0, 0.0, 0.0, 0.0, 0.0, 0.0, 0.0, 0.0, 0.0, 0.0, 0.0, 5
14.0, 136.0, 9.0, 0.0, 0.0, 0.0, 0.0, 0.0, 0.0, 0.0, 0.0, 0.0, 0.0, 0.0, 0.0, 0.0, 0.0, 0.0, 0.0, 3
103.0, 195.0, 9.0, 0.11111111, 0.0, 2.0555556, 1.5740733, 2.0555556, 3.7962956, 8.518518, 6.3333335, 6.888889, 12.333333, -6.5555553, -4.888889, 11.444445, 12.333333, 0.5016835, 2.1870224, 7
113.0, 128.0, 9.0, 0.0, 0.0, 0.22222222, 0.07407408, 0.38888887, 0.15185186, 0.7407407, 0.0, 2.2222223, 0.0, -2.2222223, 4.4444447, -2.2222223, 2.2222223, 1.0, -2.0943952, 3
90.0, 189.0, 9.0, 0.0, 0.0, 0.88888884, 0.7793635, 1.0555555, 0.82775915, 12.888889, 10.444445, 9.444445, 18.777779, -7.3333335, -10.333333, 17.666666, 18.777779, 0.49709514, 1.9855517, 7
185.0, 110.0, 9.0, 0.0, 0.0, 18.444445, 375.09625, 1.2777773, 0.59629697, 50.666668, 46.11111, 60.444443, 45.444443, -13.666667, 29.333334, -15.666667, 60.444443, 0.24925283, -2.0325177, 4
196.0, 100.0, 9.0, 0.0, 0.0, 7.277777, 83.351845, 5.777778, 68.87406, 8.148149, 4.666667, 13.333333, 6.4444447, -10.444445, 15.555555, -5.111111, 13.333333, 0.7380342, -2.2898738, 3
53.0, 198.0, 9.0, 0.0, 0.0, 1.7222233, 1.8549244, 5.111111, 1.6009259, 51.666668, 45.555557, 64.22222, 45.22222, -18.333334, 37.666668, -19.333334, 64.22222, 0.29970714, -2.0726159, 6
87.0, 196.0, 9.0, 0.11111111, 0.0, 1.3333321, 0.8692278, 2.222222, 1.6688869, 61.592594, 55.0, 75.66667, 54.11111, -19.777779, 42.22222, -22.444445, 75.66667, 0.28752622, -2.0487363, 6
46.0, 88.0, 9.0, 0.0, 0.0, 1.5, 1.3666672, 1.5555557, 1.2740738, 3.2962964, 0.6666667, 7.6666665, 1.5555556, -7.888889, 13.111111, -5.2222223, 7.6666665, 0.92957354, -2.2165444, 3
187.0, 86.0, 9.0, 0.0, 0.0, 1.0555556, 1.0628402, 3.0555553, 2.5422366, 6.703704, 4.666667, 10.888889, 4.5555553, -6.111111, 12.555555, -6.4444447, 10.888889, 0.5942257, -2.0544748, 5
63.0, 33.0, 9.0, 0.0, 0.0, 0.6111107, 0.32962793, 0.7222214, 0.062962785, 111.333336, 97.77778, 132.0, 104.22222, -40.666668, 62.0, -21.333334, 132.0, 0.25913006, -2.2904212, 2
100.0, 115.0, 9.0, 0.11111111, 0.0, 0.77777785, 0.16296305, 0.7222223, 0.32962963, 2.7407408, 0.33333334, 6.2222223, 1.6666666, -7.2222223, 10.444445, -3.2222223, 6.2222223, 0.9543651, -2.3218653, 3
224.0, 190.0, 9.0, 0.0, 0.0, 2.8888886, 2.1361103, 3.0000007, 1.8499246, 47.48148, 42.444443, 58.666668, 41.333336, -15.111111, 33.555557, -18.444445, 58.666668, 0.2956214, -2.025942, 6
40.0, 95.0, 9.0, 0.0, 0.11111111, 1.2777778, 1.5740741, 1.6111112, 1.2185184, 4.6296296, 1.0, 9.222222, 3.6666667, -10.888889, 13.777778, -2.8888888, 9.222222, 0.90709877, -2.4294486, 3
19.0, 90.0, 9.0, 0.0, 0.0, 1.3888888, 1.8851852, 1.1111112, 2.1185184, 3.4074075, 0.8888889, 7.888889, 1.4444444, -7.5555553, 13.444445, -5.888889, 7.888889, 0.904321, -2.1660802, 3
195.0, 119.0, 9.0, 0.0, 0.11111111, 3.611111, 1.4050171, 1.2222223, 0.91084015, 8.62963, 5.888889, 13.666667, 6.3333335, -8.222222, 15.111111, -6.888889, 13.666667, 0.58956474, -2.1427078, 5
73.0, 194.0, 9.0, 0.0, 0.0, 3.222222, 2.3349202, 4.611112, 3.3560352, 60.77778, 53.444443, 76.111115, 52.77778, -22.0, 46.0, -24.0, 76.111115, 0.30925295, -2.0605488, 6
228.0, 143.0, 9.0, 0.0, 0.0, 0.50000006, 0.3444443, 0.6666668, 0.31111094, 5.296296, 6.6666665, 6.2222223, 3.0, 4.111111, 2.7777777, -6.888889, 6.7777777, 0.5564374, -0.9148125, 1
140.0, 125.0, 9.0, 0.0, 0.0, 0.2777779, 0.06296301, 0.66666675, 0.31111118, 6.185185, 7.3333335, 7.6666665, 3.5555556, 3.4444444, 4.4444447, -7.888889, 7.7777777, 0.5456349, -1.1218182, 1
252.0, 194.0, 9.0, 0.0, 0.0, 2.1666667, 0.7817362, 2.055556, 2.0266738, 18.555555, 15.0, 15.333333, 25.333334, -10.666667, -9.666667, 20.333334, 25.333334, 0.42249063, 2.1265156, 7
238.0, 211.0, 9.0, 0.11111111, 0.0, 1.0555559, 0.49065375, 1.6111113, 1.2546215, 20.518518, 16.11111, 19.222221, 26.222221, -13.222222, -3.8888888, 17.11111, 26.222221, 0.38528243, 2.4163542, 7
212.0, 235.0, 9.0, 0.0, 0.0, 1.4444447, 1.4555132, 1.944445, 2.2648687, 25.88889, 21.11111, 24.0, 32.555557, -14.333333, -5.6666665, 20.0, 32.555557, 0.35188085, 2.3560238, 7
18.0, 145.0, 9.0, 0.0, 0.0, 0.38888896, 0.018518496, 0.6111111, 0.3740741, 3.925926, 5.5555553, 4.0, 2.2222223, 4.888889, 0.22222222, -5.111111, 5.5555553, 0.6005291, -0.57094, 1
17.0, 124.0, 9.0, 0.0, 0.0, 1.1666666, 0.6111112, 1.4444445, 0.7851852, 1.1481482, 0.22222222, 2.6666667, 0.5555556, -2.7777777, 4.5555553, -1.7777778, 2.6666667, 0.9537037, -2.1692097, 3
198.0, 127.0, 9.0, 0.0, 0.0, 2.4444444, 4.385187, 8.555555, 59.54075, 40.74074, 38.0, 48.22222, 36.0, -8.222222, 22.444445, -14.222222, 48.22222, 0.24899939, -1.9083478, 4
192.0, 239.0, 9.0, 0.11111111, 0.0, 2.4999998, 2.4333322, 2.277778, 1.3074071, 15.148149, 12.222222, 14.555555, 18.666668, -8.777778, -1.7777778, 10.555555, 18.666668, 0.34430414, 2.482445, 7
120.0, 108.0, 9.0, 0.11111111, 0.0, 0.611111, 0.6407408, 0.944444, 0.1518519, 21.925926, 21.0, 28.222221, 16.555555, -2.7777777, 18.88889, -16.11111, 28.222221, 0.41213372, -1.6835289, 1
97.0, 77.0, 9.0, 0.0, 0.11111111, 1.222222, 1.8518518, 4.4444447, 6.5629597, 25.185184, 24.11111, 32.333336, 19.11111, -3.2222223, 21.444445, -18.222221, 32.333336, 0.4076231, -1.6773084, 1
139.0, 109.0, 9.0, 0.0, 0.0, 0.88888866, 0.8344436, 0.277778, 0.38968176, 29.407408, 24.777779, 37.11111, 26.333334, -13.888889, 23.11111, -9.222222, 37.11111, 0.33195418, -2.226161, 5
81.0, 98.0, 9.0, 0.11111111, 0.0, 1.2222227, 0.42963, 1.888889, 3.2296317, 20.88889, 21.0, 25.88889, 15.777778, 0.33333334, 15.0, -15.333333, 25.88889, 0.38914663, -1.5288948, 1
78.0, 62.0, 9.0, 0.11111111, 0.0, 0.6666667, 0.399999, 1.6111094, 0.86296284, 110.03704, 100.77778, 126.333336, 103.0, -27.777779, 48.88889, -21.11111, 126.333336, 0.20227888, -2.1854193, 2
89.0, 89.0, 9.0, 0.0, 0.0, 1.722222, 2.9074073, 2.9444447, 4.862958, 21.88889, 21.333334, 27.777779, 16.555555, -1.6666666, 17.666666, -16.0, 27.777779, 0.4004446, -1.6113652, 1
205.0, 204.0, 9.0, 0.0, 0.0, 1.555555, 0.9583939, 1.8888887, 1.7722135, 19.0, 14.333333, 17.11111, 25.555555, -14.0, -5.6666665, 19.666666, 25.555555, 0.43934208, 2.3487284, 7
199.0, 97.0, 9.0, 0.11111111, 0.0, 2.722222, 1.2546208, 0.5, 0.18257418, 47.814816, 46.0, 54.11111, 43.333332, -5.4444447, 18.88889, -13.444445, 54.11111, 0.1993515, -1.8367767, 4
117.0, 246.0, 9.0, 0.0, 0.0, 2.277778, 5.6185174, 2.6666665, 5.866666, 15.444445, 12.0, 14.333333, 20.0, -10.333333, -3.3333333, 13.666667, 20.0, 0.3959547, 2.395692, 7
220.0, 111.0, 9.0, 0.0, 0.0, 2.555555, 1.6555178, 2.2777774, 1.5974522, 29.592592, 25.444445, 38.22222, 25.11111, -12.444445, 25.88889, -13.444445, 38.22222, 0.34932512, -2.064723, 4
105.0, 62.0, 9.0, 0.0, 0.0, 0.8333346, 0.16666616, 1.1666679, 0.83333385, 126.48148, 117.55556, 140.33334, 121.55556, -26.777779, 41.555557, -14.777778, 140.33334, 0.16222528, -2.2754252, 2
18.0, 70.0, 9.0, 0.0, 0.11111111, 9.444444, 5.897896, 9.944444, 6.9487534, 21.037037, 16.222223, 26.666666, 20.222221, -14.444445, 16.88889, -2.4444444, 26.666666, 0.4158355, -2.5142038, 3
145.0, 34.0, 9.0, 0.11111111, 0.0, 0.55555725, 0.34074122, 1.8888906, 1.1407446, 137.03703, 131.44444, 146.66667, 133.0, -16.777779, 28.88889, -12.111111, 146.66667, 0.1045387, -2.2000005, 2
230.0, 162.0, 9.0, 0.0, 0.0, 1.6666666, 1.0749676, 0.9444442, 0.5741337, 17.333334, 13.777778, 15.888889, 22.333334, -10.666667, -4.3333335, 15.0, 22.333334, 0.38252184, 2.3503675, 7
72.0, 31.0, 9.0, 0.0, 0.0, 1.1111094, 1.4962956, 1.3333334, 0.7111079, 135.92592, 129.88889, 145.55556, 132.33334, -18.11111, 28.88889, -10.777778, 145.55556, 0.10761623, -2.255012, 2
146.0, 124.0, 9.0, 0.0, 0.0, 0.4999999, 0.16666664, 0.38888875, 0.107407376, 6.037037, 7.4444447, 7.3333335, 3.3333333, 4.2222223, 3.8888888, -8.111111, 7.6666665, 0.56349206, -1.0247301, 1
67.0, 34.0, 9.0, 0.0, 0.0, 1.1111113, 1.2232314, 0.555556, 0.5837306, 54.25926, 46.22222, 70.333336, 46.22222, -24.11111, 48.22222, -24.11111, 70.333336, 0.34747013, -2.0945199, 4
161.0, 135.0, 9.0, 0.0, 0.0, 0.055555563, 0.13608278, 0.11111113, 0.17213261, 1.2592592, 0.7777778, 3.0, 0.0, -1.4444444, 5.2222223, -3.7777777, 3.0, 1.0, -1.8222142, 5
228.0, 20.0, 9.0, 0.0, 0.0, 1.0555547, 0.49065518, 0.8333333, 0.7527733, 125.0, 114.0, 140.55556, 120.44444, -33.0, 46.666668, -13.666667, 140.55556, 0.18889166, -2.348006, 2
91.0, 247.0, 9.0, 0.0, 0.0, 2.6666665, 1.2472191, 2.222222, 1.4246507, 12.62963, 9.555555, 12.444445, 15.888889, -9.222222, -0.5555556, 9.777778, 15.888889, 0.4018332, 2.55309, 7
41.0, 61.0, 9.0, 0.0, 0.0, 2.0555553, 1.5740743, 1.5555553, 1.940741, 21.74074, 20.333334, 28.777779, 16.11111, -4.2222223, 21.11111, -16.88889, 28.777779, 0.43704242, -1.7372931, 1
197.0, 236.0, 9.0, 0.0, 0.0, 2.4444444, 6.829628, 3.3333333, 7.599998, 16.074074, 13.111111, 16.666668, 18.444445, -8.888889, 1.7777778, 7.111111, 18.555555, 0.29272884, 2.7898002, 7
169.0, 98.0, 9.0, 0.0, 0.0, 0.7222214, 0.15184994, 1.6666666, 0.75555366, 92.333336, 77.333336, 116.888885, 82.77778, -45.0, 73.666664, -28.666666, 116.888885, 0.3382884, -2.238522, 2
134.0, 194.0, 9.0, 0.0, 0.0, 2.6111107, 1.218682, 5.222222, 4.435546, 58.962963, 52.88889, 71.55556, 52.444443, -18.222221, 37.77778, -19.555555, 71.55556, 0.27344358, -2.0818913, 6
235.0, 81.0, 9.0, 0.0, 0.0, 1.388889, 0.41851807, 0.77777773, 0.2962964, 3.4814816, 1.0, 7.4444447, 2.0, -7.4444447, 11.888889, -4.4444447, 7.4444447, 0.88121694, -2.2481337, 3
149.0, 117.0, 9.0, 0.22222222, 0.0, 0.833333, 0.2555556, 0.9999997, 0.44444454, 21.222221, 21.11111, 26.333334, 16.222223, -0.33333334, 15.333333, -15.0, 26.333334, 0.38262922, -1.5744768, 1
69.0, 92.0, 9.0, 0.11111111, 0.0, 1.888889, 4.518517, 1.9999999, 1.0222219, 19.37037, 20.222221, 23.333334, 14.555555, 2.5555556, 11.888889, -14.444445, 23.333334, 0.37657413, -1.4082419, 1
143.0, 20.0, 9.0, 0.0, 0.0, 1.1111158, 0.7503102, 1.2777799, 0.92895854, 127.333336, 116.77778, 142.66667, 122.55556, -31.666666, 46.0, -14.333333, 142.66667, 0.18147528, -2.3269186, 2
38.0, 112.0, 9.0, 0.0, 0.0, 0.55555564, 0.3851852, 1.0000001, 0.0888888, 6.2222223, 7.0, 8.111112, 3.5555556, 2.3333333, 5.6666665, -8.0, 8.111112, 0.5591711, -1.2739921, 1
124.0, 183.0, 9.0, 0.0, 0.0, 1.7777778, 0.4296295, 2.2777774, 4.196296, 18.185184, 14.222222, 17.11111, 23.222221, -11.888889, -3.2222223, 15.111111, 23.222221, 0.38988227, 2.4280221, 7
210.0, 114.0, 9.0, 0.0, 0.0, 1.2777778, 1.3074073, 0.61111087, 0.06296301, 16.185184, 11.444445, 25.0, 12.111111, -14.222222, 26.444445, -12.222222, 25.0, 0.5462072, -2.1416595, 5
47.0, 121.0, 9.0, 0.0, 0.0, 0.88888866, 1.0255988, 4.888888, 3.208784, 53.666668, 46.88889, 66.88889, 47.22222, -20.333334, 39.666668, -19.333334, 66.88889, 0.30067223, -2.1102333, 4
217.0, 195.0, 9.0, 0.0, 0.0, 4.2222233, 3.284081, 2.3888893, 2.102027, 45.074074, 39.666668, 55.555557, 40.0, -16.222221, 31.444445, -15.222222, 55.555557, 0.2929567, -2.1185718, 6
229.0, 124.0, 9.0, 0.0, 0.0, 0.888889, 0.074073985, 0.8888889, 0.3407407, 5.888889, 7.111111, 7.111111, 3.4444444, 3.6666667, 3.6666667, -7.3333335, 7.5555553, 0.5458554, -1.0376626, 1
9.0, 131.0, 9.0, 0.0, 0.0, 0.0, 0.0, 0.0, 0.0, 0.0, 0.0, 0.0, 0.0, 0.0, 0.0, 0.0, 0.0, 0.0, 0.0, 3
154.0, 128.0, 9.0, 0.0, 0.0, 0.5, 0.30000007, 0.33333325, 0.044444434, 5.962963, 7.3333335, 7.2222223, 3.3333333, 4.111111, 3.7777777, -7.888889, 7.6666665, 0.56371254, -1.0050536, 1
24.0, 83.0, 9.0, 0.0, 0.0, 2.7777774, 4.918518, 3.6111107, 2.3740723, 18.74074, 19.11111, 23.222221, 13.888889, 1.1111112, 13.444445, -14.555555, 23.333334, 0.39992693, -1.4568193, 1
45.0, 205.0, 9.0, 0.0, 0.0, 1.9444453, 2.1951118, 3.333334, 2.5298228, 50.25926, 44.88889, 61.77778, 44.11111, -16.11111, 34.555557, -18.444445, 61.77778, 0.28757253, -2.0446525, 6
120.0, 74.0, 9.0, 0.0, 0.0, 0.3333346, 0.08888922, 0.50000125, 0.07777796, 101.85185, 89.111115, 123.22222, 93.22222, -38.22222, 64.111115, -25.88889, 123.22222, 0.2767844, -2.2205532, 2
20.0, 134.0, 9.0, 0.0, 0.0, 0.6666667, 0.088888995, 0.61111116, 0.24074072, 2.9629629, 1.1111112, 6.4444447, 1.3333334, -5.5555553, 10.444445, -4.888889, 6.4444447, 0.8292328, -2.133095, 5
173.0, 190.0, 9.0, 0.11111111, 0.0, 2.3333328, 2.5647182, 1.5555559, 1.2049291, 50.444443, 44.88889, 62.333332, 44.11111, -16.666666, 35.666668, -19.0, 62.333332, 0.2921254, -2.048697, 6
39.0, 124.0, 9.0, 0.0, 0.11111111, 5.3333335, 4.774935, 6.5000005, 4.544838, 7.5925927, 4.111111, 12.888889, 5.7777777, -10.444445, 15.888889, -5.4444447, 12.888889, 0.7721516, -2.2657473, 3
202.0, 21.0, 9.0, 0.0, 0.0, 0.33333334, 0.36514834, 5.222221, 2.613357, 40.74074, 37.11111, 49.333332, 35.77778, -10.888889, 25.777779, -14.888889, 49.333332, 0.2745188, -1.9908056, 4
11.0, 108.0, 9.0, 0.0, 0.0, 1.3333335, 0.80000025, 1.3888888, 0.95185167, 17.666666, 19.0, 21.11111, 12.888889, 4.0, 10.333333, -14.333333, 21.11111, 0.38875645, -1.3021333, 1
145.0, 102.0, 9.0, 0.0, 0.0, 0.88888866, 0.6074083, 2.611111, 1.4851857, 23.074074, 22.11111, 29.777779, 17.333334, -2.8888888, 20.11111, -17.222221, 29.777779, 0.41776258, -1.6854404, 1
75.0, 107.0, 9.0, 0.11111111, 0.0, 1.1666665, 0.34444454, 1.7777777, 1.5407407, 16.703703, 18.777779, 19.444445, 11.888889, 6.2222223, 8.222222, -14.444445, 19.777779, 0.39931142, -1.1319735, 1
93.0, 67.0, 9.0, 0.0, 0.0, 1.7222208, 1.3891102, 1.4999994, 1.1879022, 60.74074, 53.0, 75.888885, 53.333332, -23.222221, 45.444443, -22.222221, 75.888885, 0.303044, -2.109804, 4
185.0, 118.0, 9.0, 0.0, 0.0, 14.444446, 182.29631, 1.1666666, 1.0555547, 55.074074, 50.11111, 66.333336, 48.77778, -14.888889, 33.77778, -18.88889, 66.333336, 0.26555753, -2.0071168, 4
186.0, 12.0, 9.0, 0.0, 0.0, 0.44444433, 0.27216548, 2.3333333, 1.9663839, 6.259259, 3.8888888, 11.333333, 3.5555556, -7.111111, 15.222222, -8.111111, 11.333333, 0.6873016, -2.057978, 5
189.0, 187.0, 9.0, 0.0, 0.0, 1.2222227, 1.0036974, 3.0555553, 2.3890193, 48.51852, 44.11111, 59.88889, 41.555557, -13.222222, 34.11111, -20.88889, 59.88889, 0.30575457, -1.9474715, 6
97.0, 75.0, 9.0, 0.0, 0.11111111, 2.0000002, 1.9111089, 3.7777777, 8.296293, 24.851852, 24.0, 31.666666, 18.88889, -2.5555556, 20.444445, -17.88889, 31.666666, 0.40211964, -1.6527679, 1
245.0, 18.0, 9.0, 0.0, 0.0, 1.0, 1.0222217, 1.1666692, 0.21111068, 137.88889, 131.44444, 147.88889, 134.33334, -19.333334, 30.0, -10.666667, 147.88889, 0.11121766, -2.27511, 2
138.0, 203.0, 9.0, 0.0, 0.0, 1.666667, 1.6465453, 2.2777781, 1.8787308, 11.259259, 8.777778, 8.111112, 16.88889, -7.4444447, -9.444445, 16.88889, 16.88889, 0.53894526, 2.019747, 7
54.0, 126.0, 9.0, 0.0, 0.0, 0.6666666, 0.31111127, 0.49999997, 0.16666673, 1.4074074, 0.0, 3.6666667, 0.5555556, -4.2222223, 6.7777777, -2.5555556, 3.6666667, 1.0, -2.229939, 3
21.0, 147.0, 9.0, 0.11111111, 0.0, 1.9444445, 1.6185181, 1.3333331, 0.8444448, 6.259259, 5.7777777, 8.444445, 4.5555553, -1.4444444, 6.5555553, -5.111111, 8.666667, 0.46406928, -1.5843413, 4
146.0, 140.0, 9.0, 0.0, 0.0, 1.0555557, 0.4629631, 1.0000001, 0.57777774, 6.3333335, 7.888889, 7.3333335, 3.7777777, 4.6666665, 3.0, -7.6666665, 8.222222, 0.537017, -0.9092674, 1
136.0, 92.0, 9.0, 0.0, 0.0, 8.055554, 44.774082, 1.0, 0.17777748, 15.407408, 11.666667, 22.666666, 11.888889, -11.222222, 21.777779, -10.555555, 22.666666, 0.53354967, -2.1132734, 5
74.0, 129.0, 9.0, 0.0, 0.0, 0.22222222, 0.029629637, 0.11111111, 0.029629635, 0.5185185, 0.0, 1.5555556, 0.0, -1.5555556, 3.1111112, -1.5555556, 1.5555556, 1.0, -2.0943952, 3
133.0, 96.0, 9.0, 0.11111111, 0.0, 1.0000004, 1.0222217, 2.777778, 3.3629608, 21.88889, 22.11111, 27.333334, 16.222223, 0.6666667, 16.333334, -17.0, 27.333334, 0.40645057, -1.5306859, 1
211.0, 154.0, 9.0, 0.0, 0.0, 0.11111113, 0.029629631, 0.38888893, 0.062962964, 0.25925925, 0.0, 0.7777778, 0.0, -0.7777778, 1.5555556, -0.7777778, 0.7777778, 0.5555556, -2.0943952, 5
94.0, 127.0, 9.0, 0.0, 0.0, 0.77777785, 0.5018486, 0.77777773, 0.6885305, 2.7407408, 0.5555556, 5.5555553, 2.1111112, -6.5555553, 8.444445, -1.8888888, 5.5555553, 0.91534394, -2.4089394, 3
191.0, 101.0, 9.0, 0.0, 0.0, 1.111112, 0.7793635, 1.1111113, 1.186342, 45.037037, 39.0, 57.11111, 39.0, -18.11111, 36.22222, -18.11111, 57.11111, 0.32273299, -2.0943027, 4
249.0, 200.0, 9.0, 0.0, 0.0, 2.5555546, 2.6218467, 2.5, 1.2064643, 45.296295, 40.666668, 55.77778, 39.444443, -13.888889, 31.444445, -17.555555, 55.77778, 0.29278436, -2.0166461, 6
140.0, 25.0, 9.0, 0.0, 0.0, 0.99999875, 1.4666697, 1.1111107, 0.118517555, 128.0, 117.77778, 142.33334, 123.888885, -30.666666, 43.0, -12.333333, 142.33334, 0.17250364, -2.3545518, 2
36.0, 145.0, 9.0, 0.0, 0.0, 0.2777778, 0.19629629, 1.2777778, 2.0629628, 0.8518519, 0.33333334, 1.4444444, 0.7777778, -1.5555556, 1.7777778, -0.22222222, 1.4444444, 0.25185186, -2.5309503, 3
17.0, 110.0, 9.0, 0.11111111, 0.0, 1.2777778, 1.2629629, 2.7222223, 2.9962952, 3.9629629, 1.4444444, 6.4444447, 4.0, -7.5555553, 7.4444447, 0.11111111, 6.4444447, 0.80665785, -2.6186507, 3
96.0, 115.0, 9.0, 0.0, 0.0, 0.38888893, 0.15185183, 0.33333334, 0.17777777, 6.7777777, 7.7777777, 8.555555, 4.0, 3.0, 5.3333335, -8.333333, 8.666667, 0.53858024, -1.2103575, 1
166.0, 180.0, 9.0, 0.0, 0.0, 1.4444437, 1.5851855, 7.3333325, 45.955563, 31.444445, 28.666666, 37.77778, 27.88889, -8.333333, 19.0, -10.666667, 37.77778, 0.25295278, -2.0210319, 6
83.0, 53.0, 9.0, 0.0, 0.0, 0.5555547, 0.4554187, 0.7222226, 0.4906516, 123.44444, 112.333336, 138.22223, 119.77778, -33.333332, 44.333332, -11.0, 138.22223, 0.18721664, -2.3932705, 2
7.0, 114.0, 9.0, 0.0, 0.0, 1.1666665, 0.78888893, 2.1111114, 1.2740738, 14.518518, 16.11111, 17.11111, 10.333334, 4.7777777, 7.7777777, -12.555555, 17.444445, 0.40864444, -1.1793475, 1
211.0, 206.0, 9.0, 0.0, 0.0, 0.94444466, 1.1296302, 2.166667, 1.1000005, 16.074074, 13.555555, 14.555555, 20.11111, -7.5555553, -4.5555553, 12.111111, 20.11111, 0.3273603, 2.252368, 7
10.0, 196.0, 9.0, 0.0, 0.0, 1.2222217, 1.0470414, 0.9999997, 0.8432735, 15.333333, 14.111111, 11.444445, 20.444445, -3.6666667, -11.666667, 15.333333, 20.444445, 0.4405804, 1.789167, 7
222.0, 38.0, 9.0, 0.11111111, 0.0, 0.555556, 0.40368736, 2.1111107, 0.6885298, 113.48148, 100.44444, 131.44444, 108.55556, -39.11111, 53.88889, -14.777778, 131.44444, 0.23576024, -2.370002, 2
142.0, 33.0, 9.0, 0.0, 0.0, 0.49999872, 0.62360865, 0.50000125, 0.3496027, 110.59259, 96.77778, 128.66667, 106.333336, -41.444443, 54.22222, -12.777778, 128.66667, 0.24777646, -2.4080186, 2
136.0, 45.0, 9.0, 0.0, 0.0, 1.222222, 1.5444059, 2.0555553, 1.5263131, 53.074074, 48.11111, 63.77778, 47.333332, -14.888889, 32.11111, -17.222221, 63.77778, 0.25936732, -2.0459049, 4
23.0, 55.0, 9.0, 0.0, 0.0, 2.2222216, 3.6740727, 1.7777773, 0.7851852, 23.444445, 21.666666, 31.11111, 17.555555, -5.3333335, 23.0, -17.666666, 31.11111, 0.43507022, -1.7711632, 1
124.0, 191.0, 9.0, 0.0, 0.0, 3.5000007, 2.7386136, 3.277778, 2.8001328, 59.74074, 52.88889, 74.77778, 51.555557, -20.555555, 45.11111, -24.555555, 74.77778, 0.31361094, -2.03548, 6
6.0, 217.0, 9.0, 0.0, 0.0, 2.111111, 5.0962963, 3.944444, 12.50741, 14.555555, 11.444445, 13.333333, 18.88889, -9.333333, -3.6666667, 13.0, 18.88889, 0.39533988, 2.3638706, 7
189.0, 144.0, 9.0, 0.0, 0.0, 0.0, 0.0, 0.0, 0.0, 0.0, 0.0, 0.0, 0.0, 0.0, 0.0, 0.0, 0.0, 0.0, 0.0, 5
134.0, 54.0, 9.0, 0.0, 0.0, 0.61111194, 0.64693147, 1.2222214, 1.0036972, 124.37037, 112.666664, 141.33334, 119.111115, -35.11111, 50.88889, -15.777778, 141.33334, 0.2027078, -2.3286614, 2
248.0, 149.0, 9.0, 0.0, 0.0, 1.166667, 0.78888947, 1.0555553, 0.6407406, 19.0, 14.444445, 19.777779, 22.777779, -13.666667, 2.3333333, 11.333333, 22.777779, 0.36371678, 2.7416468, 7
242.0, 81.0, 9.0, 0.0, 0.0, 1.5, 1.1444466, 1.2222227, 0.7407415, 38.25926, 34.555557, 47.22222, 33.0, -11.111111, 26.88889, -15.777778, 47.22222, 0.30079645, -1.9845657, 4
97.0, 46.0, 9.0, 0.0, 0.0, 1.6666673, 1.6193271, 2.2222207, 1.4089662, 62.333332, 53.22222, 79.111115, 54.666668, -27.333334, 50.333332, -23.0, 79.111115, 0.32671866, -2.1523037, 4
177.0, 76.0, 9.0, 0.0, 0.0, 1.3888893, 1.3567389, 15.0, 11.481388, 29.814816, 28.666666, 33.444447, 27.333334, -3.4444444, 10.888889, -7.4444447, 33.444447, 0.20066153, -1.9036244, 4
66.0, 41.0, 9.0, 0.0, 0.0, 0.61111194, 0.32773077, 0.38889185, 0.32773316, 109.703705, 95.111115, 128.88889, 105.111115, -43.77778, 57.555557, -13.777778, 128.88889, 0.26204562, -2.404745, 2
117.0, 44.0, 9.0, 0.0, 0.0, 1.2777786, 0.24074224, 1.3333334, 0.31110993, 106.0, 93.0, 126.77778, 98.22222, -39.0, 62.333332, -23.333334, 126.77778, 0.26639053, -2.2555773, 2
99.0, 156.0, 9.0, 0.0, 0.0, 2.0555556, 2.6407394, 2.5, 5.1888895, 21.0, 16.777779, 29.222221, 17.0, -12.666667, 24.666666, -12.0, 29.222221, 0.4313206, -2.1093647, 4
78.0, 69.0, 9.0, 0.0, 0.0, 1.4999996, 1.1444438, 1.6111107, 1.4407405, 24.333334, 22.0, 32.555557, 18.444445, -7.0, 24.666666, -17.666666, 32.555557, 0.4315472, -1.8112034, 1
217.0, 77.0, 9.0, 0.0, 0.0, 1.5555553, 2.74074, 1.6666666, 0.53333336, 40.22222, 37.22222, 48.22222, 35.22222, -9.0, 24.0, -15.0, 48.22222, 0.26919183, -1.9320657, 4
55.0, 145.0, 9.0, 0.0, 0.0, 5.0555553, 2.9770727, 1.0, 0.4216377, 26.777779, 24.222221, 33.333336, 22.777779, -7.6666665, 19.666666, -12.0, 33.333336, 0.31533822, -1.934686, 4
208.0, 240.0, 9.0, 0.11111111, 0.0, 1.0555557, 0.86296326, 2.4444444, 5.007407, 14.148149, 10.888889, 13.0, 18.555555, -9.777778, -3.4444444, 13.222222, 18.555555, 0.42162097, 2.3924873, 7
217.0, 80.0, 9.0, 0.0, 0.0, 0.5555555, 0.5837303, 2.7777777, 0.72008204, 15.851851, 11.888889, 23.222221, 12.444445, -11.888889, 22.11111, -10.222222, 23.222221, 0.48998156, -2.142269, 5
195.0, 136.0, 9.0, 0.0, 0.0, 1.1666666, 0.52222216, 1.1666667, 0.47777748, 2.4444444, 0.6666667, 5.7777777, 0.8888889, -5.3333335, 10.0, -4.6666665, 5.7777777, 0.9111552, -2.1303394, 5
73.0, 103.0, 9.0, 0.0, 0.0, 1.2777773, 0.32962978, 1.1111107, 1.5407397, 18.333334, 19.222221, 22.555555, 13.222222, 2.6666667, 12.666667, -15.333333, 22.555555, 0.41030627, -1.3974138, 1
105.0, 69.0, 9.0, 0.0, 0.0, 2.5000012, 1.5311582, 1.8333327, 1.4719604, 59.555557, 53.444443, 73.22222, 52.0, -18.333334, 41.0, -22.666666, 73.22222, 0.28965253, -2.0228615, 4
160.0, 73.0, 9.0, 0.11111111, 0.0, 0.944444, 0.32963002, 0.7777774, 0.6518517, 58.814816, 54.0, 70.111115, 52.333332, -14.444445, 33.88889, -19.444445, 70.111115, 0.25336418, -1.9969074, 4
116.0, 184.0, 9.0, 0.0, 0.0, 2.2222226, 2.118519, 10.611111, 45.085182, 31.703703, 28.777779, 38.0, 28.333334, -8.777778, 18.88889, -10.111111, 38.333336, 0.25072145, -2.2154639, 6
202.0, 193.0, 9.0, 0.0, 0.0, 1.111112, 0.7503075, 3.3888881, 2.489236, 41.703705, 37.88889, 50.666668, 36.555557, -11.444445, 26.88889, -15.444445, 50.666668, 0.27838665, -1.9929975, 6
85.0, 56.0, 9.0, 0.0, 0.0, 1.3333334, 0.40000024, 1.2777773, 1.8407404, 26.444445, 23.333334, 36.0, 20.0, -9.333333, 28.666666, -19.333334, 36.0, 0.4427882, -1.8631825, 1
94.0, 13.0, 9.0, 0.0, 0.0, 1.0555521, 0.50740635, 1.6666641, 1.2444407, 141.59259, 134.88889, 149.88889, 140.0, -20.11111, 24.88889, -4.7777777, 149.88889, 0.10009145, -2.449265, 2
90.0, 134.0, 9.0, 0.0, 0.0, 0.5555556, 0.34074077, 1.0555555, 0.37407416, 2.6666667, 1.0, 6.111111, 0.8888889, -5.0, 10.333333, -5.3333335, 6.111111, 0.87610227, -2.0712416, 5
214.0, 84.0, 9.0, 0.0, 0.0, 0.22222202, 0.27216527, 0.44444466, 0.34426498, 17.185184, 13.0, 24.88889, 13.666667, -12.555555, 23.11111, -10.555555, 24.88889, 0.47722223, -2.152852, 5
52.0, 102.0, 9.0, 0.0, 0.0, 0.72222227, 0.50740725, 0.8333333, 0.5666668, 2.8888888, 0.6666667, 6.3333335, 1.6666666, -6.6666665, 10.333333, -3.6666667, 6.3333335, 0.89973545, -2.2617195, 3
25.0, 198.0, 9.0, 0.0, 0.0, 2.8333328, 1.3457742, 4.1111107, 3.3444247, 48.703705, 42.77778, 61.0, 42.333336, -17.777779, 36.88889, -19.11111, 61.0, 0.30964476, -2.070717, 6
199.0, 120.0, 9.0, 0.0, 0.0, 5.777777, 4.9516163, 0.944444, 0.4430521, 51.074074, 48.22222, 59.22222, 45.77778, -8.555555, 24.444445, -15.888889, 59.22222, 0.2246171, -1.8964247, 4
121.0, 55.0, 9.0, 0.0, 0.0, 1.5000013, 2.8777716, 1.4444466, 1.1851842, 103.07407, 90.0, 124.111115, 95.111115, -39.22222, 63.11111, -23.88889, 124.111115, 0.27479535, -2.2510118, 2
132.0, 91.0, 9.0, 0.0, 0.11111111, 18.944445, 188.50739, 33.444447, 889.3629, 42.814816, 35.88889, 52.666668, 39.88889, -20.777779, 29.555555, -8.777778, 52.666668, 0.39882392, -2.3460567, 3
156.0, 123.0, 9.0, 0.0, 0.0, 0.38888884, 0.15185185, 0.38888893, 0.062963024, 6.111111, 8.0, 6.7777777, 3.5555556, 5.6666665, 2.0, -7.6666665, 8.0, 0.555776, -0.7616482, 1
75.0, 103.0, 9.0, 0.11111111, 0.0, 1.3888893, 1.5296303, 1.8888887, 1.0962957, 18.962963, 20.222221, 22.777779, 13.888889, 3.7777777, 11.444445, -15.222222, 22.777779, 0.38838536, -1.3341274, 1
230.0, 124.0, 9.0, 0.0, 0.0, 0.2777778, 0.10740743, 0.2777778, 0.15185183, 0.6666667, 0.0, 2.0, 0.0, -2.0, 4.0, -2.0, 2.0, 1.0, -2.0943952, 3
166.0, 55.0, 9.0, 0.0, 0.0, 1.388888, 0.8185244, 1.1666679, 0.70000154, 124.111115, 113.888885, 139.33334, 119.111115, -30.666666, 45.666668, -15.0, 139.33334, 0.18262304, -2.3081791, 2
67.0, 136.0, 9.0, 0.0, 0.0, 6.722223, 3.7083488, 2.6666667, 3.1972213, 15.518518, 9.0, 25.333334, 12.222222, -19.555555, 29.444445, -9.888889, 25.333334, 0.66081303, -2.3075109, 3
55.0, 108.0, 9.0, 0.0, 0.0, 6.3888893, 22.507414, 3.388889, 10.107411, 8.666667, 5.111111, 14.111111, 6.7777777, -10.666667, 16.333334, -5.6666665, 14.111111, 0.7054819, -2.275553, 3
118.0, 109.0, 9.0, 0.0, 0.11111111, 3.5555553, 2.6555324, 3.9999993, 3.0840094, 13.296296, 7.0, 22.333334, 10.555555, -18.88889, 27.11111, -8.222222, 22.333334, 0.694627, -2.3440928, 3
116.0, 245.0, 9.0, 0.11111111, 0.0, 1.3888888, 0.5518514, 2.222222, 3.940739, 14.222222, 11.111111, 13.111111, 18.444445, -9.333333, -3.3333333, 12.666667, 18.444445, 0.38969478, 2.3954313, 7
60.0, 126.0, 9.0, 0.0, 0.0, 0.8333333, 0.61111134, 0.55555564, 0.16296288, 20.11111, 16.444445, 27.333334, 16.555555, -11.0, 21.666666, -10.666667, 27.333334, 0.40593585, -2.1041024, 4
252.0, 201.0, 9.0, 0.0, 0.0, 4.6111107, 5.495115, 5.5555553, 5.795274, 40.296295, 35.77778, 49.0, 36.11111, -13.555555, 26.11111, -12.555555, 49.0, 0.2753682, -2.1758256, 6
204.0, 131.0, 9.0, 0.0, 0.0, 0.11111111, 0.17213261, 0.11111111, 0.17213261, 0.22222222, 0.0, 0.6666667, 0.0, -0.6666667, 1.3333334, -0.6666667, 0.6666667, 0.6666667, -2.0943952, 5
115.0, 182.0, 9.0, 0.0, 0.0, 0.5555558, 1.0470418, 0.7222228, 1.1434194, 17.592592, 15.444445, 14.0, 23.333334, -6.4444447, -10.777778, 17.222221, 23.333334, 0.39944676, 1.9375944, 7
105.0, 139.0, 9.0, 0.0, 0.0, 0.27777782, 0.107407436, 0.83333325, 0.52222216, 6.111111, 7.5555553, 7.2222223, 3.5555556, 4.3333335, 3.3333333, -7.6666665, 7.5555553, 0.5326279, -0.96594584, 1
215.0, 153.0, 9.0, 0.0, 0.11111111, 19.666666, 8.044466, 1.1111113, 3.8962963, 8.333333, 5.3333335, 13.444445, 6.2222223, -9.0, 15.333333, -6.3333335, 13.444445, 0.7695767, -2.1438897, 5
27.0, 68.0, 9.0, 0.0, 0.0, 1.388889, 1.4851855, 1.7777777, 5.0962973, 21.592592, 20.444445, 28.444445, 15.888889, -3.4444444, 20.555555, -17.11111, 28.444445, 0.440354, -1.7003236, 1
140.0, 116.0, 9.0, 0.11111111, 0.0, 1.777778, 1.2232317, 0.55555534, 0.501848, 46.814816, 42.333336, 56.555557, 41.555557, -13.444445, 29.222221, -15.777778, 56.555557, 0.26456326, -2.0386236, 4
120.0, 136.0, 9.0, 0.0, 0.0, 0.61111116, 0.4185187, 1.0000001, 0.4444444, 6.259259, 7.7777777, 7.2222223, 3.7777777, 4.5555553, 2.8888888, -7.4444447, 8.0, 0.52954143, -0.92460656, 1
254.0, 73.0, 9.0, 0.0, 0.0, 6.6666665, 7.865538, 9.444445, 12.33003, 34.703705, 20.555555, 57.333332, 26.222221, -42.444443, 67.888885, -25.444445, 57.333332, 0.6511328, -2.2555614, 3
178.0, 183.0, 9.0, 0.11111111, 0.0, 2.7222214, 2.398302, 4.6666665, 3.6998506, 55.74074, 49.666668, 69.66667, 47.88889, -18.222221, 41.77778, -23.555555, 69.66667, 0.31236586, -2.0051956, 6
9.0, 72.0, 9.0, 0.0, 0.0, 0.7777774, 0.562961, 1.4999987, 0.7444466, 125.44444, 114.111115, 141.11111, 121.111115, -34.0, 47.0, -13.0, 141.11111, 0.19128962, -2.3661966, 2
2.0, 190.0, 9.0, 0.0, 0.0, 2.555555, 1.4518529, 2.5, 2.9666677, 31.666666, 28.0, 40.11111, 26.88889, -11.0, 25.333334, -14.333333, 40.11111, 0.32900727, -2.0083811, 6
116.0, 245.0, 9.0, 0.0, 0.0, 2.277778, 1.1626909, 2.2777777, 1.496911, 16.37037, 13.555555, 14.333333, 21.222221, -8.444445, -6.111111, 14.555555, 21.222221, 0.38490298, 2.1980507, 7
189.0, 107.0, 9.0, 0.0, 0.0, 2.6666667, 0.69920635, 0.8333333, 0.7226496, 27.777779, 23.444445, 35.11111, 24.777779, -13.0, 22.0, -9.0, 35.11111, 0.3324073, -2.2014954, 5
127.0, 143.0, 9.0, 0.0, 0.0, 1.5, 0.12222214, 0.88888884, 0.60740745, 4.185185, 0.8888889, 9.444445, 2.2222223, -9.888889, 15.777778, -5.888889, 9.444445, 0.915376, -2.2574124, 3
210.0, 153.0, 9.0, 0.0, 0.0, 0.0, 0.0, 0.0, 0.0, 0.0, 0.0, 0.0, 0.0, 0.0, 0.0, 0.0, 0.0, 0.0, 0.0, 5
233.0, 197.0, 9.0, 0.0, 0.11111111, 3.8888874, 2.78621, 2.0, 1.2649122, 49.74074, 44.333332, 61.444443, 43.444443, -16.222221, 35.11111, -18.88889, 61.444443, 0.29465598, -2.0433986, 6
155.0, 127.0, 9.0, 0.0, 0.0, 2.1666667, 1.7094507, 15.388888, 4.144167, 36.51852, 35.88889, 41.0, 32.666668, -1.8888888, 13.444445, -11.555555, 41.0, 0.2045359, -1.6767696, 4
222.0, 244.0, 9.0, 0.11111111, 0.0, 2.9444444, 0.640741, 2.2777777, 2.151852, 10.37037, 9.666667, 9.777778, 11.666667, -2.1111112, -1.7777778, 3.8888888, 11.888889, 0.22648169, 2.32339, 7
201.0, 191.0, 9.0, 0.0, 0.0, 1.0000006, 0.76011723, 2.944444, 1.0201671, 49.185184, 44.666668, 59.77778, 43.11111, -13.555555, 31.777779, -18.222221, 59.77778, 0.2788862, -1.9989927, 6
228.0, 182.0, 9.0, 0.11111111, 0.0, 0.88888854, 0.68853056, 0.7777775, 0.6554615, 16.777779, 14.555555, 12.777778, 23.0, -6.6666665, -12.0, 18.666666, 23.0, 0.44435817, 1.9164191, 7
106.0, 107.0, 9.0, 0.0, 0.0, 1.111111, 0.72008204, 0.6666667, 0.4216372, 22.555555, 13.0, 36.0, 18.666668, -28.666666, 40.333332, -11.666667, 36.0, 0.6385408, -2.3546174, 3
86.0, 197.0, 9.0, 0.11111111, 0.11111111, 1.611112, 1.4516907, 1.2777786, 1.1038647, 63.22222, 56.22222, 77.77778, 55.666668, -21.0, 43.666668, -22.666666, 77.77778, 0.28533262, -2.06802, 6
180.0, 97.0, 9.0, 0.0, 0.0, 0.94444275, 0.32963142, 1.0, 0.6666667, 134.37038, 126.55556, 145.44444, 131.11111, -23.444445, 33.22222, -9.777778, 145.44444, 0.12984978, -2.3462343, 2
62.0, 123.0, 9.0, 0.0, 0.0, 0.44444442, 0.2074074, 0.5, 0.12222223, 5.814815, 7.5555553, 6.6666665, 3.2222223, 5.2222223, 2.5555556, -7.7777777, 7.5555553, 0.5734127, -0.83759767, 1
182.0, 152.0, 9.0, 0.0, 0.0, 0.77777785, 0.98130673, 0.8333333, 1.0903618, 0.7777778, 0.33333334, 1.6666666, 0.33333334, -1.3333334, 2.6666667, -1.3333334, 1.6666666, 0.70555556, -2.0943952, 5
23.0, 129.0, 9.0, 0.0, 0.0, 0.5, 0.077777795, 0.38888887, 0.15185186, 0.5185185, 0.0, 1.5555556, 0.0, -1.5555556, 3.1111112, -1.5555556, 1.5555556, 0.7777778, -2.0943952, 3
234.0, 58.0, 9.0, 0.0, 0.0, 1.1666679, 0.3888878, 1.0000013, 0.5333344, 93.14815, 77.333336, 118.77778, 83.333336, -47.444443, 76.888885, -29.444445, 118.77778, 0.34886265, -2.2463162, 2
130.0, 32.0, 9.0, 0.0, 0.0, 1.1111113, 1.047041, 0.83333397, 0.83665866, 59.48148, 54.22222, 70.88889, 53.333332, -15.777778, 34.22222, -18.444445, 70.88889, 0.24900064, -2.042422, 4
155.0, 80.0, 9.0, 0.0, 0.0, 0.99999875, 0.17777939, 1.4444453, 0.6962941, 96.333336, 82.44444, 119.333336, 87.22222, -41.666668, 69.0, -27.333334, 119.333336, 0.30905932, -2.2287123, 2
42.0, 56.0, 9.0, 0.0, 0.0, 1.0555553, 0.95185125, 1.333333, 1.5999998, 22.74074, 21.11111, 30.222221, 16.88889, -4.888889, 22.444445, -17.555555, 30.222221, 0.44070765, -1.759414, 1
54.0, 91.0, 9.0, 0.0, 0.0, 1.4444443, 1.540741, 0.8333333, 0.25555572, 3.2592592, 0.5555556, 8.0, 1.2222222, -8.111111, 14.222222, -6.111111, 8.0, 0.94481075, -2.186723, 3
219.0, 132.0, 9.0, 0.0, 0.0, 1.4444447, 0.65546167, 1.1111107, 0.7503098, 35.22222, 29.555555, 45.666668, 30.444445, -17.0, 31.333334, -14.333333, 45.666668, 0.35474625, -2.1469688, 4
115.0, 156.0, 9.0, 0.0, 0.0, 0.3888887, 0.38968167, 1.0555553, 0.6469302, 24.25926, 17.222223, 26.0, 29.555555, -21.11111, 5.2222223, 15.888889, 29.555555, 0.41732758, 2.8434196, 7
174.0, 113.0, 9.0, 0.0, 0.0, 2.4999993, 1.01111, 0.9999997, 0.9333328, 31.777779, 24.444445, 43.77778, 27.11111, -22.0, 36.0, -14.0, 43.77778, 0.4415065, -2.2388027, 5
97.0, 63.0, 9.0, 0.0, 0.0, 0.7222214, 0.4430521, 0.33333206, 0.21081766, 108.92593, 96.22222, 126.111115, 104.44444, -38.11111, 51.555557, -13.444445, 126.111115, 0.23688999, -2.3824377, 2
130.0, 189.0, 9.0, 0.11111111, 0.0, 2.4999993, 0.9831926, 2.1111114, 2.8100357, 58.62963, 51.77778, 73.333336, 50.77778, -20.555555, 44.11111, -23.555555, 73.333336, 0.30798513, -2.0480576, 6
107.0, 226.0, 9.0, 0.0, 0.0, 1.5555557, 3.0962965, 3.5555556, 2.5629618, 7.851852, 5.7777777, 6.5555553, 11.222222, -6.2222223, -3.8888888, 10.111111, 11.222222, 0.5268813, 2.2593977, 7
142.0, 163.0, 9.0, 0.0, 0.0, 1.4999994, 0.87777835, 17.666666, 3.2444987, 40.444443, 35.0, 48.555557, 37.77778, -16.333334, 24.333334, -8.0, 48.555557, 0.2689782, -2.3927407, 6
86.0, 179.0, 9.0, 0.0, 0.0, 2.0, 1.2823589, 3.555556, 3.0743864, 50.555557, 45.77778, 62.11111, 43.77778, -14.333333, 34.666668, -20.333334, 62.11111, 0.29654688, -1.9786568, 6
252.0, 176.0, 9.0, 0.0, 0.11111111, 1.8888887, 1.1482687, 5.0555553, 2.855145, 52.925926, 46.333332, 67.0, 45.444443, -19.777779, 42.22222, -22.444445, 67.0, 0.32042044, -2.0516355, 6
229.0, 102.0, 9.0, 0.0, 0.0, 0.88888866, 0.7200823, 7.944444, 5.425934, 42.77778, 37.0, 54.444443, 36.88889, -17.333334, 35.0, -17.666666, 54.444443, 0.31827116, -2.0885792, 4
34.0, 242.0, 9.0, 0.0, 0.0, 1.611111, 1.638653, 2.4444447, 1.1088866, 14.814815, 11.333333, 15.666667, 17.444445, -10.444445, 2.5555556, 7.888889, 17.444445, 0.35316142, 2.835614, 7
53.0, 78.0, 9.0, 0.11111111, 0.0, 1.2222252, 1.0255988, 2.6666653, 2.2900763, 106.85185, 93.22222, 125.666664, 101.666664, -40.88889, 56.444443, -15.555555, 125.666664, 0.25818166, -2.3680825, 2
62.0, 224.0, 9.0, 0.0, 0.0, 0.9444445, 1.083547, 2.3333335, 1.6329932, 14.62963, 13.222222, 11.444445, 19.222221, -4.2222223, -9.555555, 13.777778, 19.222221, 0.40896538, 1.8601909, 7
146.0, 62.0, 9.0, 0.0, 0.0, 0.8888893, 0.20740566, 1.0000013, 0.3555547, 99.666664, 85.666664, 121.44444, 91.888885, -42.0, 65.333336, -23.333334, 121.44444, 0.29458332, -2.2771423, 2
245.0, 129.0, 9.0, 0.0, 0.0, 0.0, 0.0, 0.0, 0.0, 0.0, 0.0, 0.0, 0.0, 0.0, 0.0, 0.0, 0.0, 0.0, 0.0, 5
23.0, 113.0, 9.0, 0.0, 0.0, 0.611111, 0.28518534, 0.6666666, 0.48888886, 1.4074074, 0.11111111, 3.4444444, 0.6666667, -3.8888888, 6.111111, -2.2222223, 3.4444444, 0.9814815, -2.2375617, 3
10.0, 172.0, 9.0, 0.0, 0.0, 4.277777, 4.38896, 6.6666656, 7.360555, 44.77778, 40.333336, 54.666668, 39.333336, -13.333333, 29.666666, -16.333334, 54.666668, 0.27804413, -2.0524528, 6
141.0, 17.0, 9.0, 0.11111111, 0.22222222, 3.7222226, 4.4493027, 5.0, 2.319004, 44.592594, 40.333336, 54.0, 39.444443, -12.777778, 28.222221, -15.444445, 54.0, 0.26818594, -2.030048, 4
136.0, 77.0, 9.0, 0.22222222, 0.0, 1.888889, 1.4962952, 3.0555556, 5.618516, 26.407408, 24.555555, 34.444447, 20.222221, -5.5555553, 24.11111, -18.555555, 34.444447, 0.4132174, -1.7688724, 1
238.0, 55.0, 9.0, 0.0, 0.0, 0.72222394, 0.4906515, 1.0, 0.557774, 113.666664, 101.0, 132.22223, 107.77778, -38.0, 55.666668, -17.666666, 132.22223, 0.23589359, -2.3196974, 2
114.0, 129.0, 9.0, 0.11111111, 0.0, 2.055556, 1.1434174, 0.77777606, 0.88610685, 62.407406, 54.22222, 78.0, 55.0, -24.555555, 46.77778, -22.222221, 78.0, 0.30597952, -2.1269891, 4
7.0, 18.0, 9.0, 0.0, 0.0, 1.2777786, 0.7296265, 0.9444453, 0.37407914, 138.62962, 133.33334, 147.55556, 135.0, -15.888889, 26.777779, -10.888889, 147.55556, 0.096352234, -2.2146115, 2
195.0, 99.0, 9.0, 0.0, 0.0, 3.0555553, 4.462964, 2.7777777, 4.651851, 6.740741, 3.4444444, 11.555555, 5.2222223, -9.888889, 14.444445, -4.5555553, 11.555555, 0.71189785, -2.318885, 3
77.0, 36.0, 9.0, 0.0, 0.0, 0.555556, 0.17213687, 1.0555559, 0.6469302, 111.92593, 98.22222, 130.33334, 107.22222, -41.11111, 55.22222, -14.111111, 130.33334, 0.24633974, -2.387384, 2
27.0, 62.0, 9.0, 0.0, 0.0, 1.111112, 0.5629644, 1.6666692, 1.3333359, 125.333336, 115.77778, 139.44444, 120.77778, -28.666666, 42.333332, -13.666667, 139.44444, 0.16963542, -2.3142316, 2
119.0, 192.0, 9.0, 0.11111111, 0.0, 2.4999993, 2.0843334, 6.1666675, 2.3261807, 59.555557, 52.555557, 74.77778, 51.333332, -21.0, 45.666668, -24.666666, 74.77778, 0.31279564, -2.0381765, 6
64.0, 186.0, 9.0, 0.0, 0.0, 2.166667, 1.9444438, 6.833334, 53.58887, 30.777779, 27.555555, 37.88889, 26.88889, -9.666667, 21.333334, -11.666667, 37.88889, 0.27672648, -2.0463068, 6
178.0, 35.0, 9.0, 0.0, 0.0, 0.4444445, 0.34426528, 0.3888887, 0.25092396, 13.481482, 10.333334, 19.222221, 10.888889, -9.444445, 17.222221, -7.7777777, 19.222221, 0.4592879, -2.1533325, 5
68.0, 157.0, 9.0, 0.0, 0.0, 5.8333325, 14.344446, 1.388889, 1.6629623, 21.444445, 16.88889, 30.0, 17.444445, -13.666667, 25.666666, -12.0, 30.0, 0.43888178, -2.1343, 4
151.0, 89.0, 9.0, 0.0, 0.0, 8.388889, 4.577317, 0.72222203, 0.38968238, 31.703703, 27.333334, 41.0, 26.777779, -13.111111, 27.88889, -14.777778, 41.0, 0.35127252, -2.0465415, 4
77.0, 177.0, 9.0, 0.0, 0.0, 1.3333327, 1.3333344, 2.1666672, 1.9748423, 48.407406, 44.22222, 59.333332, 41.666668, -12.555555, 32.77778, -20.222221, 59.333332, 0.29743084, -1.9404231, 6
76.0, 134.0, 9.0, 0.11111111, 0.0, 2.5555546, 1.4401643, 1.4444441, 0.54433167, 48.925926, 41.88889, 63.11111, 41.77778, -21.11111, 42.555557, -21.444445, 63.11111, 0.3411113, -2.0869143, 4
119.0, 115.0, 9.0, 0.0, 0.11111111, 2.4444444, 1.5729189, 5.0, 2.9363625, 7.5555553, 3.5555556, 12.888889, 6.2222223, -12.0, 16.0, -4.0, 12.888889, 0.7672355, -2.3909924, 3
244.0, 82.0, 9.0, 0.0, 0.0, 0.611111, 1.0201671, 2.722222, 2.5334797, 15.518518, 11.666667, 22.444445, 12.444445, -11.555555, 20.777779, -9.222222, 22.444445, 0.4816013, -2.1706324, 5
10.0, 207.0, 9.0, 0.0, 0.0, 2.61111, 1.3066788, 3.1111119, 3.0086293, 52.11111, 46.0, 64.88889, 45.444443, -18.333334, 38.333332, -20.0, 64.88889, 0.29928485, -2.0633535, 6
58.0, 19.0, 9.0, 0.0, 0.0, 1.6111094, 0.41851503, 1.4999975, 1.2777733, 129.92592, 121.0, 142.66667, 126.111115, -26.777779, 38.22222, -11.444445, 142.66667, 0.15181188, -2.3407645, 2
227.0, 132.0, 9.0, 0.0, 0.0, 6.666668, 1.3824298, 1.3333334, 1.0110494, 38.77778, 33.22222, 49.22222, 33.88889, -16.666666, 31.333334, -14.666667, 49.22222, 0.32576838, -2.1295228, 4
113.0, 114.0, 9.0, 0.0, 0.0, 0.94444466, 0.5074079, 0.33333364, 0.08888922, 25.814816, 21.0, 34.666668, 21.777779, -14.444445, 26.555555, -12.111111, 34.666668, 0.39392713, -2.1527398, 5
58.0, 48.0, 9.0, 0.0, 0.0, 2.277778, 0.250925, 0.27777734, 0.25092447, 40.851852, 35.444447, 52.444443, 34.666668, -16.222221, 34.77778, -18.555555, 52.444443, 0.33911672, -2.0487316, 4
103.0, 216.0, 9.0, 0.0, 0.0, 0.88888884, 0.6518517, 2.1666663, 1.1444442, 14.555555, 10.888889, 13.666667, 19.11111, -11.0, -2.6666667, 13.666667, 19.11111, 0.43169576, 2.4475467, 7
137.0, 182.0, 9.0, 0.0, 0.0, 1.8333334, 3.8555553, 3.6111107, 9.218522, 34.925926, 31.444445, 42.88889, 30.444445, -10.444445, 23.88889, -13.444445, 42.88889, 0.28575617, -2.0011246, 6
121.0, 237.0, 9.0, 0.0, 0.0, 1.3333331, 1.155555, 1.5555553, 0.785185, 7.4814816, 6.111111, 5.111111, 11.222222, -4.111111, -7.111111, 11.222222, 11.222222, 0.55723476, 1.9384677, 7
245.0, 73.0, 9.0, 0.0, 0.0, 8.222222, 6.2739906, 10.722222, 7.6809044, 46.666668, 32.11111, 70.111115, 37.77778, -43.666668, 70.333336, -26.666666, 70.111115, 0.5490324, -2.2512536, 3
102.0, 158.0, 9.0, 0.22222222, 0.0, 2.2777774, 2.1230664, 1.8333334, 1.0488074, 39.333332, 35.555557, 47.444443, 35.0, -11.333333, 24.333334, -13.0, 47.444443, 0.26415184, -2.049172, 4
152.0, 18.0, 9.0, 0.0, 0.0, 0.7777774, 0.4554219, 0.55555725, 0.2721644, 112.111115, 97.22222, 130.44444, 108.666664, -44.666668, 55.0, -10.333333, 130.44444, 0.2546684, -2.45498, 2
219.0, 80.0, 9.0, 0.0, 0.0, 2.0555556, 2.9014688, 2.9444444, 1.0835476, 14.481482, 11.333333, 20.333334, 11.777778, -9.444445, 17.555555, -8.111111, 20.333334, 0.43286037, -2.1389008, 5
123.0, 136.0, 9.0, 0.0, 0.0, 0.5555555, 1.0962964, 0.6666666, 1.3333331, 1.1111112, 0.11111111, 3.0, 0.22222222, -3.0, 5.6666665, -2.6666667, 3.0, 0.9861111, -2.1109743, 3
127.0, 57.0, 9.0, 0.11111111, 0.0, 0.944444, 0.7123264, 1.611112, 1.1038661, 124.25926, 113.0, 140.33334, 119.44444, -33.77778, 48.22222, -14.444445, 140.33334, 0.19475445, -2.3411634, 2
95.0, 57.0, 9.0, 0.0, 0.0, 1.8333327, 3.4111106, 2.1111107, 1.7185175, 26.296297, 24.666666, 34.444447, 19.777779, -4.888889, 24.444445, -19.555555, 34.444447, 0.42569095, -1.7390174, 1
89.0, 221.0, 9.0, 0.0, 0.0, 1.3888888, 1.4851848, 1.4444445, 1.5851862, 14.074074, 10.666667, 12.444445, 19.11111, -10.222222, -4.888889, 15.111111, 19.11111, 0.44601154, 2.3172119, 7
128.0, 116.0, 9.0, 0.0, 0.0, 0.77777785, 0.6962963, 0.8333333, 0.9222224, 1.962963, 0.22222222, 5.0, 0.6666667, -5.2222223, 9.111111, -3.8888888, 5.0, 0.9702381, -2.1634343, 3
80.0, 40.0, 9.0, 0.0, 0.0, 0.6111107, 0.5741323, 0.7222226, 0.7722025, 110.703705, 96.22222, 129.0, 106.888885, -43.444443, 54.88889, -11.444445, 129.0, 0.2540513, -2.4346924, 2
202.0, 182.0, 9.0, 0.0, 0.0, 2.5555546, 1.8579167, 3.0, 2.0548048, 55.074074, 49.555557, 68.111115, 47.555557, -16.555555, 39.11111, -22.555555, 68.111115, 0.3016008, -1.9892213, 6
174.0, 112.0, 9.0, 0.0, 0.0, 2.3888881, 0.99629515, 0.6666663, 0.79999924, 31.62963, 24.222221, 43.666668, 27.0, -22.222221, 36.11111, -13.888889, 43.666668, 0.4450395, -2.2447722, 5
189.0, 48.0, 9.0, 0.0, 0.0, 0.72222203, 0.38968173, 4.6666665, 4.3050365, 42.074074, 38.77778, 49.88889, 37.555557, -9.888889, 23.444445, -13.555555, 49.88889, 0.24524052, -2.0032587, 4
86.0, 33.0, 9.0, 0.0, 0.0, 1.1666654, 0.6111112, 0.61110944, 0.19629543, 109.888885, 96.77778, 130.55556, 102.333336, -39.333332, 62.0, -22.666666, 130.55556, 0.25860354, -2.2662253, 2
93.0, 236.0, 9.0, 0.11111111, 0.0, 1.7777777, 2.6962965, 1.9999999, 0.93333334, 12.518518, 9.555555, 10.777778, 17.222223, -8.888889, -5.2222223, 14.111111, 17.222223, 0.44724658, 2.2671974, 7
200.0, 245.0, 9.0, 0.11111111, 0.0, 1.4999999, 0.9222229, 1.0555552, 0.5074078, 16.11111, 11.888889, 15.0, 21.444445, -12.666667, -3.3333333, 16.0, 21.444445, 0.44538036, 2.432783, 7
234.0, 122.0, 9.0, 0.0, 0.0, 1.7222222, 7.8407397, 1.3888888, 7.574073, 2.2592592, 0.5555556, 5.2222223, 1.0, -5.111111, 8.888889, -3.7777777, 5.2222223, 0.96031743, -2.1732037, 3
250.0, 160.0, 9.0, 0.0, 0.0, 2.1111114, 1.1851863, 1.5555553, 2.740741, 42.814816, 36.444443, 55.333332, 36.666668, -19.11111, 37.555557, -18.444445, 55.333332, 0.34714225, -2.1023183, 6
151.0, 89.0, 9.0, 0.0, 0.0, 8.388889, 4.577317, 0.72222203, 0.38968238, 31.703703, 27.333334, 41.0, 26.777779, -13.111111, 27.88889, -14.777778, 41.0, 0.35127252, -2.0465415, 4
63.0, 201.0, 9.0, 0.0, 0.0, 1.4444445, 0.9185186, 0.94444424, 0.5518518, 7.7777777, 6.2222223, 5.5555553, 11.555555, -4.6666665, -6.6666665, 11.333333, 11.555555, 0.54320127, 1.9829868, 7
70.0, 197.0, 9.0, 0.0, 0.11111111, 2.7222226, 2.0156798, 5.277778, 3.2756114, 54.851852, 48.88889, 68.0, 47.666668, -17.88889, 39.444443, -21.555555, 68.0, 0.29870403, -2.0335052, 6
11.0, 118.0, 9.0, 0.0, 0.0, 0.27777776, 0.15185185, 0.38888893, 0.06296293, 0.7037037, 0.0, 2.0, 0.11111111, -2.1111112, 3.8888888, -1.7777778, 2.0, 1.0, -2.132635, 3
73.0, 201.0, 9.0, 0.0, 0.11111111, 0.7222226, 0.64693, 4.444444, 2.4555306, 58.703705, 52.88889, 72.22222, 51.0, -17.444445, 40.555557, -23.11111, 72.22222, 0.29418743, -1.9977362, 6
204.0, 177.0, 9.0, 0.0, 0.0, 1.7777786, 10.696298, 8.333332, 27.333357, 32.88889, 29.0, 40.666668, 29.0, -11.666667, 23.333334, -11.666667, 40.666668, 0.28108954, -2.1008399, 6
48.0, 139.0, 9.0, 0.0, 0.0, 2.4444447, 1.6821502, 1.833334, 1.048809, 48.22222, 42.555557, 60.444443, 41.666668, -17.0, 36.666668, -19.666666, 60.444443, 0.3108182, -2.0442379, 4
7.0, 203.0, 9.0, 0.11111111, 0.11111111, 3.8888881, 2.8570898, 5.4444447, 2.7460413, 54.0, 47.666668, 67.66667, 46.666668, -19.0, 41.0, -22.0, 67.66667, 0.31489635, -2.0400128, 6
89.0, 43.0, 9.0, 0.0, 0.0, 1.0555547, 0.32962978, 0.8888893, 0.34074003, 107.14815, 94.111115, 128.22223, 99.111115, -39.11111, 63.22222, -24.11111, 128.22223, 0.26602298, -2.247952, 2
142.0, 182.0, 9.0, 0.11111111, 0.0, 1.1111113, 0.8344437, 2.7777774, 2.051197, 43.62963, 40.333336, 52.88889, 37.666668, -9.888889, 27.777779, -17.88889, 52.88889, 0.28686288, -1.9049777, 6
233.0, 184.0, 9.0, 0.0, 0.0, 0.5000002, 0.077777766, 0.7777777, 0.785185, 11.851851, 9.777778, 9.888889, 15.888889, -6.2222223, -5.888889, 12.111111, 15.888889, 0.40555555, 2.1286457, 7
183.0, 182.0, 9.0, 0.0, 0.0, 2.8333328, 2.0949671, 3.5555553, 2.561829, 58.962963, 52.88889, 73.333336, 50.666668, -18.222221, 43.11111, -24.88889, 73.333336, 0.30882537, -1.992052, 6
214.0, 108.0, 9.0, 0.0, 0.0, 0.6666667, 0.365148, 0.6666667, 0.29814258, 16.925926, 13.555555, 23.444445, 13.777778, -10.111111, 19.555555, -9.444445, 23.444445, 0.42167473, -2.117648, 5
186.0, 89.0, 9.0, 0.0, 0.0, 0.61111134, 0.19629638, 1.0555557, 0.28518525, 22.666666, 16.444445, 33.555557, 18.0, -18.666666, 32.666668, -14.0, 33.555557, 0.5094622, -2.188149, 5
215.0, 193.0, 9.0, 0.0, 0.0, 1.9999994, 0.5163988, 4.8333335, 1.2952919, 45.22222, 40.88889, 55.333332, 39.444443, -13.0, 30.333334, -17.333334, 55.333332, 0.28924206, -2.0001178, 6
144.0, 35.0, 9.0, 0.0, 0.0, 2.3333328, 2.0330596, 2.055556, 1.7309813, 37.592594, 32.333336, 47.444443, 33.0, -15.777778, 29.555555, -13.777778, 47.444443, 0.3197136, -2.138762, 4
26.0, 93.0, 9.0, 0.0, 0.0, 2.4999993, 0.21111093, 2.1111114, 9.1407385, 20.37037, 18.88889, 26.777779, 15.444445, -4.4444447, 19.222221, -14.777778, 26.777779, 0.4192332, -1.7303063, 1
38.0, 116.0, 9.0, 0.0, 0.0, 0.9444445, 0.24074072, 1.2222222, 1.0962965, 2.8148148, 0.5555556, 5.6666665, 2.2222223, -6.7777777, 8.555555, -1.7777778, 5.6666665, 0.9126984, -2.4202576, 3
45.0, 149.0, 9.0, 0.0, 0.0, 2.5, 3.322223, 0.6666663, 0.2666663, 16.814816, 13.444445, 23.777779, 13.222222, -10.111111, 20.88889, -10.777778, 23.777779, 0.45334122, -2.0692513, 4
98.0, 133.0, 9.0, 0.0, 0.0, 0.5555555, 0.17213255, 0.38888887, 0.3277307, 0.962963, 0.0, 2.7777777, 0.11111111, -2.8888888, 5.4444447, -2.5555556, 2.7777777, 1.0, -2.123254, 3
19.0, 147.0, 9.0, 0.0, 0.0, 0.22222225, 0.0740741, 0.4999999, 0.077777766, 4.148148, 3.8888888, 6.6666665, 1.8888888, -0.7777778, 7.5555553, -6.7777777, 7.0, 0.7132275, -1.4756428, 1
184.0, 145.0, 9.0, 0.0, 0.0, 0.9444445, 0.49065363, 1.7777778, 0.93491936, 3.4074075, 2.3333335, 5.7777777, 2.1111112, -3.2222223, 7.111111, -3.8888888, 5.7777777, 0.65661377, -2.0365057, 5
98.0, 41.0, 9.0, 0.0, 0.0, 1.7222265, 0.77407277, 1.1111145, 0.87406844, 137.14815, 130.66667, 147.22223, 133.55556, -19.444445, 30.222221, -10.777778, 147.22223, 0.112421244, -2.2685292, 2
122.0, 123.0, 9.0, 0.0, 0.0, 0.6111111, 0.374074, 0.49999997, 0.21111104, 1.1851852, 0.0, 3.3333333, 0.22222222, -3.5555556, 6.4444447, -2.8888888, 3.3333333, 1.0, -2.142674, 3
200.0, 250.0, 9.0, 0.0, 0.0, 2.2777777, 1.420746, 1.4444445, 1.0255988, 9.222222, 6.5555553, 7.3333335, 13.777778, -8.0, -5.6666665, 13.666667, 13.777778, 0.5633903, 2.1929355, 7
135.0, 211.0, 9.0, 0.0, 0.0, 1.8888885, 1.3277655, 2.1666663, 1.1498789, 17.962963, 14.444445, 16.333334, 23.11111, -10.555555, -4.888889, 15.444445, 23.11111, 0.37555233, 2.3275452, 7
203.0, 61.0, 9.0, 0.0, 0.0, 0.16666675, 0.2788868, 0.7222221, 0.44305354, 7.0, 4.4444447, 12.333333, 4.2222223, -7.6666665, 16.0, -8.333333, 12.333333, 0.66625965, -2.0682037, 5
243.0, 94.0, 9.0, 0.0, 0.0, 0.6666666, 0.31111112, 0.22222221, 0.029629631, 1.1851852, 0.22222222, 3.2222223, 0.11111111, -2.8888888, 6.111111, -3.2222223, 3.2222223, 0.9777778, -2.0712416, 5
172.0, 60.0, 9.0, 0.0, 0.0, 0.8333333, 0.38888627, 1.0555559, 0.32962748, 123.666664, 114.0, 138.33334, 118.666664, -29.0, 44.0, -15.0, 138.33334, 0.17584375, -2.2933865, 2
140.0, 73.0, 9.0, 0.0, 0.0, 1.7222214, 0.8277598, 0.7777774, 1.0036957, 46.296295, 45.666668, 51.11111, 42.11111, -1.8888888, 14.444445, -12.555555, 51.11111, 0.1761556, -1.6815889, 4
157.0, 184.0, 9.0, 0.0, 0.0, 1.2777777, 0.77407444, 1.3333334, 0.8444448, 19.444445, 15.222222, 18.222221, 24.88889, -12.666667, -3.6666667, 16.333334, 24.88889, 0.3882103, 2.4194453, 7
101.0, 42.0, 9.0, 0.0, 0.0, 1.1111145, 0.60740787, 1.1666692, 0.7444422, 137.07408, 130.44444, 147.44444, 133.33334, -19.88889, 31.11111, -11.222222, 147.44444, 0.115302496, -2.26361, 2
23.0, 113.0, 9.0, 0.0, 0.0, 0.72222203, 0.9962958, 2.777778, 2.7851818, 14.703704, 17.11111, 16.88889, 10.111111, 7.2222223, 6.5555553, -13.777778, 18.333334, 0.4513593, -0.97570044, 1
189.0, 115.0, 9.0, 0.0, 0.0, 0.16666675, 0.033333365, 0.33333325, 0.13333328, 6.6666665, 8.222222, 7.888889, 3.8888888, 4.6666665, 3.6666667, -8.333333, 8.444445, 0.53858024, -0.96514446, 1
8.0, 79.0, 9.0, 0.0, 0.0, 1.2777778, 2.2851846, 2.111111, 0.51851857, 16.814816, 17.333334, 21.0, 12.111111, 1.5555556, 12.555555, -14.111111, 21.0, 0.42233688, -1.4531144, 1
88.0, 180.0, 9.0, 0.0, 0.0, 1.4999994, 0.93689823, 3.833332, 2.888675, 50.407406, 45.22222, 62.333332, 43.666668, -15.555555, 35.77778, -20.222221, 62.333332, 0.3009182, -2.0087192, 6
57.0, 93.0, 9.0, 0.0, 0.0, 0.38888898, 0.38968158, 0.22222202, 0.17213243, 17.925926, 13.222222, 27.11111, 13.444445, -14.111111, 27.555555, -13.444445, 27.11111, 0.5119048, -2.1104572, 5
209.0, 70.0, 9.0, 0.0, 0.11111111, 2.222223, 1.8216797, 8.777778, 3.4619644, 36.74074, 33.666668, 44.444443, 32.11111, -9.222222, 23.11111, -13.888889, 44.444443, 0.27335805, -1.9605819, 4
196.0, 129.0, 9.0, 0.0, 0.0, 0.83333325, 0.43333334, 0.6666667, 0.17777774, 6.3333335, 7.888889, 7.3333335, 3.7777777, 4.6666665, 3.0, -7.6666665, 8.222222, 0.54012346, -0.9327826, 1
106.0, 136.0, 9.0, 0.0, 0.0, 0.3333333, 0.17777778, 0.38888887, 0.1074074, 0.7037037, 0.11111111, 1.8888888, 0.11111111, -1.7777778, 3.5555556, -1.7777778, 1.8888888, 0.962963, -2.0943952, 3
188.0, 35.0, 9.0, 0.0, 0.0, 1.2222227, 1.0518501, 1.1111132, 0.56296283, 124.55556, 114.44444, 140.11111, 119.111115, -30.333334, 46.666668, -16.333334, 140.11111, 0.183109, -2.2829227, 2
193.0, 125.0, 9.0, 0.0, 0.0, 5.055556, 2.550962, 1.9444447, 1.8787314, 37.444443, 32.333336, 47.555557, 32.444447, -15.333333, 30.333334, -15.0, 47.555557, 0.3218254, -2.1006875, 4
41.0, 77.0, 9.0, 0.11111111, 0.0, 1.777778, 0.6518514, 1.611111, 1.5740745, 5.0, 1.2222222, 10.222222, 3.5555556, -11.333333, 15.666667, -4.3333335, 10.222222, 0.8916084, -2.3548815, 3
99.0, 132.0, 9.0, 0.0, 0.0, 0.44444442, 0.3851853, 0.5555555, 0.7851854, 0.7407407, 0.11111111, 2.0, 0.11111111, -1.8888888, 3.7777777, -1.8888888, 2.0, 0.9814815, -2.0943952, 3
41.0, 139.0, 9.0, 0.0, 0.0, 0.055555563, 0.018518524, 0.11111113, 0.029629637, 1.2962962, 0.0, 3.8888888, 0.0, -3.8888888, 7.7777777, -3.8888888, 3.8888888, 1.0, -2.0943952, 5
230.0, 12.0, 9.0, 0.0, 0.0, 0.88888806, 0.27216384, 1.611112, 0.97562623, 119.03704, 107.22222, 135.33334, 114.55556, -35.444443, 48.88889, -13.444445, 135.33334, 0.20767513, -2.368866, 2
108.0, 138.0, 9.0, 0.0, 0.0, 0.2777777, 0.062962934, 0.5, 0.12222223, 3.1851852, 1.4444444, 6.6666665, 1.4444444, -5.2222223, 10.444445, -5.2222223, 6.6666665, 0.79960316, -2.08783, 5
10.0, 112.0, 9.0, 0.0, 0.0, 0.33333334, 0.42163706, 0.50000006, 0.1825741, 0.44444445, 0.0, 1.2222222, 0.11111111, -1.3333334, 2.3333333, -1.0, 1.2222222, 0.6666667, -2.1519136, 3
89.0, 53.0, 9.0, 0.0, 0.0, 2.1111107, 1.7185186, 2.8333333, 3.0111105, 27.074074, 22.777779, 38.333336, 20.11111, -12.888889, 33.77778, -20.88889, 38.333336, 0.4747726, -1.937482, 1
68.0, 172.0, 9.0, 0.0, 0.0, 1.0555553, 1.0628396, 2.3333337, 1.6996722, 30.11111, 24.555555, 30.11111, 35.666668, -16.666666, 0.0, 16.666666, 35.666668, 0.31229463, 2.6178014, 7
166.0, 185.0, 9.0, 0.0, 0.0, 1.9444447, 0.250924, 2.0, 0.21081811, 54.22222, 48.555557, 67.22222, 46.88889, -17.0, 39.0, -22.0, 67.22222, 0.30253935, -2.0080075, 6
22.0, 200.0, 9.0, 0.0, 0.0, 2.8888874, 2.4098568, 4.8333325, 2.622552, 54.703705, 47.88889, 69.0, 47.22222, -20.444445, 42.88889, -22.444445, 69.0, 0.3173622, -2.0656626, 6
78.0, 99.0, 9.0, 0.0, 0.0, 1.611111, 8.018518, 3.0555553, 14.7740755, 4.148148, 1.1111112, 9.0, 2.3333335, -9.111111, 14.555555, -5.4444447, 9.0, 0.91089994, -2.2556732, 3
93.0, 231.0, 9.0, 0.0, 0.0, 2.4444444, 2.42963, 2.6666667, 3.1555562, 12.296296, 8.777778, 11.111111, 17.0, -10.555555, -3.5555556, 14.111111, 17.0, 0.48521596, 2.3913069, 7
186.0, 188.0, 9.0, 0.0, 0.0, 1.8333321, 1.2605107, 1.9444433, 1.2546208, 49.962963, 45.11111, 61.444443, 43.333332, -14.555555, 34.444443, -19.88889, 61.444443, 0.29477406, -1.9934397, 6
150.0, 113.0, 9.0, 0.0, 0.0, 0.5, 0.25555554, 0.77777773, 0.20740744, 5.5925927, 7.111111, 6.6666665, 3.0, 4.5555553, 3.2222223, -7.7777777, 7.111111, 0.5793651, -0.942558, 1
110.0, 174.0, 9.0, 0.0, 0.0, 0.38888884, 0.06296291, 1.7222222, 0.15185165, 13.481482, 10.888889, 12.555555, 17.0, -7.7777777, -2.7777777, 10.555555, 17.0, 0.35929558, 2.3778543, 7
131.0, 125.0, 9.0, 0.0, 0.0, 0.6111111, 0.3740741, 0.49999997, 0.30000004, 1.3703704, 0.0, 3.8888888, 0.22222222, -4.111111, 7.5555553, -3.4444444, 3.8888888, 1.0, -2.1303394, 3
74.0, 64.0, 9.0, 0.0, 0.0, 1.8333327, 1.2064646, 2.0, 1.1155467, 56.592594, 49.666668, 71.0, 49.11111, -20.777779, 43.22222, -22.444445, 71.0, 0.3130033, -2.0671675, 4
18.0, 90.0, 9.0, 0.0, 0.0, 1.0555555, 0.37407416, 0.6666667, 0.22222227, 2.8148148, 0.5555556, 6.888889, 1.0, -6.7777777, 12.222222, -5.4444447, 6.888889, 0.9261464, -2.1643226, 3
21.0, 122.0, 9.0, 0.0, 0.0, 0.44444445, 0.4036867, 0.44444445, 0.4036867, 0.5555556, 0.0, 1.2222222, 0.44444445, -1.6666666, 2.0, -0.33333334, 1.2222222, 0.5555556, -2.4445627, 3
238.0, 61.0, 9.0, 0.0, 0.0, 0.66666657, 0.4714045, 0.7222221, 0.49065334, 8.777778, 5.888889, 14.333333, 6.111111, -8.666667, 16.666666, -8.0, 14.333333, 0.5888227, -2.1218371, 5
