@relation unknow
@attribute A1 real [-6879.0, 6285.0]
@attribute A2 real [-7141.0, 6921.0]
@attribute A3 real [-7734.0, 7611.0]
@attribute A4 real [-6627.0, 7149.0]
@attribute A5 real [-7184.0, 6383.0]
@attribute A6 real [-6946.0, 6743.0]
@attribute A7 real [-7781.0, 6285.0]
@attribute A8 real [-6882.0, 6357.0]
@attribute A9 real [-7184.0, 7487.0]
@attribute A10 real [-7232.0, 6757.0]
@attribute A11 real [-7803.0, 7208.0]
@attribute A12 real [-7395.0, 6791.0]
@attribute A13 real [-7096.0, 6403.0]
@attribute A14 real [-7472.0, 7261.0]
@attribute A15 real [-7342.0, 7372.0]
@attribute A16 real [-7121.0, 6905.0]
@attribute A17 real [-7163.0, 7175.0]
@attribute A18 real [-8778.0, 6896.0]
@attribute A19 real [-7554.0, 5726.0]
@attribute A20 real [-6722.0, 7627.0]
@attribute class {0, 1}
@inputs A1, A2, A3, A4, A5, A6, A7, A8, A9, A10, A11, A12, A13, A14, A15, A16, A17, A18, A19, A20
@outputs class
@data
-1582.0, 111.0, -2613.0, 68.0, -911.0, 638.0, 1498.0, 297.0, -539.0, -115.0, -2495.0, -1031.0, -454.0, 1708.0, 1938.0, 2291.0, 1507.0, 2694.0, 52.0, -309.0, 0
997.0, 2754.0, 456.0, -1027.0, -1306.0, -1652.0, 2092.0, -764.0, -2024.0, -703.0, 719.0, 119.0, -1235.0, -2246.0, 3316.0, -114.0, -0.0, -1622.0, -218.0, -398.0, 0
691.0, -1147.0, 1058.0, 715.0, 456.0, 958.0, 1718.0, -1338.0, -25.0, 193.0, 171.0, 118.0, -616.0, -12.0, 2383.0, -136.0, 1569.0, 2594.0, 953.0, 1758.0, 1
-1603.0, 1703.0, -1784.0, 341.0, 1325.0, 777.0, -2222.0, 2559.0, 3496.0, 295.0, -2094.0, 2522.0, 46.0, -967.0, 41.0, 572.0, 835.0, -362.0, 883.0, -704.0, 0
-3374.0, 1047.0, 423.0, 1757.0, 615.0, -2255.0, -2731.0, -732.0, -1564.0, -2704.0, -3093.0, 639.0, 941.0, -4406.0, -1539.0, -307.0, -73.0, -1182.0, 1809.0, -1381.0, 0
93.0, -1069.0, -1594.0, -1709.0, -103.0, 2347.0, -242.0, 1476.0, -328.0, -221.0, -39.0, -596.0, 892.0, -592.0, 316.0, 243.0, -1004.0, 1164.0, 813.0, -264.0, 1
1827.0, -848.0, -904.0, 2049.0, -1746.0, 406.0, -2491.0, 24.0, 519.0, -2644.0, -2718.0, 86.0, -3188.0, -114.0, -5901.0, -1026.0, -1647.0, 3883.0, -1974.0, 3125.0, 0
684.0, 299.0, 272.0, -561.0, 1711.0, -713.0, 834.0, 989.0, -1324.0, 26.0, 312.0, 48.0, 2561.0, -337.0, -271.0, 556.0, 1603.0, 139.0, 1848.0, 2679.0, 1
-874.0, 292.0, -179.0, -112.0, 576.0, 301.0, -188.0, -1165.0, 763.0, -1182.0, 1544.0, -215.0, 1562.0, 698.0, 2541.0, 73.0, -371.0, 176.0, -568.0, 741.0, 1
-902.0, 1158.0, -1276.0, -3.0, 1014.0, 2765.0, -2363.0, -246.0, 641.0, -1531.0, 2273.0, -1247.0, -476.0, 2492.0, -1387.0, 4786.0, 2305.0, -2284.0, -7.0, -1956.0, 0
607.0, -528.0, -98.0, 1937.0, 61.0, 2159.0, 1132.0, -803.0, 113.0, 1518.0, -108.0, 2372.0, 139.0, -641.0, 17.0, 404.0, 1214.0, 299.0, 1243.0, -338.0, 1
-4108.0, 2492.0, 2674.0, 1412.0, 3078.0, -411.0, -649.0, 3169.0, -2007.0, -267.0, 1331.0, -1849.0, 714.0, 1475.0, 635.0, -516.0, -1804.0, -184.0, 726.0, 423.0, 0
-2989.0, -8.0, 2104.0, 348.0, 1842.0, -938.0, -221.0, 376.0, 162.0, -2656.0, -568.0, -228.0, -2302.0, 2873.0, -288.0, 1687.0, 37.0, 112.0, 1907.0, 2835.0, 0
2882.0, -1144.0, -1459.0, -358.0, -61.0, -418.0, 879.0, -144.0, -2853.0, 271.0, 559.0, 188.0, 2141.0, 156.0, 1104.0, 3145.0, 428.0, 372.0, -1602.0, 3253.0, 0
-23.0, -72.0, -284.0, -378.0, 179.0, 52.0, -497.0, -707.0, 2329.0, 279.0, 968.0, 1345.0, 1163.0, -98.0, 38.0, 2216.0, 1081.0, 1982.0, 2181.0, 1351.0, 1
782.0, 31.0, -13.0, -73.0, 1081.0, 1465.0, 1824.0, -56.0, -866.0, 528.0, 1768.0, 233.0, 29.0, 9.0, 541.0, 2312.0, 56.0, 62.0, 2006.0, 785.0, 1
-2562.0, -2601.0, -2586.0, 162.0, -1376.0, 3652.0, -1092.0, 1271.0, 1645.0, -2709.0, -1245.0, 1761.0, -3519.0, 3409.0, -4456.0, 1357.0, 1576.0, 426.0, -1279.0, 2199.0, 0
-296.0, -557.0, 1228.0, -77.0, 54.0, 596.0, -66.0, 917.0, -13.0, -1151.0, 94.0, 773.0, -631.0, 1181.0, 1252.0, -739.0, -275.0, -255.0, 2.0, -1531.0, 1
529.0, 901.0, -1493.0, 3996.0, -111.0, -549.0, 2225.0, 1001.0, 912.0, -3642.0, 4458.0, 395.0, 33.0, -2351.0, -303.0, 415.0, -2372.0, 3247.0, -2833.0, 2365.0, 0
1524.0, 1154.0, 1488.0, -46.0, 464.0, -466.0, 932.0, 202.0, -428.0, 1494.0, -536.0, 585.0, 476.0, -1149.0, -765.0, 427.0, 1051.0, 2984.0, 2392.0, 473.0, 1
777.0, 133.0, 594.0, 1037.0, -822.0, 557.0, 624.0, 728.0, 1776.0, 642.0, 387.0, -319.0, 466.0, 673.0, -461.0, -601.0, 1106.0, 501.0, 2175.0, 3.0, 1
-33.0, 565.0, 322.0, -604.0, 419.0, 134.0, 1014.0, 119.0, 371.0, 543.0, 512.0, 2161.0, 102.0, -368.0, 796.0, -874.0, -338.0, 303.0, -37.0, 1793.0, 1
-557.0, 497.0, 278.0, 2375.0, -496.0, 1518.0, 4488.0, 402.0, -28.0, 18.0, 161.0, 848.0, -3474.0, -91.0, 1425.0, -478.0, 2456.0, 1705.0, -349.0, 2914.0, 0
2804.0, 2046.0, -2608.0, 309.0, 1371.0, 1229.0, 1898.0, -2377.0, 2585.0, -246.0, 2604.0, 432.0, -4506.0, -1352.0, -3324.0, -424.0, 1752.0, 834.0, 772.0, -3125.0, 0
3547.0, 927.0, 676.0, 2666.0, 422.0, 1963.0, -3836.0, 949.0, -244.0, 2307.0, -63.0, -1023.0, 2368.0, 141.0, -2269.0, 3532.0, 2563.0, 462.0, 56.0, -578.0, 0
-648.0, 836.0, 2265.0, 486.0, 919.0, -418.0, 1536.0, -297.0, -1063.0, -203.0, 78.0, 191.0, 764.0, 2134.0, -6.0, 1638.0, 765.0, 228.0, -1064.0, 791.0, 1
248.0, 492.0, -524.0, -169.0, -983.0, 749.0, -28.0, 959.0, -2986.0, -2943.0, 1277.0, -3383.0, 2701.0, -164.0, 1083.0, 2064.0, -4542.0, -2428.0, -1247.0, -1508.0, 0
1398.0, 1693.0, 848.0, 1382.0, -726.0, -95.0, 1268.0, 1003.0, 107.0, 1174.0, -549.0, 608.0, -33.0, -1301.0, 1374.0, -1329.0, 444.0, -212.0, -138.0, 1858.0, 1
-4.0, -422.0, 727.0, -1662.0, 173.0, 714.0, 2755.0, 54.0, 87.0, 2139.0, 688.0, 1729.0, -108.0, -594.0, -1268.0, -36.0, 976.0, 2147.0, 16.0, -83.0, 1
976.0, 1201.0, 24.0, -166.0, -2066.0, 771.0, -43.0, 921.0, 1858.0, 2612.0, 39.0, 326.0, -799.0, 675.0, 1597.0, 1602.0, -1352.0, 251.0, 64.0, 319.0, 1
741.0, -2065.0, -356.0, -1949.0, 1289.0, 2528.0, 2524.0, 2526.0, 269.0, 1099.0, -1303.0, 41.0, 3003.0, 3913.0, 1046.0, -1084.0, 2839.0, 1833.0, -2116.0, -1336.0, 0
226.0, -1514.0, -236.0, -495.0, -269.0, -3158.0, 305.0, 964.0, -435.0, 612.0, -1541.0, 4458.0, -2421.0, 16.0, -1283.0, -3472.0, 1916.0, -1067.0, -1736.0, -854.0, 0
-364.0, -488.0, 1452.0, 122.0, 56.0, 1836.0, -89.0, 408.0, -1601.0, 607.0, 174.0, -133.0, -389.0, -304.0, -14.0, 856.0, 28.0, 961.0, 139.0, 1045.0, 1
1831.0, -55.0, 41.0, 5.0, 241.0, 449.0, -503.0, 281.0, 34.0, 1575.0, -339.0, 229.0, 2452.0, -631.0, 223.0, -778.0, 246.0, 894.0, 1765.0, 306.0, 1
1283.0, 1643.0, 231.0, 824.0, 67.0, 1113.0, 77.0, 2346.0, 141.0, 1634.0, -1798.0, 2498.0, -2797.0, 49.0, 869.0, -1019.0, 675.0, 951.0, 553.0, 648.0, 1
-3964.0, 442.0, -1442.0, -307.0, -1067.0, 1439.0, 1368.0, -83.0, 3041.0, -1278.0, 918.0, -2131.0, 2501.0, 385.0, -3938.0, -608.0, -2889.0, -23.0, -4207.0, 743.0, 0
2459.0, -3636.0, 3066.0, -1436.0, -602.0, 993.0, 575.0, -1221.0, 993.0, 1612.0, 1247.0, -1248.0, -1048.0, -1956.0, -3246.0, 1332.0, -967.0, -512.0, -3659.0, 1233.0, 0
221.0, -1353.0, 773.0, -4622.0, 414.0, -2207.0, 873.0, 257.0, -419.0, 404.0, 1214.0, 2647.0, -185.0, 938.0, 2492.0, 1334.0, 703.0, -3633.0, 3528.0, -3131.0, 0
382.0, -1306.0, -745.0, 136.0, 1095.0, 1362.0, 704.0, 1342.0, 959.0, 1805.0, -297.0, 373.0, 95.0, 329.0, -68.0, -1016.0, -213.0, 1209.0, 972.0, 1618.0, 1
3129.0, 1611.0, 1069.0, -138.0, 649.0, -3.0, 1077.0, 1834.0, 1763.0, 897.0, 397.0, -1694.0, -419.0, -921.0, 693.0, -373.0, 1017.0, 2082.0, 1326.0, -986.0, 1
-73.0, -27.0, 244.0, 354.0, -1439.0, -605.0, 423.0, 216.0, -1584.0, 1359.0, 593.0, 1381.0, 1017.0, 857.0, 2051.0, 463.0, 1933.0, 1742.0, 625.0, 89.0, 1
1525.0, 1681.0, -271.0, 1366.0, 2626.0, 951.0, 493.0, 158.0, 1066.0, 2415.0, 712.0, 1315.0, 554.0, 32.0, 572.0, 673.0, -548.0, 474.0, 1013.0, 2172.0, 1
1446.0, -1621.0, 336.0, 918.0, -2664.0, -178.0, -156.0, -37.0, -1407.0, -705.0, 2708.0, -3243.0, -171.0, 994.0, -916.0, 968.0, 2556.0, -173.0, 639.0, -1663.0, 0
-824.0, -2058.0, 835.0, -765.0, 3193.0, 804.0, -872.0, -463.0, 1695.0, 1809.0, -1543.0, 205.0, -1636.0, -3132.0, -479.0, -1428.0, -1924.0, 78.0, -937.0, -3202.0, 0
124.0, 1804.0, 36.0, 547.0, 848.0, 2077.0, 721.0, 26.0, 1733.0, 1209.0, 1212.0, 2311.0, 234.0, 1643.0, -861.0, 84.0, 1622.0, 2793.0, -434.0, 22.0, 1
-1411.0, -285.0, 1549.0, -1578.0, 147.0, 1111.0, -3149.0, -1065.0, 67.0, 1387.0, -18.0, -256.0, 4286.0, 1448.0, 553.0, 3401.0, -125.0, 1432.0, -1166.0, 828.0, 0
-2801.0, 169.0, 216.0, -1661.0, -4242.0, -2422.0, -1811.0, -634.0, -42.0, -496.0, 1248.0, -1004.0, -1387.0, -308.0, -2501.0, -1602.0, 677.0, 4034.0, -1851.0, -2442.0, 0
1656.0, 567.0, 173.0, 1173.0, 2083.0, 563.0, -823.0, 813.0, -324.0, -1862.0, -1591.0, 822.0, 905.0, -1182.0, 3027.0, 1162.0, 666.0, 15.0, 1267.0, -312.0, 1
646.0, -1052.0, -61.0, 1928.0, 334.0, 53.0, -455.0, 1691.0, 1813.0, 1.0, 6.0, 214.0, -61.0, 294.0, -76.0, 1389.0, 2049.0, -231.0, 1477.0, 576.0, 1
-173.0, 457.0, -725.0, -4615.0, 2878.0, -1665.0, 3821.0, -422.0, -172.0, -359.0, -273.0, -523.0, 18.0, 1116.0, 611.0, -274.0, 905.0, 2473.0, 3252.0, 2869.0, 0
352.0, -61.0, -196.0, -1546.0, -145.0, 2232.0, 456.0, -991.0, -2771.0, 144.0, 115.0, 522.0, 2259.0, 1025.0, 1052.0, 1613.0, 2958.0, 617.0, -3672.0, -75.0, 0
2567.0, -931.0, -231.0, 393.0, 86.0, 1296.0, -652.0, -268.0, 654.0, -319.0, 27.0, 181.0, 285.0, 227.0, 376.0, 2096.0, -51.0, 403.0, 566.0, 601.0, 1
-598.0, 179.0, 565.0, 1034.0, -257.0, 491.0, 1396.0, 845.0, 1124.0, 1328.0, 116.0, 42.0, -616.0, -464.0, 514.0, 46.0, -788.0, 401.0, 343.0, -298.0, 1
1908.0, -868.0, -2649.0, -238.0, -3235.0, -444.0, -1268.0, -1892.0, 2.0, 1585.0, -1978.0, 903.0, -2044.0, 57.0, 27.0, 57.0, -774.0, 1159.0, -2743.0, -531.0, 0
1647.0, 586.0, 1301.0, -1422.0, -268.0, 233.0, 497.0, 757.0, -253.0, 1646.0, -269.0, 1648.0, 271.0, 389.0, 1097.0, -512.0, 2425.0, -15.0, 1523.0, 1912.0, 1
-137.0, 167.0, 366.0, 1141.0, -419.0, 1143.0, -1978.0, 378.0, 579.0, 466.0, -127.0, -1243.0, 1219.0, 1599.0, 1602.0, -349.0, 2213.0, -516.0, 879.0, 636.0, 1
3739.0, 2187.0, 265.0, -57.0, -365.0, 1705.0, 187.0, -818.0, 25.0, 794.0, 139.0, -4474.0, 3288.0, -1781.0, 1411.0, 39.0, -158.0, -192.0, 2674.0, -3283.0, 0
149.0, 1712.0, -281.0, 671.0, 1126.0, 759.0, -536.0, 27.0, -839.0, 1722.0, 92.0, 432.0, 226.0, -1163.0, -182.0, -7.0, 545.0, 1832.0, 2215.0, -761.0, 1
-2454.0, 13.0, 1548.0, -255.0, -3.0, -76.0, 183.0, -558.0, -1276.0, -121.0, -1247.0, 405.0, -29.0, 468.0, 528.0, -1018.0, 411.0, -2762.0, 3133.0, -267.0, 0
829.0, 136.0, -28.0, 199.0, -111.0, 2676.0, 2563.0, 622.0, -917.0, 1672.0, 1191.0, 149.0, 1081.0, -828.0, 1324.0, -1198.0, 311.0, 596.0, -7.0, 103.0, 1
261.0, 121.0, 1558.0, 365.0, -574.0, 1647.0, 1397.0, 166.0, -78.0, 4136.0, 324.0, -3082.0, -3959.0, -697.0, 1592.0, -3332.0, 1885.0, 324.0, -121.0, 2348.0, 0
2029.0, 2069.0, 872.0, 915.0, -222.0, 676.0, 1473.0, -728.0, 866.0, 177.0, 852.0, 604.0, -216.0, 112.0, 3426.0, 831.0, -102.0, 972.0, 1513.0, 69.0, 1
705.0, 1293.0, -626.0, 84.0, 1633.0, 1162.0, 689.0, 1127.0, 704.0, 724.0, -1011.0, -365.0, 994.0, 1429.0, -428.0, 638.0, 1559.0, 296.0, 388.0, 802.0, 1
23.0, -671.0, -221.0, 384.0, -984.0, 777.0, -159.0, 1278.0, 749.0, 1476.0, 693.0, -168.0, 164.0, 1691.0, -584.0, -1219.0, 1186.0, -514.0, 451.0, 1668.0, 1
231.0, 1669.0, -931.0, 558.0, 532.0, 1572.0, 4.0, 1076.0, -982.0, 397.0, 508.0, -147.0, 437.0, 834.0, 697.0, 102.0, 244.0, 892.0, 587.0, 871.0, 1
-1152.0, 1457.0, -488.0, 1949.0, 858.0, 2078.0, 4302.0, -193.0, -936.0, 158.0, -244.0, -2104.0, 1811.0, -1374.0, 1284.0, -15.0, -1057.0, 3678.0, 674.0, -188.0, 0
-2709.0, 1953.0, -4825.0, -3633.0, 694.0, 3778.0, -1815.0, -1844.0, -1218.0, 1081.0, -966.0, -1821.0, 591.0, -1195.0, -381.0, 1903.0, -1514.0, -712.0, 34.0, -391.0, 0
-2179.0, 1578.0, 332.0, 3362.0, 1603.0, -775.0, -2902.0, -782.0, 1117.0, 1041.0, -1035.0, -59.0, 843.0, -4019.0, -321.0, -382.0, -588.0, 882.0, -54.0, -1675.0, 0
267.0, -315.0, 1607.0, -1254.0, 1631.0, -1124.0, 3643.0, 1379.0, 3893.0, 378.0, -219.0, -495.0, -599.0, -2934.0, -3917.0, -3367.0, -463.0, 335.0, -1547.0, -1914.0, 0
331.0, -0.0, 2922.0, -2.0, -3903.0, 925.0, -326.0, 1143.0, 17.0, 646.0, -1002.0, -1254.0, -3892.0, 1881.0, 2346.0, 2786.0, -1267.0, -2902.0, -305.0, -186.0, 0
2606.0, -4.0, -885.0, 43.0, 1207.0, -1009.0, -59.0, -579.0, -88.0, 233.0, -1044.0, 201.0, -91.0, 1176.0, 1982.0, 559.0, 258.0, 656.0, 447.0, -49.0, 1
1375.0, 4899.0, 617.0, -4414.0, 1244.0, -688.0, 2537.0, 264.0, -2895.0, -2427.0, 918.0, 2787.0, 483.0, -82.0, -3008.0, -683.0, -876.0, 3121.0, 514.0, -836.0, 0
1914.0, 208.0, 114.0, 2848.0, -606.0, 1406.0, -1384.0, -1613.0, -81.0, -1008.0, -873.0, 2794.0, -547.0, 12.0, -33.0, 2193.0, -964.0, -966.0, -2585.0, 229.0, 0
529.0, 62.0, -1009.0, -935.0, -64.0, -776.0, 618.0, 664.0, -36.0, 917.0, 2711.0, 1586.0, 857.0, -465.0, -692.0, 1247.0, 712.0, 544.0, 144.0, 1173.0, 1
497.0, 1418.0, 608.0, -502.0, 1145.0, 669.0, 1698.0, 51.0, -402.0, 2592.0, -25.0, 812.0, 1098.0, 187.0, 751.0, -462.0, 1882.0, 141.0, -348.0, -876.0, 1
1636.0, -1.0, 564.0, 2112.0, 996.0, -1438.0, 1302.0, 1306.0, 688.0, 2538.0, 2821.0, 951.0, -1907.0, -836.0, 408.0, 653.0, 635.0, -579.0, 1708.0, 16.0, 1
-4135.0, -782.0, -399.0, -643.0, -2051.0, 2093.0, 1136.0, -2859.0, 945.0, -3291.0, -1082.0, -4217.0, 2898.0, 1679.0, 791.0, -101.0, -1035.0, 6.0, 1843.0, -414.0, 0
2699.0, 1008.0, -1642.0, -111.0, -102.0, 708.0, -4.0, 453.0, 182.0, -427.0, 1111.0, 1157.0, -409.0, 263.0, 524.0, 71.0, 602.0, 791.0, 844.0, 471.0, 1
-1129.0, 2816.0, -982.0, -331.0, 509.0, -1332.0, 4786.0, -512.0, 1481.0, 2294.0, -3239.0, 119.0, -3995.0, 2229.0, -121.0, 1262.0, 538.0, -3309.0, -1821.0, 2494.0, 0
-1346.0, 3378.0, -1367.0, -3531.0, 1976.0, -5558.0, -187.0, -339.0, -532.0, -3358.0, 2742.0, 1014.0, -2807.0, -2236.0, 1448.0, 782.0, -187.0, -97.0, 74.0, 407.0, 0
-2174.0, -1812.0, -2688.0, 2438.0, -677.0, -65.0, -581.0, -1117.0, -2823.0, 289.0, 4904.0, 434.0, 3612.0, -259.0, 1336.0, -794.0, 288.0, -326.0, -2196.0, 17.0, 0
-2504.0, 16.0, -1126.0, 63.0, 97.0, -1875.0, 2269.0, -1688.0, -2145.0, 2856.0, -2999.0, 1612.0, -1628.0, -2738.0, -441.0, -1009.0, 1083.0, -3557.0, -499.0, -901.0, 0
-3407.0, 3142.0, 2543.0, 329.0, -415.0, 11.0, -1182.0, 91.0, -2082.0, 2221.0, 264.0, -2521.0, 1933.0, -317.0, -1051.0, 1365.0, -394.0, -2557.0, 2161.0, -3334.0, 0
2464.0, 763.0, 1332.0, -518.0, -166.0, 2174.0, 822.0, -1345.0, 741.0, -1626.0, -7621.0, -836.0, -758.0, -1237.0, 1537.0, -356.0, 455.0, 1023.0, 333.0, 2399.0, 0
-24.0, -97.0, 1794.0, 1118.0, -41.0, 1106.0, -224.0, -776.0, -542.0, -572.0, -306.0, -544.0, 1012.0, 33.0, 205.0, 148.0, 1343.0, 24.0, -1108.0, 1169.0, 1
2859.0, 1607.0, -2719.0, 1964.0, 1591.0, -1325.0, -217.0, -1128.0, -178.0, -2111.0, -517.0, 3241.0, 4514.0, 159.0, 4638.0, -2569.0, -1334.0, 489.0, 72.0, -278.0, 0
1713.0, 949.0, 504.0, 602.0, -133.0, 15.0, -674.0, 585.0, 1756.0, 95.0, 2044.0, -52.0, 755.0, -66.0, 142.0, 54.0, 6.0, 278.0, 201.0, 729.0, 1
243.0, -58.0, 3212.0, 181.0, -117.0, -216.0, 2068.0, 1292.0, 209.0, 894.0, -698.0, 1031.0, 2292.0, 196.0, -825.0, -6244.0, 781.0, -1251.0, 203.0, 215.0, 0
-491.0, 1578.0, 898.0, 1574.0, 1253.0, -37.0, 189.0, -942.0, 988.0, -1454.0, 706.0, 1106.0, 958.0, 984.0, 516.0, 2607.0, -156.0, 1079.0, 226.0, 415.0, 1
-72.0, 668.0, -2314.0, 282.0, 207.0, 143.0, 753.0, 921.0, 63.0, -914.0, 3015.0, 396.0, 101.0, 708.0, 2205.0, -1208.0, -422.0, 1073.0, -113.0, -867.0, 1
826.0, -109.0, -9.0, 644.0, -33.0, 573.0, -1504.0, -743.0, 622.0, -804.0, 902.0, 841.0, -1505.0, 1602.0, -447.0, 1538.0, 976.0, 161.0, 1298.0, 632.0, 1
476.0, 14.0, -78.0, -68.0, 2389.0, 1037.0, 2061.0, 1119.0, -1033.0, -1315.0, 1146.0, 1604.0, 402.0, -304.0, 1211.0, 1793.0, -537.0, -1029.0, -104.0, 845.0, 1
475.0, 219.0, 168.0, -91.0, 131.0, -125.0, 125.0, 446.0, 181.0, -556.0, -17.0, -352.0, 631.0, -388.0, -79.0, 94.0, 196.0, 903.0, -97.0, 815.0, 1
-99.0, -3245.0, -634.0, -536.0, 4077.0, 968.0, -12.0, -363.0, 4274.0, -1494.0, 997.0, 1804.0, 3802.0, 1397.0, 3832.0, 2663.0, -1045.0, -1446.0, 1708.0, -51.0, 0
-3333.0, 365.0, 992.0, -256.0, -3009.0, 2271.0, 2701.0, -1234.0, 4445.0, 1873.0, 2532.0, 1499.0, 612.0, 1208.0, 2863.0, -1324.0, 2498.0, 35.0, 1609.0, -2599.0, 0
-2417.0, 372.0, 511.0, 2682.0, -772.0, 4871.0, -144.0, -411.0, -2949.0, -315.0, 895.0, 346.0, -281.0, 2647.0, -1344.0, 279.0, 356.0, -546.0, 476.0, -325.0, 0
687.0, 428.0, 1088.0, -2502.0, 3951.0, 2371.0, 117.0, -7.0, 575.0, 734.0, -934.0, -786.0, 1456.0, -2405.0, 1299.0, -1504.0, 1813.0, -2156.0, -622.0, -34.0, 0
763.0, -3732.0, -106.0, 723.0, 301.0, -7.0, 5.0, -2843.0, -1563.0, 514.0, -1839.0, -802.0, 132.0, -1548.0, 1349.0, -4458.0, 3206.0, -206.0, 2088.0, -4618.0, 0
3052.0, -4006.0, 22.0, 3141.0, -315.0, 1851.0, 497.0, 1164.0, 304.0, 335.0, 1518.0, -1399.0, 517.0, 29.0, 1423.0, -1188.0, 3596.0, 18.0, -267.0, -297.0, 0
-1411.0, 158.0, -516.0, 553.0, -684.0, 785.0, 1901.0, 795.0, -1678.0, 1339.0, -1483.0, -53.0, 2648.0, -161.0, -252.0, -859.0, -189.0, -13.0, 1396.0, 1667.0, 1
-1011.0, -3064.0, -101.0, -5329.0, -3222.0, 1999.0, 3927.0, 88.0, 94.0, 295.0, -329.0, 538.0, 1007.0, 1654.0, -1583.0, -1718.0, -496.0, -204.0, 1862.0, 666.0, 0
1214.0, 1521.0, -3376.0, -1155.0, 822.0, -1301.0, -1253.0, -1242.0, 3027.0, -429.0, -232.0, 1194.0, -2853.0, 1903.0, 567.0, -966.0, -1531.0, -331.0, -965.0, -2689.0, 0
105.0, -4218.0, 295.0, -3368.0, -1806.0, -246.0, -1912.0, 1779.0, -1931.0, -186.0, -2342.0, -2088.0, 227.0, 424.0, -901.0, 1503.0, 1382.0, -47.0, -1925.0, -3818.0, 0
1396.0, 734.0, -23.0, -1498.0, -87.0, -1425.0, 1448.0, 678.0, 1279.0, -201.0, 728.0, -694.0, -931.0, 785.0, -328.0, 116.0, 602.0, 297.0, 528.0, 15.0, 1
64.0, -2212.0, -826.0, -956.0, 3318.0, -3582.0, -567.0, -624.0, -435.0, 1601.0, 2101.0, 605.0, 322.0, -1616.0, 31.0, 2669.0, -655.0, 2284.0, -2039.0, 2303.0, 0
1012.0, 241.0, 2215.0, 836.0, 187.0, -278.0, 813.0, 613.0, 2457.0, 89.0, 1466.0, 1282.0, 256.0, 996.0, -1208.0, -739.0, -209.0, 1443.0, 1402.0, -382.0, 1
-182.0, 188.0, 1554.0, -48.0, 1972.0, -575.0, 1202.0, 816.0, -244.0, -1814.0, 142.0, 817.0, 1022.0, 368.0, 563.0, 1362.0, 203.0, 36.0, -744.0, 2268.0, 1
2029.0, -3381.0, -1886.0, 44.0, -3561.0, 1463.0, -1107.0, -1678.0, 166.0, -1068.0, -395.0, -2259.0, 1922.0, 1161.0, -26.0, -4001.0, -1647.0, -566.0, 1303.0, -1073.0, 0
22.0, -1253.0, -1853.0, 2728.0, 1264.0, -1134.0, 2172.0, -146.0, 1237.0, 1706.0, 188.0, -27.0, -2333.0, -2882.0, 746.0, 2498.0, 152.0, 22.0, -285.0, 1336.0, 0
43.0, 1369.0, -1122.0, -213.0, 278.0, -237.0, 895.0, -982.0, 322.0, -296.0, -77.0, 1067.0, 58.0, 486.0, -131.0, -1009.0, 594.0, 404.0, 221.0, 312.0, 1
-1353.0, -1199.0, -536.0, -1863.0, 464.0, 443.0, -202.0, 3097.0, 433.0, 392.0, -286.0, -2495.0, 1173.0, -993.0, -2501.0, -1028.0, 809.0, 1212.0, -1691.0, 2224.0, 0
494.0, 1662.0, 2462.0, 1663.0, 225.0, 59.0, 496.0, 1379.0, 1027.0, 883.0, 5.0, -35.0, 898.0, 67.0, 83.0, 1704.0, 3676.0, -245.0, 1967.0, 2007.0, 1
6.0, 698.0, 1115.0, 213.0, 1307.0, 682.0, 15.0, 991.0, -234.0, 66.0, 1776.0, -1002.0, 504.0, 1502.0, 524.0, -497.0, 25.0, 109.0, 1264.0, 1371.0, 1
-1719.0, -1122.0, -73.0, -675.0, 1364.0, 111.0, 92.0, 2724.0, -4446.0, -2144.0, 1099.0, 1262.0, -973.0, 3644.0, 1432.0, 291.0, 511.0, -1249.0, -17.0, 1154.0, 0
-1459.0, 1023.0, 1331.0, 4.0, 2013.0, 583.0, -132.0, -136.0, -361.0, 54.0, 947.0, -582.0, 97.0, 1353.0, 1036.0, -338.0, -343.0, 43.0, 1357.0, 1248.0, 1
1163.0, 312.0, 149.0, 391.0, -236.0, -457.0, 1529.0, 594.0, 775.0, 947.0, 168.0, 457.0, 1118.0, -81.0, 568.0, 2385.0, 518.0, -184.0, -404.0, 188.0, 1
-729.0, 242.0, -1263.0, -1039.0, 1332.0, 1926.0, 2608.0, 619.0, 374.0, 1962.0, -703.0, 2175.0, 12.0, -596.0, 2072.0, 641.0, 736.0, 41.0, 168.0, 1348.0, 1
-98.0, 1098.0, 165.0, 42.0, 728.0, -1612.0, 1208.0, 19.0, 228.0, 55.0, 248.0, 1405.0, 182.0, 768.0, -194.0, 663.0, 1393.0, 2662.0, 2005.0, 594.0, 1
2074.0, 1662.0, 3249.0, -2392.0, -905.0, -245.0, -107.0, -2308.0, 586.0, -95.0, 473.0, -4.0, 72.0, -943.0, -27.0, -938.0, 253.0, 3547.0, -276.0, 1967.0, 0
414.0, 2365.0, 55.0, 544.0, -898.0, 2477.0, 876.0, 2692.0, -548.0, 964.0, 1115.0, -101.0, -534.0, 1823.0, 388.0, -1402.0, -6.0, 1574.0, 189.0, -1516.0, 1
-488.0, 512.0, -999.0, -799.0, 14.0, 108.0, 77.0, -584.0, 1007.0, 4.0, 1939.0, -861.0, -56.0, 462.0, 264.0, 1146.0, -37.0, 813.0, 1653.0, -4.0, 1
-705.0, -1208.0, 743.0, -657.0, 523.0, -1146.0, -798.0, 714.0, 735.0, 284.0, 117.0, 718.0, 3449.0, -598.0, 279.0, 1271.0, -346.0, 671.0, 954.0, -991.0, 1
-336.0, 66.0, 985.0, 901.0, 1485.0, -1556.0, -1274.0, 77.0, 64.0, 407.0, 1693.0, 2632.0, 1196.0, 84.0, -195.0, 231.0, -765.0, 49.0, -378.0, 803.0, 1
427.0, 193.0, 1132.0, 6.0, 3974.0, -2581.0, 2796.0, 3921.0, -559.0, 176.0, 701.0, -2883.0, -464.0, 1487.0, -3762.0, 707.0, 5236.0, -769.0, 4483.0, 5948.0, 0
-808.0, 1962.0, -1726.0, -93.0, -756.0, -46.0, 1025.0, 805.0, -66.0, -5.0, -1104.0, 811.0, 1079.0, 1964.0, 5.0, 214.0, 77.0, 1144.0, 941.0, -1461.0, 1
2338.0, 19.0, 2687.0, 1878.0, 1.0, -1848.0, -1557.0, -0.0, -522.0, 3141.0, 557.0, -3665.0, 2287.0, 524.0, 92.0, 221.0, 4678.0, -1744.0, -2751.0, 3931.0, 0
987.0, -473.0, -336.0, -57.0, 669.0, 463.0, -515.0, 1954.0, 712.0, 502.0, 279.0, 95.0, 632.0, 1342.0, 3307.0, 1647.0, -157.0, -2084.0, -247.0, 434.0, 1
-495.0, -204.0, 475.0, 209.0, -667.0, -2405.0, 476.0, -1064.0, -153.0, 1118.0, 998.0, -988.0, 213.0, 1033.0, -2628.0, 2154.0, 304.0, -3388.0, -94.0, -2011.0, 0
309.0, -1002.0, 1691.0, 682.0, -1176.0, -313.0, -1186.0, -364.0, 669.0, 589.0, -501.0, 701.0, 74.0, 984.0, 1052.0, 1068.0, 1262.0, -488.0, 853.0, 2095.0, 1
1781.0, 668.0, 564.0, 812.0, 363.0, 735.0, -2003.0, -434.0, 2236.0, 5.0, 851.0, -443.0, 333.0, -1186.0, 1252.0, -617.0, -165.0, 573.0, 1516.0, -784.0, 1
-5.0, 576.0, -31.0, 843.0, 1012.0, 794.0, 242.0, 662.0, -1373.0, -74.0, 468.0, -952.0, -1414.0, -711.0, 1385.0, 756.0, 332.0, 454.0, -363.0, -491.0, 1
117.0, -371.0, 279.0, -622.0, 1866.0, 814.0, -1974.0, -183.0, -227.0, -32.0, 2018.0, 1143.0, -3.0, -557.0, 1252.0, 104.0, 1435.0, -793.0, -625.0, 1211.0, 1
158.0, 185.0, -2664.0, 1557.0, -1486.0, 876.0, 97.0, 4616.0, 1388.0, -966.0, 2023.0, 3391.0, 2515.0, -2381.0, 335.0, 107.0, -1712.0, -1835.0, 214.0, -4307.0, 0
2859.0, -954.0, 1826.0, 376.0, 2948.0, -834.0, 863.0, 2586.0, -3187.0, 11.0, -1478.0, 1294.0, -324.0, -505.0, -225.0, 1021.0, 315.0, 1768.0, 1908.0, 1518.0, 0
2607.0, -1423.0, -2595.0, -1056.0, -1692.0, -121.0, 3394.0, 217.0, 4221.0, -609.0, -1519.0, -344.0, -511.0, -3821.0, -2172.0, -906.0, 1777.0, 1915.0, 1468.0, -227.0, 0
129.0, 1289.0, -113.0, -327.0, 727.0, 2009.0, 328.0, -353.0, 84.0, 1792.0, -285.0, -663.0, -138.0, 93.0, 2623.0, 683.0, -79.0, 537.0, 662.0, -266.0, 1
-1614.0, 37.0, -2787.0, 2502.0, -45.0, -2889.0, -264.0, 2258.0, -262.0, 412.0, -185.0, 2069.0, 1699.0, 5523.0, -3108.0, 6.0, -3365.0, -2109.0, 295.0, -1224.0, 0
786.0, 298.0, -67.0, 612.0, -258.0, 194.0, 1472.0, 114.0, 1037.0, -65.0, 1888.0, -493.0, 1564.0, 1194.0, 23.0, 776.0, -648.0, 1018.0, 2198.0, 175.0, 1
-2535.0, 2783.0, -933.0, 957.0, 2996.0, 3421.0, -1202.0, 2603.0, -346.0, -546.0, 236.0, 199.0, 412.0, -2003.0, 112.0, -1049.0, 2866.0, -1206.0, 1497.0, 1309.0, 0
145.0, 1761.0, 68.0, 68.0, -179.0, 561.0, 639.0, 193.0, -151.0, -57.0, 1425.0, -1577.0, -862.0, 633.0, 1099.0, 1336.0, 218.0, 1069.0, -918.0, -63.0, 1
-3498.0, 1387.0, 914.0, -816.0, 2057.0, -242.0, 1736.0, 1293.0, -266.0, 1402.0, -1913.0, 3392.0, -1478.0, -3724.0, 2251.0, -1042.0, -27.0, -2291.0, 2177.0, -3355.0, 0
589.0, 77.0, -653.0, 898.0, -479.0, 534.0, -37.0, 2308.0, 503.0, -693.0, 117.0, -1282.0, 439.0, 394.0, 464.0, -291.0, 92.0, -7.0, 637.0, 57.0, 1
2648.0, -637.0, -179.0, -325.0, -676.0, 2516.0, 1884.0, -2626.0, -4328.0, -143.0, -598.0, 1992.0, 998.0, -3678.0, -1662.0, 1489.0, 1347.0, -275.0, -553.0, 62.0, 0
3009.0, 357.0, 179.0, 171.0, 1288.0, 1303.0, 1322.0, 826.0, 2689.0, 242.0, -534.0, 528.0, -42.0, 1126.0, -24.0, -1325.0, 708.0, -315.0, 104.0, 3102.0, 1
-1474.0, -915.0, -1261.0, -4454.0, 122.0, 17.0, 123.0, -974.0, -5172.0, 1349.0, -891.0, 671.0, 371.0, -1804.0, -442.0, -442.0, -122.0, 481.0, -2529.0, -0.0, 0
53.0, -736.0, -206.0, 69.0, 645.0, 29.0, 121.0, 926.0, 34.0, 2246.0, 135.0, -1121.0, 235.0, 1184.0, 671.0, 1364.0, 1983.0, 1361.0, 228.0, 1124.0, 1
1122.0, -1387.0, 219.0, 457.0, -145.0, 662.0, -251.0, -147.0, 456.0, 1358.0, 1394.0, 2218.0, -1443.0, -9.0, 2172.0, 252.0, 129.0, 79.0, -292.0, 1321.0, 1
82.0, 64.0, -733.0, -2534.0, -1901.0, -451.0, 1578.0, -1654.0, -1903.0, 11.0, 404.0, -3059.0, -1244.0, -154.0, -1679.0, 1618.0, -1065.0, -2158.0, 298.0, -14.0, 0
