@relation unknow
@attribute A1 real [-6879.0, 6285.0]
@attribute A2 real [-7141.0, 6921.0]
@attribute A3 real [-7734.0, 7611.0]
@attribute A4 real [-6627.0, 7149.0]
@attribute A5 real [-7184.0, 6383.0]
@attribute A6 real [-6946.0, 6743.0]
@attribute A7 real [-7781.0, 6285.0]
@attribute A8 real [-6882.0, 6357.0]
@attribute A9 real [-7184.0, 7487.0]
@attribute A10 real [-7232.0, 6757.0]
@attribute A11 real [-7803.0, 7208.0]
@attribute A12 real [-7395.0, 6791.0]
@attribute A13 real [-7096.0, 6403.0]
@attribute A14 real [-7472.0, 7261.0]
@attribute A15 real [-7342.0, 7372.0]
@attribute A16 real [-7121.0, 6905.0]
@attribute A17 real [-7163.0, 7175.0]
@attribute A18 real [-8778.0, 6896.0]
@attribute A19 real [-7554.0, 5726.0]
@attribute A20 real [-6722.0, 7627.0]
@attribute class {0, 1}
@inputs A1, A2, A3, A4, A5, A6, A7, A8, A9, A10, A11, A12, A13, A14, A15, A16, A17, A18, A19, A20
@outputs class
@data
132.0, -1984.0, -2962.0, 1367.0, 749.0, 546.0, 849.0, -3196.0, 3687.0, 82.0, 584.0, -1438.0, -483.0, 717.0, -1868.0, -52.0, -2509.0, 1391.0, 4448.0, 3737.0, 0
722.0, 1.0, -3476.0, 161.0, -281.0, -1687.0, -1441.0, -94.0, 2444.0, -2449.0, -126.0, 2178.0, 33.0, 335.0, 344.0, -1961.0, 1389.0, -1497.0, 4755.0, -2818.0, 0
974.0, 1316.0, 1044.0, 32.0, 1189.0, 592.0, 472.0, 1748.0, 637.0, -821.0, 61.0, -801.0, 413.0, -1208.0, 47.0, 736.0, 326.0, 295.0, -208.0, 1504.0, 1
-323.0, 1815.0, 973.0, 2249.0, -14.0, -29.0, -158.0, 555.0, -122.0, -176.0, -379.0, 2975.0, -1025.0, 654.0, -1614.0, -3776.0, -402.0, 2638.0, 5253.0, -65.0, 0
707.0, -469.0, 1215.0, 91.0, 814.0, 818.0, 118.0, 6.0, -1016.0, -509.0, 1916.0, 1406.0, -404.0, -3.0, 1366.0, 1353.0, 1719.0, -114.0, -1221.0, 887.0, 1
514.0, 1885.0, -584.0, 198.0, -2843.0, -881.0, 1004.0, -2508.0, -507.0, 558.0, 2587.0, 887.0, -1171.0, -2446.0, -275.0, 377.0, 535.0, -1323.0, 1042.0, -2276.0, 0
-187.0, 602.0, 989.0, 2078.0, -1484.0, 729.0, 45.0, -555.0, 753.0, -628.0, -1324.0, 627.0, 135.0, 241.0, -1012.0, -227.0, 3.0, 1726.0, -104.0, 796.0, 1
-2186.0, 927.0, 495.0, -2936.0, 1911.0, 1033.0, 3751.0, 1452.0, 3556.0, 19.0, -5035.0, -142.0, -3168.0, -4486.0, -3579.0, -95.0, -369.0, 1552.0, 1707.0, 746.0, 0
-564.0, 59.0, 41.0, -1038.0, 925.0, 22.0, 114.0, 1141.0, -6.0, 2002.0, 1174.0, -137.0, -318.0, 418.0, 464.0, 26.0, 215.0, 1114.0, -151.0, 1212.0, 1
1806.0, 1336.0, 353.0, -201.0, 408.0, -354.0, -412.0, -94.0, -2352.0, 516.0, 345.0, -1597.0, 342.0, 412.0, -1028.0, 135.0, 713.0, -854.0, 406.0, 52.0, 1
3137.0, -1585.0, 1051.0, -2812.0, -2528.0, -1049.0, 2705.0, -812.0, -2296.0, -715.0, -592.0, 186.0, 1676.0, 546.0, 3.0, 232.0, -1958.0, -2134.0, 1201.0, 547.0, 0
1356.0, 199.0, -304.0, 904.0, 1652.0, -465.0, 2321.0, -333.0, 1252.0, -866.0, 4.0, 1126.0, 377.0, -243.0, -974.0, 1203.0, 87.0, 254.0, 99.0, 1116.0, 1
-207.0, -163.0, 39.0, 2712.0, -1.0, 345.0, -2723.0, 524.0, -21.0, -1243.0, 125.0, -316.0, 45.0, 1337.0, 2614.0, -906.0, -1914.0, 3215.0, 2153.0, 239.0, 0
164.0, -1484.0, -451.0, 48.0, -2155.0, 148.0, -2022.0, -1563.0, 433.0, 1942.0, -124.0, 812.0, -1716.0, -192.0, 2722.0, 717.0, -228.0, -137.0, -2492.0, 985.0, 0
73.0, 1875.0, 3183.0, -1748.0, 1402.0, 63.0, -165.0, -2974.0, 111.0, -3406.0, 329.0, -2385.0, 114.0, 48.0, -1484.0, -2979.0, -511.0, 34.0, -1638.0, 557.0, 0
47.0, 1338.0, -1678.0, -2967.0, -101.0, 7.0, -2546.0, -937.0, -798.0, 1893.0, 544.0, -192.0, 1674.0, 187.0, -1768.0, -187.0, -164.0, 1383.0, 3572.0, -506.0, 0
463.0, 182.0, 1123.0, -174.0, 628.0, 841.0, -248.0, 966.0, 48.0, 1697.0, 1299.0, 279.0, 146.0, 1483.0, 868.0, 1281.0, -577.0, 456.0, 1734.0, 828.0, 1
1324.0, -333.0, -2784.0, -495.0, -1231.0, 238.0, 1221.0, -2703.0, 4271.0, -2386.0, 379.0, -304.0, 1106.0, -434.0, -1549.0, 1617.0, 971.0, 912.0, -1417.0, 496.0, 0
562.0, 597.0, 1214.0, 704.0, 63.0, -923.0, -537.0, -385.0, -11.0, -1088.0, 996.0, 272.0, 1952.0, 946.0, -44.0, 1223.0, 1054.0, 1238.0, 67.0, 272.0, 1
-608.0, 166.0, 756.0, -2453.0, 443.0, 841.0, 116.0, 1064.0, 646.0, 389.0, 2006.0, 1156.0, 857.0, 306.0, 229.0, 823.0, 2772.0, 1441.0, -118.0, 1029.0, 1
373.0, -709.0, 167.0, 129.0, 725.0, 1086.0, -794.0, 897.0, 1439.0, 99.0, -1291.0, -137.0, 355.0, 9.0, 311.0, -627.0, -626.0, -19.0, 1274.0, 337.0, 1
21.0, -159.0, -19.0, 908.0, 1428.0, -456.0, 422.0, -1594.0, 2176.0, 214.0, 237.0, -856.0, 977.0, -11.0, -32.0, 1646.0, 443.0, 1146.0, 353.0, 1294.0, 1
-1249.0, 775.0, 859.0, -416.0, 1543.0, -48.0, -2646.0, 52.0, 524.0, -4103.0, 164.0, 3797.0, 3742.0, 127.0, 1544.0, -334.0, -246.0, 907.0, -172.0, -6.0, 0
-205.0, -385.0, 231.0, -333.0, 3058.0, -826.0, -142.0, -626.0, -1748.0, 519.0, 1126.0, 849.0, 216.0, -96.0, -41.0, 147.0, 413.0, 159.0, 9.0, 2846.0, 1
-866.0, -433.0, 359.0, 1755.0, -1099.0, 1282.0, 149.0, 887.0, 2744.0, -1664.0, 1212.0, 1326.0, 38.0, 1638.0, -402.0, -717.0, 1442.0, 248.0, 1581.0, 1985.0, 1
-1212.0, 52.0, 3286.0, 1299.0, 995.0, -21.0, 289.0, 2197.0, -1523.0, 1582.0, 74.0, -17.0, 1067.0, -932.0, -202.0, -874.0, -232.0, -182.0, 15.0, 352.0, 1
-721.0, 7.0, 1713.0, -1429.0, 1182.0, -3952.0, -1772.0, -535.0, -2293.0, 628.0, 4006.0, 1017.0, -276.0, 576.0, 759.0, -3696.0, -256.0, -322.0, 1686.0, -2809.0, 0
668.0, -1165.0, 3415.0, -691.0, -2187.0, 1622.0, -517.0, 1495.0, -2538.0, 1704.0, -489.0, -396.0, -1539.0, -398.0, -21.0, -1024.0, -1104.0, -1556.0, -2147.0, 3068.0, 0
-128.0, 873.0, -459.0, 985.0, 578.0, 149.0, 469.0, 1273.0, -161.0, 262.0, 1357.0, 421.0, 1878.0, 197.0, 15.0, -1224.0, -224.0, 552.0, -4.0, 395.0, 1
363.0, -133.0, -37.0, 396.0, 1289.0, 2093.0, -106.0, -1753.0, -883.0, 1465.0, 679.0, 168.0, 1825.0, -1969.0, -1292.0, 1728.0, 571.0, -908.0, 482.0, -741.0, 1
-117.0, -1115.0, -1837.0, -225.0, 2954.0, -1089.0, 265.0, 1473.0, 44.0, -374.0, -1.0, -1441.0, -629.0, -3704.0, -3243.0, -1752.0, -132.0, 2256.0, -748.0, 2344.0, 0
-1023.0, 802.0, 2679.0, 384.0, -341.0, 1611.0, -679.0, 221.0, 1.0, 338.0, -1075.0, -724.0, -498.0, 693.0, 602.0, 1619.0, -1421.0, -267.0, 258.0, -495.0, 1
1156.0, 2322.0, 943.0, 1979.0, -2543.0, 1571.0, -1818.0, 544.0, -2017.0, 802.0, -276.0, -3033.0, 792.0, -155.0, -1028.0, 1662.0, 1324.0, -365.0, 5.0, -2022.0, 0
-474.0, 513.0, 392.0, 1003.0, -941.0, 148.0, 1565.0, 441.0, 243.0, -301.0, 2023.0, 858.0, 172.0, 998.0, 1032.0, 2061.0, -1393.0, -382.0, -831.0, 453.0, 1
-2096.0, 1404.0, 5654.0, 462.0, -169.0, 2395.0, 964.0, 267.0, 1786.0, -974.0, -1007.0, 2234.0, 1257.0, -1367.0, 2817.0, -636.0, -678.0, -1562.0, -1454.0, 826.0, 0
-112.0, 323.0, 214.0, -2306.0, 16.0, 911.0, 906.0, 635.0, -2964.0, 679.0, 371.0, -38.0, -2419.0, 969.0, -1606.0, -969.0, 131.0, 1611.0, -2434.0, 409.0, 0
5.0, 48.0, 1296.0, 853.0, -119.0, -489.0, 1217.0, 3.0, -1564.0, 424.0, 22.0, -156.0, 852.0, 1938.0, 382.0, 1178.0, 757.0, 1066.0, 1112.0, 129.0, 1
168.0, 647.0, 769.0, -846.0, 117.0, 94.0, 937.0, 1045.0, -1789.0, 1391.0, -795.0, -167.0, -1514.0, 87.0, 701.0, 171.0, 1179.0, 739.0, -557.0, 1732.0, 1
3488.0, -903.0, -811.0, 1842.0, -1194.0, 1408.0, -562.0, 1894.0, -1598.0, -456.0, 177.0, 1768.0, 2548.0, 908.0, 3088.0, -2483.0, -456.0, -851.0, 2892.0, 613.0, 0
-2969.0, 1445.0, 4285.0, 796.0, -1181.0, 2336.0, -2712.0, 5123.0, 663.0, 1681.0, 287.0, 78.0, -3713.0, -723.0, -2517.0, 918.0, 2059.0, 434.0, 1562.0, -726.0, 0
1437.0, -95.0, 65.0, 1186.0, 1294.0, 1524.0, -194.0, 206.0, -1221.0, 191.0, 1553.0, 3.0, 984.0, 432.0, -391.0, 2008.0, 48.0, 192.0, 645.0, 1345.0, 1
-705.0, -679.0, -567.0, -1027.0, -1098.0, -855.0, 2.0, 116.0, -1699.0, 1035.0, 3496.0, 2341.0, -1667.0, -1218.0, -3977.0, 1093.0, 1728.0, 321.0, 1728.0, 154.0, 0
1197.0, -952.0, 61.0, 864.0, 3081.0, 566.0, -664.0, -452.0, -534.0, 547.0, 115.0, 1752.0, 1372.0, -41.0, 839.0, 598.0, 587.0, 1165.0, 116.0, 52.0, 1
236.0, 3202.0, 1647.0, -1769.0, -668.0, -1854.0, 2324.0, 5662.0, 19.0, -123.0, -1842.0, -825.0, -1558.0, -2952.0, 632.0, -1921.0, 2545.0, -311.0, 3631.0, 447.0, 0
554.0, -82.0, 416.0, 545.0, -671.0, 33.0, 2937.0, 1916.0, 669.0, 248.0, 383.0, 993.0, -1044.0, 1813.0, 19.0, 226.0, 733.0, 62.0, -566.0, 1113.0, 1
1463.0, -347.0, 162.0, 727.0, 2672.0, 732.0, -37.0, -92.0, 694.0, 1852.0, -715.0, 1736.0, 2236.0, 674.0, 2966.0, 172.0, 136.0, 1487.0, -583.0, -986.0, 1
-4502.0, 284.0, -886.0, -6.0, 1458.0, -196.0, 2266.0, -1036.0, -12.0, 276.0, -1321.0, 15.0, -1016.0, -433.0, 3838.0, -192.0, -1342.0, -1018.0, 2996.0, -525.0, 0
2013.0, 93.0, -214.0, 712.0, -17.0, -526.0, -227.0, 616.0, 26.0, -1204.0, 1717.0, 1685.0, 1881.0, 643.0, 1725.0, -748.0, -55.0, 398.0, -117.0, 1318.0, 1
-605.0, 4548.0, -1099.0, 885.0, -1043.0, -687.0, -932.0, 558.0, -654.0, -1963.0, 1509.0, 3926.0, 662.0, 1874.0, -944.0, 2146.0, 598.0, -546.0, -295.0, -519.0, 0
1235.0, -2088.0, 574.0, -433.0, 736.0, 1503.0, 1431.0, -1414.0, 63.0, 522.0, 438.0, -56.0, 9.0, 1392.0, -2293.0, -1036.0, 825.0, 1676.0, 1046.0, 135.0, 1
1469.0, 769.0, 559.0, -45.0, -228.0, -296.0, 479.0, 122.0, 575.0, -1003.0, -1149.0, -86.0, 669.0, 642.0, 489.0, 2261.0, -587.0, -589.0, -1382.0, 2375.0, 1
704.0, -108.0, 729.0, 1.0, 463.0, -325.0, 277.0, 1224.0, 369.0, 982.0, -1082.0, 237.0, -123.0, 621.0, -1213.0, 2218.0, 1878.0, -608.0, 298.0, -644.0, 1
-507.0, -928.0, 283.0, 98.0, -159.0, 2022.0, 571.0, 459.0, -12.0, 1658.0, 33.0, 372.0, 299.0, 523.0, 117.0, 758.0, -611.0, 1013.0, 86.0, 2176.0, 1
736.0, 1268.0, 374.0, 1156.0, -1941.0, 117.0, 689.0, 62.0, 825.0, 1115.0, 1075.0, -508.0, -1407.0, 1787.0, -336.0, -942.0, -564.0, -1413.0, 476.0, -1399.0, 1
115.0, 1405.0, 93.0, 91.0, -581.0, -399.0, 91.0, 3155.0, 396.0, 941.0, 67.0, 904.0, -46.0, 2892.0, 11.0, -78.0, 7.0, -39.0, -501.0, 1528.0, 1
727.0, -1345.0, 2048.0, 1248.0, -1729.0, 466.0, -192.0, -74.0, -205.0, -646.0, 214.0, 3261.0, 4455.0, 1854.0, -3569.0, 1967.0, 196.0, -278.0, 1258.0, -1153.0, 0
1156.0, 108.0, 97.0, 209.0, 1031.0, -1118.0, 724.0, 6.0, 1281.0, -951.0, 1294.0, -45.0, -446.0, 464.0, 824.0, 388.0, 1897.0, -238.0, 1601.0, 2896.0, 1
1738.0, 2398.0, 4442.0, 4344.0, 314.0, -1423.0, 1569.0, 393.0, 2017.0, 124.0, 2232.0, 472.0, 3447.0, -214.0, 81.0, -49.0, 2366.0, -1438.0, -117.0, 76.0, 0
-227.0, 1745.0, 3.0, 531.0, 27.0, 1063.0, 2794.0, -45.0, -189.0, -277.0, 1534.0, 649.0, 409.0, 1273.0, -226.0, 755.0, 1148.0, 7.0, 1584.0, 394.0, 1
-457.0, -1982.0, -3122.0, -1875.0, -961.0, 2952.0, 914.0, -1612.0, 361.0, 283.0, 371.0, -1579.0, -649.0, 2202.0, -1367.0, 82.0, 4635.0, -2107.0, -817.0, -681.0, 0
176.0, 47.0, 3193.0, 195.0, -1002.0, 8.0, -514.0, -684.0, -4684.0, 1971.0, -1096.0, 143.0, 1475.0, 299.0, 748.0, 2092.0, -67.0, -1262.0, 1674.0, -641.0, 0
-342.0, 767.0, 1366.0, 557.0, -325.0, -301.0, 1712.0, 779.0, 1504.0, 97.0, 979.0, 808.0, 156.0, 154.0, 156.0, 1003.0, -415.0, 1463.0, 396.0, 1158.0, 1
2245.0, 1491.0, 472.0, 1065.0, 488.0, 42.0, -277.0, -127.0, 764.0, 1096.0, -2398.0, 1851.0, 532.0, 1093.0, -162.0, 1018.0, -69.0, 402.0, 852.0, -182.0, 1
587.0, 847.0, 623.0, 3576.0, 1537.0, -297.0, -229.0, 1779.0, -197.0, 2359.0, -526.0, -986.0, 2739.0, 2366.0, 28.0, 519.0, 2654.0, -1162.0, 1452.0, 2693.0, 0
-2207.0, 3822.0, -929.0, -311.0, 1051.0, 2431.0, 2402.0, -1091.0, 1078.0, -43.0, 1323.0, 1438.0, -586.0, -1136.0, 34.0, 2222.0, -409.0, -3661.0, -2257.0, -257.0, 0
95.0, -579.0, 2194.0, -2971.0, -3029.0, -2519.0, -1364.0, -2909.0, 2282.0, -1062.0, 1502.0, 1044.0, 97.0, -1208.0, 625.0, -212.0, 154.0, -446.0, 1231.0, -27.0, 0
-232.0, 53.0, 3454.0, -6627.0, 3345.0, -1657.0, 1667.0, -1355.0, 181.0, -3426.0, -766.0, -4091.0, -4651.0, 2623.0, 763.0, -2899.0, -2664.0, 2923.0, -3008.0, 1011.0, 0
-1204.0, 1369.0, -928.0, -87.0, -566.0, 207.0, 2487.0, -3237.0, -1086.0, -3531.0, 2091.0, 2661.0, -1949.0, 3707.0, 732.0, 2112.0, 3494.0, -1276.0, -1956.0, 18.0, 0
2432.0, -378.0, -86.0, 1152.0, 527.0, -14.0, -329.0, -5.0, -1781.0, 705.0, -834.0, -67.0, -235.0, -18.0, 944.0, 729.0, 733.0, 297.0, -457.0, 1583.0, 1
111.0, -1069.0, 1563.0, 2498.0, -174.0, -634.0, -57.0, 1064.0, -7.0, 1517.0, 1645.0, 859.0, 51.0, -4961.0, -3896.0, -1915.0, 4538.0, 1989.0, 1772.0, 1143.0, 0
1444.0, 298.0, 87.0, 1085.0, 426.0, 1792.0, 1706.0, -3.0, 947.0, -391.0, 1729.0, -1202.0, 3.0, -668.0, 151.0, 66.0, -127.0, 1543.0, 411.0, 1104.0, 1
2805.0, -915.0, 499.0, -807.0, 1168.0, 384.0, 512.0, 428.0, -1379.0, 1049.0, -633.0, -1389.0, 102.0, 346.0, 2102.0, -613.0, -1067.0, 1123.0, 297.0, -41.0, 1
1592.0, 449.0, 99.0, -383.0, -1212.0, 924.0, 426.0, 1253.0, -596.0, 1378.0, 1123.0, 438.0, 1362.0, -973.0, 554.0, -221.0, 1228.0, -607.0, -93.0, -535.0, 1
-1928.0, 2478.0, 471.0, -5024.0, -81.0, 636.0, 1864.0, -1653.0, -1332.0, -1446.0, -1888.0, -188.0, -1104.0, 427.0, 1348.0, -4883.0, -553.0, -214.0, 1911.0, -3246.0, 0
708.0, 896.0, 292.0, 2367.0, 2764.0, 27.0, -891.0, 1734.0, 1996.0, 399.0, -154.0, 742.0, 1316.0, 1211.0, 103.0, 354.0, 2052.0, -137.0, -435.0, -376.0, 1
-117.0, -65.0, 3049.0, -1832.0, 801.0, 1395.0, 945.0, 153.0, -155.0, 725.0, 1135.0, -431.0, -3428.0, 708.0, 707.0, 424.0, -457.0, -402.0, -622.0, 2674.0, 0
1395.0, 334.0, 1658.0, 1052.0, 1329.0, -1266.0, -1112.0, -54.0, 2172.0, -139.0, 215.0, 1037.0, 1914.0, 44.0, 718.0, 817.0, 1667.0, 1095.0, 74.0, 1846.0, 1
-1484.0, -724.0, -175.0, 406.0, 329.0, -3598.0, -3288.0, 3198.0, -624.0, -3078.0, 767.0, -3582.0, 2213.0, 245.0, -3081.0, 174.0, -348.0, 285.0, 1118.0, 1768.0, 0
-708.0, 505.0, 347.0, -26.0, 578.0, -466.0, -405.0, -2.0, 773.0, 52.0, -3.0, -1277.0, 1951.0, -2.0, 74.0, 81.0, -115.0, -788.0, -757.0, 83.0, 1
1014.0, -1366.0, -232.0, 738.0, -138.0, 225.0, -1095.0, -358.0, 584.0, 609.0, 267.0, -38.0, 584.0, 948.0, 1041.0, 1444.0, -98.0, 1201.0, 802.0, -766.0, 1
-598.0, -248.0, 1662.0, -1906.0, 448.0, 1322.0, -3977.0, 1089.0, 1516.0, -497.0, 4586.0, 834.0, -1212.0, -1368.0, -2521.0, -345.0, -1619.0, -2732.0, 2955.0, -191.0, 0
874.0, -375.0, 19.0, -742.0, 3174.0, 2311.0, 1514.0, -893.0, 1895.0, 1482.0, 3678.0, 1109.0, -1356.0, -3925.0, -364.0, 3334.0, -3114.0, 2343.0, 243.0, 441.0, 0
-2908.0, 513.0, -1413.0, 4797.0, -2167.0, 3702.0, 544.0, 2666.0, -459.0, 1118.0, -312.0, -2663.0, -2273.0, 2254.0, -2119.0, -2112.0, 256.0, -135.0, 1246.0, 2181.0, 0
-3921.0, -2697.0, 351.0, -1835.0, -2362.0, -2134.0, 1256.0, 2194.0, 3214.0, 333.0, 1973.0, 1699.0, -714.0, -2719.0, 186.0, -681.0, 19.0, 131.0, 3633.0, 446.0, 0
-2225.0, 4378.0, 1289.0, -1056.0, 2548.0, 3485.0, 1325.0, 961.0, -2331.0, -79.0, -2694.0, 2741.0, 43.0, 496.0, 4242.0, 2713.0, -1402.0, 2819.0, -303.0, 1207.0, 0
5365.0, 445.0, 434.0, -2042.0, -3362.0, -3124.0, 2602.0, 821.0, -1506.0, -2126.0, -1008.0, -1354.0, 1732.0, 1282.0, -1039.0, 1665.0, 1601.0, -4508.0, -2473.0, -864.0, 0
1538.0, 554.0, 782.0, 347.0, 1346.0, -456.0, 1055.0, 448.0, -913.0, -2632.0, 1228.0, -427.0, 754.0, 638.0, -468.0, 768.0, -616.0, 1385.0, 355.0, -603.0, 1
-1053.0, 751.0, -2701.0, 3048.0, 16.0, 2393.0, 652.0, -2431.0, -3169.0, -4003.0, 2001.0, -2383.0, -407.0, 1125.0, 1965.0, -4349.0, -4141.0, -2009.0, 1527.0, -234.0, 0
678.0, -167.0, 228.0, -725.0, 494.0, -62.0, 2598.0, -2197.0, -3442.0, 4255.0, -698.0, 2197.0, -936.0, 109.0, 1877.0, 3758.0, 1907.0, 3456.0, 629.0, 1018.0, 0
-582.0, 152.0, -456.0, 448.0, 1022.0, 4.0, -39.0, 886.0, 182.0, 2303.0, 114.0, -239.0, 273.0, -262.0, 186.0, 843.0, 974.0, 42.0, -515.0, 788.0, 1
-198.0, 1213.0, 1535.0, 683.0, -2204.0, 2.0, -965.0, -273.0, 1321.0, -147.0, -35.0, 199.0, 645.0, 175.0, -138.0, 49.0, 709.0, 817.0, -73.0, 707.0, 1
-236.0, 1091.0, 1096.0, -124.0, 335.0, -489.0, 1268.0, 1235.0, -622.0, 2347.0, 1527.0, 441.0, 733.0, 278.0, -912.0, 1703.0, -586.0, 831.0, 265.0, -1011.0, 1
734.0, 141.0, -1547.0, 2.0, 39.0, 475.0, -24.0, -2055.0, 356.0, 1195.0, 132.0, 1169.0, 646.0, 396.0, 1853.0, -189.0, -793.0, 1063.0, -151.0, 1213.0, 1
292.0, -373.0, 2032.0, 52.0, -985.0, -363.0, 1268.0, -131.0, 1575.0, 138.0, -1235.0, 1672.0, -1264.0, 763.0, -481.0, 1229.0, 262.0, 3.0, -367.0, 267.0, 1
743.0, -138.0, 4365.0, 2395.0, 233.0, -1768.0, 2173.0, -324.0, 234.0, 146.0, -1136.0, -1661.0, 758.0, -1345.0, 5652.0, -222.0, 2336.0, -2023.0, 2087.0, 653.0, 0
-2223.0, -159.0, 1132.0, 333.0, 3878.0, -502.0, 1715.0, -106.0, 942.0, -522.0, 1546.0, -747.0, -1609.0, -1657.0, 2564.0, 821.0, 1796.0, 2663.0, -1295.0, 1873.0, 0
1212.0, -127.0, 129.0, 4279.0, 1093.0, -353.0, -3144.0, 1405.0, 386.0, 697.0, 1666.0, -1503.0, 3432.0, 1115.0, 1858.0, -2891.0, 3443.0, -159.0, -1064.0, 179.0, 0
1631.0, -363.0, 1036.0, 177.0, 237.0, 1649.0, -1769.0, 1883.0, -266.0, -751.0, -1789.0, 1143.0, 282.0, 362.0, -3162.0, -3663.0, -969.0, -35.0, 43.0, -1704.0, 0
-285.0, 241.0, -1394.0, -106.0, 178.0, 3918.0, 1713.0, 1325.0, 1566.0, 802.0, 874.0, -173.0, 4196.0, 411.0, -934.0, -808.0, 379.0, -104.0, 787.0, 897.0, 0
-3.0, -691.0, 758.0, 1352.0, 1196.0, -342.0, 114.0, -27.0, 17.0, 542.0, -638.0, 907.0, 2043.0, -99.0, -191.0, 1688.0, 1798.0, 1446.0, 409.0, 2794.0, 1
85.0, -402.0, -1597.0, 384.0, 1108.0, 3553.0, -3094.0, 13.0, -5638.0, 4282.0, 1642.0, -2083.0, -24.0, -77.0, -2924.0, 2033.0, 97.0, 84.0, 4266.0, 2607.0, 0
-253.0, 1314.0, 293.0, 662.0, 1274.0, 1388.0, 1116.0, 43.0, -36.0, -125.0, 83.0, 2001.0, 926.0, 728.0, 1396.0, -842.0, 1167.0, -309.0, 693.0, 1441.0, 1
521.0, -1614.0, 3245.0, 772.0, 1517.0, 1679.0, 2774.0, 547.0, -605.0, 1711.0, -1556.0, 3827.0, 118.0, -1974.0, -1842.0, -807.0, -1033.0, -3153.0, -771.0, -2158.0, 0
-82.0, 1544.0, 376.0, 858.0, 31.0, 1381.0, -67.0, 112.0, 985.0, 1318.0, 503.0, 387.0, 2635.0, -641.0, -155.0, 55.0, 496.0, 1533.0, 467.0, -1248.0, 1
13.0, 2583.0, -868.0, -16.0, 686.0, 118.0, 2389.0, 1282.0, -1153.0, 126.0, 947.0, 264.0, 746.0, 21.0, 1092.0, 702.0, 309.0, -1426.0, 714.0, -147.0, 1
1298.0, -1347.0, 1492.0, 411.0, -1.0, -474.0, 244.0, 1266.0, 318.0, 47.0, 1384.0, 848.0, 346.0, 802.0, 527.0, 739.0, 669.0, -228.0, -452.0, 1326.0, 1
-482.0, 88.0, 652.0, -144.0, 785.0, 1246.0, -47.0, 578.0, 945.0, -438.0, 153.0, 743.0, 808.0, -49.0, 66.0, 1545.0, 128.0, 3488.0, 117.0, 2416.0, 1
1665.0, -47.0, 749.0, 1813.0, 1012.0, -895.0, -663.0, 4.0, 799.0, -358.0, 621.0, 604.0, 584.0, -72.0, -103.0, -464.0, -88.0, -29.0, 818.0, -183.0, 1
-318.0, 2322.0, 1238.0, -2492.0, -2242.0, -1376.0, 673.0, 1403.0, 1649.0, 864.0, -2235.0, -1563.0, 3901.0, -158.0, -544.0, -771.0, 7175.0, -1494.0, -999.0, 57.0, 0
1178.0, 414.0, 1016.0, 3199.0, 554.0, 281.0, 806.0, -295.0, -19.0, 508.0, 89.0, 1373.0, 759.0, 2555.0, 2317.0, 1027.0, 1154.0, 993.0, -1008.0, 127.0, 1
-153.0, -113.0, 78.0, 1469.0, 621.0, 1107.0, -2175.0, -152.0, -24.0, -23.0, 824.0, -1582.0, 1506.0, -595.0, -1879.0, -1105.0, 824.0, 547.0, 1561.0, 961.0, 1
722.0, 2183.0, -2.0, 72.0, 172.0, 9.0, 993.0, 1198.0, -403.0, 301.0, -1109.0, -1683.0, -1424.0, 2558.0, 1155.0, -1504.0, 642.0, 292.0, 783.0, -14.0, 1
3207.0, 634.0, -406.0, -88.0, -1235.0, -2253.0, 1117.0, 1164.0, -879.0, 221.0, 1042.0, 652.0, 111.0, -2383.0, -118.0, 3305.0, 2493.0, 43.0, 387.0, -303.0, 0
1089.0, -1451.0, -2867.0, -1518.0, 107.0, -178.0, -317.0, 1079.0, 5067.0, -514.0, -3108.0, -1658.0, -2022.0, 103.0, 1161.0, 1634.0, -124.0, -1116.0, -1467.0, 1768.0, 0
-168.0, 1299.0, 356.0, 718.0, -892.0, -366.0, 1176.0, -374.0, 2747.0, 55.0, -1424.0, 1607.0, 984.0, -104.0, -51.0, -217.0, -183.0, -687.0, -64.0, -493.0, 1
1567.0, 1337.0, 991.0, 2496.0, 2733.0, 833.0, -377.0, 625.0, -1587.0, 364.0, -574.0, -199.0, 24.0, 1689.0, 1225.0, -778.0, 1062.0, -698.0, 218.0, -354.0, 1
262.0, 3302.0, -3031.0, -1145.0, 512.0, -1722.0, 1743.0, 805.0, -1894.0, -1783.0, 1344.0, -533.0, 3696.0, -2082.0, 1555.0, -1226.0, 733.0, -1476.0, -504.0, 135.0, 0
813.0, 416.0, -438.0, 164.0, 234.0, 1029.0, -514.0, 389.0, 75.0, -1125.0, 1313.0, 1389.0, 951.0, -34.0, 1142.0, 62.0, 702.0, -118.0, 1206.0, 1054.0, 1
-71.0, 737.0, 976.0, 121.0, -1358.0, 1843.0, 414.0, -304.0, -1403.0, 682.0, -798.0, 1188.0, 1006.0, 166.0, -1064.0, 568.0, -1377.0, -461.0, -806.0, 123.0, 1
3688.0, -347.0, -2528.0, 699.0, -86.0, -2602.0, -2877.0, -354.0, -2441.0, 805.0, 26.0, -997.0, 575.0, -86.0, 523.0, -3097.0, 1586.0, -501.0, -1693.0, 5729.0, 0
827.0, -254.0, -1069.0, 83.0, -1.0, 776.0, 294.0, 2542.0, 523.0, 276.0, 1081.0, -37.0, -657.0, -1479.0, 122.0, 658.0, 864.0, 2004.0, -1897.0, 1369.0, 1
244.0, -135.0, 452.0, -1274.0, 2652.0, 581.0, 568.0, 1547.0, 1755.0, 439.0, -1026.0, -76.0, -1099.0, 93.0, -854.0, 923.0, 617.0, 1026.0, 72.0, -165.0, 1
-192.0, -929.0, 213.0, -7.0, 1128.0, -1032.0, 329.0, -1001.0, 2478.0, 1977.0, 748.0, 436.0, -662.0, 803.0, -316.0, 1102.0, -522.0, 8.0, 1064.0, 1603.0, 1
-685.0, 846.0, -1289.0, 559.0, -786.0, 1565.0, -4189.0, -3994.0, 3182.0, -1499.0, 91.0, 292.0, -302.0, -1958.0, -777.0, 757.0, 3429.0, -3805.0, 2551.0, 965.0, 0
746.0, 1059.0, 588.0, 2064.0, 179.0, 733.0, 2192.0, 6.0, 879.0, -551.0, 437.0, 52.0, 347.0, -2303.0, -884.0, 1386.0, 2133.0, 1316.0, 252.0, 39.0, 1
813.0, 825.0, 1279.0, -399.0, 2056.0, -468.0, -552.0, 1839.0, 582.0, 903.0, 1074.0, -59.0, 2262.0, 376.0, -288.0, 94.0, 1347.0, 2831.0, 829.0, 589.0, 1
-176.0, 2112.0, -171.0, -1089.0, -4631.0, -3918.0, 4551.0, 3121.0, 516.0, -857.0, -766.0, -1607.0, 2404.0, -519.0, -115.0, 1007.0, -1308.0, -1504.0, 3071.0, -442.0, 0
-2559.0, 533.0, 41.0, -6.0, 617.0, 52.0, -223.0, 2101.0, -3284.0, -1362.0, -43.0, 199.0, -1435.0, -5172.0, 2042.0, -2179.0, 245.0, -498.0, -847.0, 2381.0, 0
-16.0, 116.0, 559.0, 1148.0, 1009.0, 198.0, 859.0, 19.0, 612.0, -1526.0, 983.0, -101.0, -1351.0, 1112.0, 347.0, -361.0, -71.0, 1854.0, 904.0, -1102.0, 1
-28.0, 723.0, -1548.0, -434.0, -1665.0, 846.0, 229.0, 1092.0, 1622.0, 377.0, 1407.0, 262.0, 1564.0, 2222.0, 335.0, 3195.0, -95.0, -159.0, 1923.0, 1056.0, 1
-598.0, 32.0, -928.0, -184.0, 2995.0, -185.0, -1443.0, 118.0, -27.0, -153.0, -1513.0, 1281.0, 1109.0, -1853.0, 2651.0, -361.0, 1665.0, 1489.0, 351.0, -912.0, 1
3171.0, -363.0, 2612.0, -702.0, 36.0, -1896.0, 461.0, 2.0, 2094.0, 1385.0, 663.0, -2418.0, 2.0, -1789.0, -6237.0, 501.0, 155.0, -5401.0, 1054.0, -1021.0, 0
19.0, 2362.0, 3364.0, -1293.0, -2486.0, -2002.0, 3037.0, 1835.0, 742.0, -1602.0, 4665.0, 1008.0, -719.0, 135.0, 1598.0, 3911.0, -1132.0, -142.0, 275.0, -2333.0, 0
663.0, -755.0, 772.0, -2471.0, -65.0, 872.0, -947.0, -201.0, -2928.0, -2365.0, -1812.0, 1221.0, 2172.0, 2334.0, 2849.0, 2522.0, -867.0, -2424.0, -2057.0, -2924.0, 0
1066.0, -81.0, -634.0, 723.0, -3741.0, -611.0, 1846.0, -3067.0, -4207.0, 974.0, -2424.0, -1312.0, 1244.0, -174.0, -178.0, -2063.0, 1724.0, -1746.0, -814.0, -3455.0, 0
-48.0, 468.0, -4061.0, 1381.0, -2351.0, -1652.0, -376.0, -2418.0, -371.0, -3123.0, 108.0, -1777.0, -573.0, -974.0, -1114.0, -1321.0, 978.0, -643.0, -188.0, 3716.0, 0
1994.0, -1587.0, -721.0, 2047.0, 3363.0, -298.0, -3237.0, -1432.0, -1902.0, -1688.0, -583.0, 1336.0, 796.0, 996.0, -1024.0, -1129.0, -895.0, 2216.0, -2368.0, -1065.0, 0
2142.0, 638.0, -2644.0, 665.0, -1836.0, 562.0, 322.0, -3201.0, 1114.0, 86.0, 5346.0, 1227.0, -547.0, 3498.0, -751.0, -8.0, -518.0, -1918.0, -556.0, -2341.0, 0
-867.0, 808.0, 259.0, -676.0, -282.0, 1047.0, 2346.0, -1349.0, 1536.0, -777.0, -995.0, 397.0, -839.0, 1648.0, 656.0, 116.0, -343.0, -73.0, 537.0, 1072.0, 1
-322.0, 136.0, -1086.0, -2491.0, 683.0, 2565.0, 2953.0, 2002.0, 1997.0, -327.0, -1013.0, 242.0, -436.0, -28.0, 1585.0, -1146.0, -1536.0, -649.0, -41.0, 106.0, 0
1426.0, -71.0, 1713.0, 2194.0, 1765.0, 214.0, -1158.0, -623.0, 1773.0, -5.0, -2563.0, -849.0, -2392.0, 1653.0, 46.0, 172.0, 553.0, 83.0, 463.0, 2451.0, 0
-2873.0, 269.0, 1031.0, -506.0, 1801.0, -119.0, -1315.0, 2094.0, 431.0, -4109.0, 1724.0, -464.0, 3259.0, -84.0, -368.0, -883.0, -1733.0, -691.0, -781.0, -975.0, 0
2536.0, 1777.0, -278.0, 1544.0, -1746.0, -1243.0, -515.0, -626.0, -2498.0, 1474.0, 253.0, -397.0, -439.0, 738.0, -251.0, 294.0, 1186.0, 59.0, -1845.0, -429.0, 0
477.0, 181.0, 1453.0, -728.0, -455.0, -1144.0, -262.0, 77.0, 2.0, 78.0, -156.0, 108.0, 1239.0, -364.0, -6.0, -153.0, 1506.0, -175.0, -1117.0, 805.0, 1
925.0, -1558.0, -46.0, 287.0, 1335.0, 1502.0, 1232.0, 25.0, 197.0, 155.0, 514.0, -2235.0, 983.0, -94.0, -847.0, 511.0, -168.0, -847.0, 927.0, 1423.0, 1
492.0, 861.0, 38.0, 1171.0, 1648.0, 179.0, 1842.0, 17.0, -1423.0, 1435.0, -146.0, -246.0, 442.0, -726.0, -785.0, 1041.0, 159.0, 1041.0, 528.0, 106.0, 1
-656.0, 628.0, -224.0, 2043.0, 3772.0, -14.0, 1317.0, -21.0, -3382.0, 887.0, -682.0, -1831.0, 4402.0, 14.0, 7.0, 3005.0, -1825.0, -2685.0, 1031.0, 2492.0, 0
747.0, 2606.0, 1146.0, 35.0, -109.0, -575.0, 1531.0, 1651.0, 203.0, 114.0, -1026.0, 847.0, 1583.0, -523.0, 443.0, 1132.0, 2008.0, 1734.0, 501.0, 6.0, 1
149.0, -122.0, -798.0, 893.0, 81.0, -817.0, 2314.0, -1262.0, 95.0, 516.0, 3072.0, 1472.0, 28.0, 1492.0, 1516.0, 1906.0, -874.0, -2694.0, 1015.0, -473.0, 0
28.0, -274.0, -81.0, 2054.0, 1648.0, -2762.0, 284.0, -2378.0, 2524.0, -2671.0, 2174.0, 484.0, 2918.0, -901.0, -1526.0, 549.0, 196.0, 284.0, -3422.0, 1689.0, 0
462.0, -1322.0, -481.0, 1557.0, -838.0, -823.0, -1999.0, -1229.0, 2284.0, 2365.0, 17.0, 632.0, 1364.0, 2702.0, -2274.0, 1733.0, 201.0, -2062.0, 558.0, -244.0, 0
-533.0, -996.0, 2583.0, 981.0, -1465.0, -61.0, -796.0, 19.0, 128.0, -532.0, -1138.0, -172.0, -369.0, -3398.0, 816.0, 408.0, 1193.0, -3464.0, -97.0, 548.0, 0
451.0, 1782.0, -2.0, -1877.0, -44.0, 801.0, 1547.0, -1172.0, 1153.0, 745.0, 149.0, 798.0, 569.0, 162.0, 272.0, -1912.0, 68.0, 735.0, 863.0, 252.0, 1
1216.0, 1187.0, -614.0, 992.0, -152.0, 678.0, 469.0, -25.0, 1084.0, -101.0, -64.0, 105.0, -651.0, 2248.0, -62.0, -1742.0, 2442.0, -744.0, 35.0, 431.0, 1
518.0, 646.0, -124.0, -95.0, -43.0, -3467.0, 995.0, 421.0, -2214.0, 1819.0, 292.0, 639.0, -2206.0, -164.0, 1797.0, -938.0, -713.0, -776.0, 737.0, 351.0, 0
75.0, 1087.0, -1783.0, -224.0, -1639.0, -1758.0, 801.0, 501.0, 563.0, -1029.0, 3677.0, -132.0, -65.0, -1232.0, -3289.0, -3479.0, 3067.0, -3824.0, 2792.0, 28.0, 0
-494.0, 2009.0, 3856.0, 2549.0, -1062.0, 17.0, -1908.0, -4406.0, -138.0, -2361.0, 1309.0, -5.0, 459.0, -299.0, 1211.0, 552.0, 34.0, -1005.0, -2093.0, -65.0, 0
2731.0, -1552.0, -82.0, -2818.0, 2154.0, -479.0, 628.0, -95.0, 726.0, 142.0, -3396.0, 398.0, -506.0, -11.0, -1122.0, -1299.0, 3164.0, -1489.0, 2823.0, -312.0, 0
923.0, 721.0, 1056.0, -235.0, -18.0, 1477.0, 605.0, -785.0, 631.0, -1199.0, -1159.0, 1822.0, 647.0, -284.0, 69.0, 2041.0, -12.0, -762.0, 1394.0, 1019.0, 1
-1.0, 883.0, 366.0, 1154.0, -72.0, -146.0, 194.0, -515.0, 1429.0, 853.0, 237.0, 432.0, 882.0, 1574.0, -628.0, 1341.0, 1019.0, -23.0, 107.0, 1597.0, 1
122.0, -138.0, 666.0, 442.0, 1116.0, -324.0, -1329.0, 3239.0, 1371.0, 995.0, 267.0, 1319.0, 1984.0, -124.0, 105.0, 39.0, 489.0, -1971.0, 1432.0, 7.0, 1
-442.0, 1104.0, 649.0, -82.0, 1575.0, 2193.0, 582.0, -943.0, 1291.0, 944.0, 662.0, -302.0, -116.0, 284.0, -73.0, -964.0, 629.0, 572.0, 948.0, 1153.0, 1
476.0, -1089.0, -1922.0, -1862.0, -236.0, 403.0, -337.0, 443.0, -2877.0, 3966.0, -917.0, -2904.0, 2189.0, -285.0, -1361.0, -1964.0, 1389.0, 1242.0, -833.0, 1025.0, 0
-392.0, -232.0, -299.0, 1308.0, -2788.0, 1409.0, 1324.0, 773.0, -248.0, 1532.0, 1902.0, 235.0, -713.0, 1036.0, -354.0, 657.0, 1043.0, -592.0, 56.0, 78.0, 1
-194.0, 1621.0, 1415.0, -5.0, 289.0, 778.0, -19.0, -34.0, -1819.0, 169.0, 804.0, 294.0, 1429.0, 214.0, -1642.0, 114.0, 94.0, 1306.0, -22.0, -112.0, 1
-87.0, 1682.0, -1483.0, 474.0, 3302.0, 586.0, 1066.0, 1344.0, 2589.0, -59.0, 952.0, 54.0, 1645.0, 958.0, -2017.0, 1113.0, 931.0, 3664.0, -437.0, 1581.0, 1
-302.0, -21.0, -322.0, -1153.0, 553.0, -716.0, 832.0, -834.0, 1019.0, 635.0, 327.0, 618.0, 56.0, -1157.0, -278.0, 906.0, 954.0, -434.0, 1618.0, 2031.0, 1
178.0, -586.0, -1038.0, 653.0, 477.0, 681.0, 1146.0, 598.0, -242.0, 12.0, 1576.0, 1224.0, 1383.0, 94.0, -601.0, -695.0, 911.0, -39.0, 1103.0, 1937.0, 1
-935.0, -362.0, 1526.0, 611.0, 871.0, 2207.0, -686.0, -635.0, 132.0, -367.0, 2638.0, 833.0, 1624.0, 303.0, 1215.0, -185.0, -1193.0, 697.0, 1097.0, -222.0, 1
474.0, -672.0, -89.0, -894.0, 512.0, 437.0, -1056.0, -191.0, 1176.0, 2355.0, 1512.0, 2255.0, 276.0, 1973.0, 1096.0, -69.0, -963.0, 533.0, -486.0, -787.0, 1
-2572.0, 45.0, 1764.0, 2006.0, -1731.0, 64.0, -189.0, -1121.0, 23.0, 845.0, -58.0, 592.0, 376.0, -138.0, -388.0, 1953.0, 142.0, 36.0, -991.0, 962.0, 1
-223.0, 598.0, 632.0, 358.0, 2503.0, -22.0, 357.0, 625.0, 372.0, 1019.0, 471.0, 1447.0, 1233.0, 827.0, 2304.0, 129.0, 1599.0, 685.0, 1473.0, -601.0, 1
1573.0, 3718.0, 2281.0, 1695.0, 2893.0, 1942.0, -2441.0, 2801.0, 1814.0, 1792.0, -4688.0, 1676.0, 438.0, -51.0, 1277.0, 839.0, -1169.0, 1367.0, 2511.0, 1321.0, 0
47.0, -563.0, 813.0, 88.0, -277.0, 653.0, 255.0, 894.0, 2188.0, 1201.0, -1037.0, 64.0, 599.0, 87.0, -361.0, -1755.0, -515.0, 322.0, -984.0, 3.0, 1
-4222.0, -985.0, 1183.0, -71.0, -246.0, 2918.0, -226.0, 2071.0, -726.0, 408.0, -564.0, 1423.0, 292.0, 586.0, 2853.0, -1307.0, 249.0, 1441.0, 1675.0, 3492.0, 0
145.0, 206.0, -215.0, -15.0, 3169.0, -1056.0, 848.0, -824.0, -39.0, 1092.0, -1436.0, 3143.0, 2019.0, 2297.0, -1398.0, -185.0, 561.0, 1329.0, 712.0, 177.0, 0
-168.0, 374.0, -67.0, -379.0, 423.0, -519.0, 664.0, -503.0, -6591.0, -397.0, -4905.0, -3038.0, 981.0, 2576.0, -227.0, -32.0, -4053.0, -146.0, 1861.0, 2703.0, 0
-326.0, 561.0, 1653.0, 1212.0, -879.0, -386.0, -2392.0, 113.0, 986.0, -262.0, -2173.0, -1309.0, -581.0, 2979.0, -2303.0, 688.0, 1102.0, 2606.0, 847.0, 49.0, 0
13.0, 1765.0, 35.0, -968.0, -137.0, 536.0, -372.0, 1111.0, 752.0, -429.0, 1508.0, -29.0, 283.0, 1627.0, 647.0, 126.0, 2436.0, 374.0, -2102.0, -865.0, 1
-1031.0, 641.0, -381.0, 619.0, 778.0, -281.0, -226.0, -685.0, -119.0, 757.0, 1021.0, 2796.0, 31.0, 927.0, 2382.0, -21.0, 38.0, 1182.0, 174.0, 181.0, 1
-2548.0, 2014.0, 1977.0, -186.0, 1742.0, 1747.0, -2594.0, -3003.0, -905.0, 2864.0, 568.0, -4647.0, -976.0, 1734.0, -1251.0, -1967.0, -1874.0, -1132.0, -1829.0, -1375.0, 0
204.0, 1795.0, 1218.0, -1186.0, -2858.0, -1617.0, 586.0, -3304.0, -3188.0, 1284.0, -328.0, 1159.0, 3144.0, 145.0, 89.0, 2656.0, -1525.0, -238.0, 1542.0, 1822.0, 0
-15.0, 2234.0, -2193.0, -1905.0, -2167.0, -1396.0, -1206.0, 114.0, -869.0, -349.0, 298.0, -1335.0, 979.0, -2108.0, -1336.0, 1324.0, -1484.0, 2378.0, 1398.0, -2939.0, 0
-729.0, 961.0, -4548.0, -1395.0, 2742.0, -2434.0, 4237.0, 2935.0, -942.0, -385.0, 1692.0, 1724.0, -735.0, 1105.0, -1274.0, -313.0, -179.0, 862.0, 293.0, -967.0, 0
4535.0, 1862.0, -2404.0, 1733.0, -1747.0, -248.0, -738.0, 713.0, -1078.0, -164.0, 2061.0, -1515.0, 56.0, -2401.0, 1065.0, -1573.0, 1855.0, -295.0, -1174.0, 364.0, 0
1443.0, 1125.0, -559.0, 699.0, 606.0, 6.0, -49.0, -1296.0, 98.0, 751.0, 216.0, 72.0, -756.0, 1694.0, 1588.0, 1322.0, 1602.0, 977.0, 1315.0, 778.0, 1
-203.0, 2172.0, 134.0, -98.0, 51.0, 2044.0, 1249.0, -133.0, 1578.0, 229.0, -725.0, 576.0, -3918.0, 3132.0, -5717.0, -538.0, -773.0, -693.0, 2672.0, 952.0, 0
1076.0, -106.0, 1593.0, 1655.0, 1306.0, 1512.0, 1249.0, 1532.0, 977.0, 277.0, 972.0, 646.0, -1261.0, -193.0, 1697.0, -74.0, -1725.0, -7.0, 1777.0, -672.0, 1
1876.0, 1974.0, 846.0, 2186.0, 77.0, 342.0, 1003.0, 2375.0, 526.0, 1403.0, 805.0, 826.0, 81.0, 1414.0, 889.0, 1138.0, -67.0, 1271.0, 911.0, 316.0, 1
1177.0, 116.0, 744.0, 73.0, 2593.0, -1199.0, -89.0, 1378.0, -582.0, 53.0, 715.0, 74.0, 1073.0, 304.0, -33.0, 664.0, 2205.0, -514.0, -169.0, -401.0, 1
1195.0, 225.0, 2.0, 2029.0, -94.0, -196.0, -282.0, -521.0, -1822.0, 353.0, 3372.0, 395.0, 1513.0, 487.0, -3502.0, 711.0, -576.0, -579.0, -691.0, 1315.0, 0
1193.0, 811.0, 1139.0, -217.0, 236.0, 296.0, -335.0, 165.0, -405.0, 1006.0, 279.0, -1122.0, 688.0, 382.0, -587.0, 492.0, 2485.0, 721.0, 1947.0, 786.0, 1
175.0, -224.0, 2215.0, -145.0, -1046.0, 34.0, 132.0, 244.0, 927.0, -144.0, -573.0, 972.0, 1819.0, -7.0, 1135.0, 1024.0, 1384.0, 55.0, 49.0, 1383.0, 1
758.0, -161.0, 1676.0, -273.0, 348.0, 3785.0, 398.0, -511.0, 1926.0, -3236.0, 182.0, 1668.0, 197.0, 4139.0, -4847.0, -2793.0, 54.0, 309.0, -1418.0, 51.0, 0
-688.0, -316.0, -2237.0, 243.0, -746.0, 497.0, -1027.0, -1055.0, 1355.0, -2449.0, -2852.0, 201.0, -5099.0, 397.0, 7372.0, -2048.0, 1888.0, 2044.0, -2747.0, 727.0, 0
1791.0, -1538.0, -2303.0, -2008.0, 556.0, 149.0, -904.0, 642.0, -263.0, 2405.0, 2068.0, 3711.0, 299.0, -2154.0, -1064.0, 3176.0, -1367.0, -1825.0, -678.0, -1813.0, 0
838.0, -862.0, 587.0, 879.0, -73.0, 2348.0, -1367.0, -1126.0, 1101.0, 54.0, -263.0, 955.0, -326.0, 353.0, 1319.0, 1166.0, 342.0, 2125.0, -173.0, 813.0, 1
-408.0, 51.0, 539.0, 188.0, 1586.0, -238.0, 1483.0, -552.0, -306.0, 1169.0, 171.0, 888.0, 126.0, 2249.0, -253.0, 86.0, -441.0, -739.0, 406.0, -292.0, 1
-713.0, 1853.0, 336.0, 464.0, 1033.0, 1795.0, -1003.0, 1036.0, -848.0, -1587.0, 1789.0, 1541.0, -1072.0, 454.0, -132.0, -322.0, 238.0, 1027.0, -641.0, -848.0, 1
157.0, 503.0, 734.0, 178.0, -523.0, -1577.0, 2261.0, -499.0, 454.0, 2595.0, -107.0, 142.0, -6.0, 38.0, 971.0, 1245.0, 1278.0, 3896.0, -221.0, 468.0, 1
-619.0, -1166.0, 132.0, 59.0, 142.0, 1333.0, -752.0, 225.0, 749.0, 1051.0, -1252.0, -26.0, -322.0, 1126.0, 1912.0, 1065.0, 944.0, 188.0, 196.0, 1151.0, 1
1933.0, -625.0, 1094.0, -909.0, 2558.0, 232.0, 1956.0, -134.0, 568.0, 315.0, -8.0, -792.0, 765.0, -64.0, -235.0, 975.0, -11.0, 297.0, -12.0, 373.0, 1
-3753.0, -1059.0, 1082.0, -1063.0, -2585.0, 32.0, -464.0, 1205.0, 2242.0, -2352.0, -818.0, -504.0, 1578.0, -683.0, -1911.0, -2028.0, 2047.0, 2584.0, 2674.0, -622.0, 0
1374.0, 1139.0, 1646.0, 822.0, 1588.0, -1411.0, -835.0, 647.0, -48.0, 172.0, 996.0, 682.0, 996.0, 152.0, -415.0, 338.0, 2799.0, 993.0, 248.0, 934.0, 1
485.0, -1438.0, -951.0, 2662.0, -138.0, -1749.0, 695.0, 1277.0, 102.0, 1035.0, 773.0, -755.0, -235.0, -114.0, 1242.0, -2012.0, 83.0, 1186.0, 417.0, -978.0, 1
1968.0, 305.0, -2486.0, 566.0, -3646.0, -126.0, -988.0, 3071.0, -344.0, -5343.0, 604.0, 1738.0, -1241.0, 475.0, -51.0, -3235.0, 296.0, 1059.0, 1139.0, 4206.0, 0
2021.0, -999.0, -959.0, 1126.0, -2055.0, 124.0, -3909.0, 1961.0, 1466.0, 3178.0, -2295.0, 803.0, 334.0, -1101.0, 1152.0, 2042.0, -801.0, 16.0, -1367.0, -525.0, 0
928.0, -239.0, -1418.0, -562.0, -2359.0, -2622.0, 13.0, 182.0, -14.0, -192.0, -3937.0, -2107.0, -238.0, 331.0, 1724.0, 864.0, -1055.0, 1829.0, -3402.0, -1058.0, 0
-784.0, 563.0, -1207.0, -1969.0, 4384.0, 1896.0, -2704.0, 34.0, 661.0, -966.0, 83.0, 4231.0, 68.0, 13.0, -1245.0, -4062.0, 493.0, 481.0, -1616.0, 547.0, 0
2146.0, -1517.0, -205.0, 4399.0, 346.0, 816.0, 1308.0, -593.0, -59.0, 1206.0, -1315.0, -1497.0, 3031.0, -1462.0, -1506.0, -1902.0, 201.0, 1608.0, -2125.0, 233.0, 0
1546.0, -479.0, 231.0, 718.0, 1952.0, 217.0, 493.0, -373.0, 29.0, 646.0, 848.0, -273.0, 767.0, -317.0, 347.0, 1336.0, 1453.0, -472.0, -713.0, -383.0, 1
886.0, -742.0, 242.0, -97.0, -127.0, 423.0, -56.0, 175.0, -246.0, 331.0, 481.0, 1307.0, 373.0, -88.0, 1056.0, -2272.0, 757.0, 247.0, 169.0, -581.0, 1
896.0, 1146.0, 773.0, -744.0, 173.0, -7.0, 342.0, -544.0, -419.0, 1529.0, 17.0, -371.0, -1162.0, -225.0, -937.0, 248.0, -81.0, 1918.0, 575.0, 1189.0, 1
699.0, 1109.0, 2602.0, -462.0, -936.0, 39.0, 1198.0, 243.0, 573.0, -1568.0, 1804.0, -664.0, -1043.0, -15.0, 1646.0, 118.0, 1368.0, 1037.0, -285.0, -1348.0, 1
-165.0, 42.0, 42.0, 284.0, -568.0, 505.0, -237.0, 809.0, 1119.0, 1196.0, 2083.0, 21.0, -425.0, 1738.0, -345.0, 14.0, -454.0, -445.0, -354.0, -519.0, 1
821.0, 1417.0, 614.0, -64.0, -818.0, -982.0, -329.0, 615.0, 1396.0, 71.0, 1073.0, 964.0, -1276.0, -1185.0, -126.0, -166.0, 1121.0, 673.0, 848.0, 1622.0, 1
-399.0, -1453.0, 861.0, 89.0, -537.0, -201.0, -116.0, 904.0, -13.0, 1193.0, 831.0, 481.0, 452.0, -384.0, 896.0, 236.0, 2017.0, 2662.0, 714.0, 28.0, 1
2134.0, -0.0, 595.0, -1209.0, 1971.0, 232.0, -2337.0, 5226.0, 1664.0, 4202.0, -445.0, 684.0, -109.0, -495.0, -794.0, -1774.0, -634.0, 1435.0, -1761.0, -47.0, 0
1559.0, -1758.0, 3047.0, 1608.0, 1092.0, -222.0, -652.0, 224.0, 618.0, 822.0, -998.0, 2783.0, -388.0, -166.0, 4373.0, -327.0, 148.0, 898.0, -1236.0, -1726.0, 0
-3617.0, 313.0, -492.0, 1121.0, 1116.0, -3507.0, 1879.0, 98.0, -569.0, -2803.0, -1313.0, -856.0, -514.0, 2119.0, -213.0, -1049.0, 67.0, 424.0, 1654.0, 2625.0, 0
1697.0, 156.0, -1394.0, -673.0, -961.0, -1216.0, -224.0, 1975.0, 958.0, 244.0, 401.0, -273.0, 1122.0, -279.0, 823.0, 76.0, 15.0, 935.0, 634.0, 658.0, 1
68.0, -246.0, 312.0, 1291.0, -441.0, 465.0, 91.0, 506.0, 712.0, 1.0, 1488.0, 1025.0, -1163.0, 926.0, -262.0, -885.0, 801.0, 574.0, 491.0, 492.0, 1
-1887.0, -24.0, -49.0, 1494.0, 347.0, 1633.0, 848.0, 24.0, 589.0, 377.0, -1318.0, 1445.0, 746.0, 2033.0, -847.0, 1891.0, -575.0, 1595.0, 1159.0, -96.0, 1
-98.0, 2255.0, -387.0, 817.0, 1421.0, -2038.0, -685.0, -1115.0, 4227.0, -344.0, 464.0, 1728.0, 281.0, -2162.0, 3963.0, -243.0, -229.0, -2483.0, 35.0, -2365.0, 0
-216.0, 1289.0, -61.0, 531.0, -402.0, -1485.0, -73.0, 26.0, 2457.0, 2326.0, 888.0, 621.0, 976.0, -382.0, -928.0, 846.0, -441.0, -19.0, 582.0, -1916.0, 1
-1.0, 1372.0, -1134.0, -322.0, 1948.0, 1998.0, -999.0, -133.0, 39.0, 539.0, -1466.0, -844.0, 1358.0, -204.0, 1283.0, -1513.0, -384.0, 126.0, -73.0, 256.0, 1
-15.0, -1372.0, -1264.0, -1214.0, 88.0, -2961.0, 2987.0, 2036.0, 417.0, -3317.0, 3877.0, -134.0, 1148.0, 1284.0, -157.0, 3175.0, -34.0, 896.0, 904.0, -598.0, 0
-815.0, 4355.0, 3824.0, 1941.0, -6.0, 2052.0, -1501.0, 2458.0, -3368.0, 1766.0, -3611.0, 1217.0, -4308.0, -1742.0, 357.0, 1664.0, 113.0, 2541.0, -834.0, 268.0, 0
29.0, 1517.0, -89.0, 685.0, 291.0, 184.0, -981.0, 1138.0, -458.0, 1529.0, -683.0, -987.0, 86.0, 324.0, 1204.0, -43.0, 766.0, -636.0, 49.0, 776.0, 1
268.0, -1404.0, 4818.0, 3652.0, -114.0, -1337.0, -2117.0, -1946.0, 3183.0, 1692.0, -1492.0, 112.0, -4444.0, 1642.0, -38.0, 3892.0, 2838.0, -64.0, -188.0, 3339.0, 0
-1756.0, -2482.0, -1005.0, 1847.0, 1528.0, -645.0, -1749.0, -2.0, 1028.0, 3863.0, 1252.0, 957.0, -1136.0, -177.0, -2577.0, -1918.0, -272.0, -2044.0, -177.0, -1839.0, 0
314.0, 1277.0, 68.0, -121.0, -296.0, 1447.0, -13.0, 87.0, 1541.0, -1017.0, -1538.0, 156.0, 1085.0, -1799.0, 836.0, 175.0, -1041.0, 1273.0, -1163.0, 1789.0, 1
-721.0, -2524.0, 4202.0, 1635.0, -2864.0, -3862.0, -314.0, 412.0, 1225.0, 1312.0, -143.0, -224.0, 4599.0, 175.0, -2918.0, -1275.0, -463.0, 1399.0, -296.0, 1509.0, 0
-1162.0, 879.0, 2658.0, 177.0, 1372.0, -3511.0, 264.0, 779.0, -115.0, 99.0, 2905.0, 3751.0, -425.0, -638.0, 2076.0, -2697.0, 1846.0, 1444.0, -271.0, 2824.0, 0
1203.0, 1409.0, -2277.0, -1892.0, 1341.0, -155.0, -1235.0, -402.0, -1941.0, -1238.0, -639.0, -838.0, 4838.0, -2329.0, -1086.0, -1475.0, -2572.0, -2175.0, 695.0, -1813.0, 0
2056.0, 177.0, -686.0, -42.0, 784.0, 923.0, -643.0, 1706.0, 877.0, 126.0, 1648.0, -57.0, -37.0, 1804.0, 914.0, -746.0, 615.0, -1305.0, 1876.0, 1898.0, 1
2501.0, -2033.0, -1389.0, 3542.0, -972.0, 3853.0, 13.0, -1185.0, 664.0, 563.0, -1905.0, -259.0, 494.0, 84.0, 4584.0, 1187.0, -14.0, -1375.0, -195.0, 742.0, 0
1998.0, 492.0, -65.0, 254.0, -685.0, 1769.0, -393.0, 549.0, 21.0, -1885.0, 2179.0, 445.0, 1508.0, 1247.0, -831.0, -4492.0, 586.0, 1439.0, -666.0, 1538.0, 0
598.0, -125.0, -152.0, 253.0, 196.0, -1131.0, 592.0, 489.0, -68.0, 813.0, -234.0, 58.0, 615.0, 1033.0, 74.0, -724.0, -804.0, 2476.0, 1256.0, 153.0, 1
1531.0, -1405.0, 1192.0, 1335.0, 398.0, 1797.0, -131.0, 206.0, -414.0, 1205.0, 802.0, -171.0, 636.0, -1543.0, 266.0, 268.0, 38.0, -56.0, -212.0, -643.0, 1
2514.0, 1747.0, 4676.0, 658.0, 944.0, -41.0, 702.0, 997.0, -1988.0, 367.0, 2223.0, 2649.0, -1678.0, 877.0, 1567.0, 224.0, 3719.0, -2272.0, 522.0, -351.0, 0
-588.0, 2345.0, -1105.0, -364.0, 2832.0, 138.0, 1425.0, 882.0, 1056.0, 1584.0, 1728.0, 848.0, -42.0, 1543.0, 1492.0, 511.0, -765.0, -449.0, -1202.0, -88.0, 1
1834.0, -36.0, -1618.0, -3082.0, -2811.0, 846.0, 2622.0, 2774.0, -1206.0, 768.0, 1696.0, -32.0, -2628.0, 201.0, 752.0, 2793.0, -1542.0, -1864.0, 994.0, -1282.0, 0
3043.0, 88.0, 211.0, -5167.0, -2148.0, -812.0, -1236.0, 18.0, 907.0, -566.0, -2601.0, 502.0, -4796.0, 136.0, 4124.0, 99.0, 1613.0, 4085.0, 4074.0, 2354.0, 0
1379.0, 962.0, 1047.0, 1122.0, 943.0, 213.0, 401.0, 2241.0, 27.0, -173.0, 1557.0, -27.0, 847.0, 762.0, 2.0, 648.0, -1458.0, 857.0, -1712.0, 1316.0, 1
1274.0, 1355.0, -818.0, -63.0, 946.0, 251.0, -46.0, -658.0, 205.0, 1251.0, 955.0, -967.0, -83.0, 393.0, -393.0, -1339.0, -1349.0, 1821.0, -814.0, 248.0, 1
2346.0, 751.0, -1196.0, 94.0, 3146.0, -233.0, -2008.0, -1584.0, -126.0, 946.0, 3845.0, 62.0, 2677.0, 1754.0, 392.0, -2399.0, 2151.0, -634.0, 259.0, 1666.0, 0
2532.0, 1092.0, 1151.0, 1751.0, -2254.0, 1901.0, -3354.0, 62.0, -3078.0, 2667.0, 352.0, 63.0, 116.0, -664.0, -2356.0, -4818.0, 2013.0, -71.0, -1324.0, -3119.0, 0
2245.0, -235.0, 541.0, 1003.0, -241.0, -71.0, -748.0, 676.0, 256.0, 1706.0, -377.0, 1861.0, 62.0, 956.0, 1038.0, 1515.0, 1492.0, 1609.0, 487.0, -262.0, 1
156.0, -306.0, -83.0, -356.0, 1022.0, -778.0, 1342.0, 913.0, -1058.0, -469.0, 419.0, 2258.0, -766.0, 1656.0, 368.0, 67.0, 822.0, 608.0, -478.0, 1119.0, 1
-3211.0, 593.0, -766.0, -124.0, 2116.0, 865.0, 4467.0, 3315.0, -88.0, -282.0, -4507.0, -221.0, 2479.0, -2499.0, -1487.0, -1654.0, -952.0, -602.0, 224.0, 823.0, 0
25.0, -2672.0, -1076.0, 3456.0, -1023.0, 546.0, -4042.0, 841.0, 113.0, -263.0, 2328.0, 1651.0, -5411.0, -1895.0, -1832.0, 793.0, -646.0, 3965.0, -26.0, -1253.0, 0
94.0, 392.0, -1978.0, 4172.0, -51.0, -562.0, -14.0, 751.0, -679.0, -3439.0, -78.0, 1413.0, 3736.0, -55.0, -2703.0, 2237.0, 155.0, -1476.0, -398.0, 2975.0, 0
104.0, 1425.0, -1499.0, -1869.0, 987.0, 1609.0, -659.0, 1044.0, -4421.0, -1695.0, 1201.0, 926.0, 291.0, 2051.0, 1727.0, -12.0, 1706.0, -473.0, -297.0, 314.0, 0
-733.0, 687.0, 1903.0, -2844.0, 1424.0, 1447.0, 293.0, 3441.0, -4097.0, -2662.0, 444.0, 2677.0, 501.0, -503.0, 3803.0, -3815.0, -886.0, 1132.0, 1453.0, 3569.0, 0
-1396.0, 435.0, -9.0, -2453.0, 443.0, -1254.0, -2291.0, -66.0, -2416.0, 2466.0, 361.0, -685.0, -522.0, -1682.0, 1092.0, -7.0, 1079.0, 2318.0, 593.0, -734.0, 0
1253.0, -2143.0, -2496.0, -1399.0, 14.0, -1172.0, 186.0, -1241.0, 2244.0, -454.0, 1494.0, -1542.0, -2038.0, -1043.0, 198.0, 1015.0, -746.0, 323.0, -3822.0, -2654.0, 0
437.0, 308.0, 1941.0, -18.0, 918.0, 1009.0, 1341.0, 931.0, 1927.0, 777.0, 551.0, 1295.0, -238.0, 1758.0, 1236.0, 815.0, -406.0, 1568.0, 785.0, 722.0, 1
-524.0, -84.0, -218.0, 1711.0, -31.0, 692.0, 974.0, 1835.0, 134.0, 1011.0, -127.0, 816.0, 227.0, -309.0, 1844.0, -58.0, -249.0, 816.0, -1378.0, 2535.0, 1
933.0, -51.0, 307.0, 572.0, -721.0, -865.0, -945.0, 194.0, 2005.0, 149.0, -759.0, 579.0, 664.0, 19.0, 876.0, -132.0, -822.0, 1364.0, 514.0, 1385.0, 1
-1871.0, -1641.0, -1451.0, 723.0, 745.0, 784.0, 2298.0, 4085.0, 2534.0, 89.0, 934.0, -3753.0, -1553.0, -814.0, 81.0, -1817.0, 1497.0, -729.0, 1421.0, 1866.0, 0
489.0, 707.0, -1452.0, -1195.0, 757.0, 1051.0, 124.0, -614.0, -3157.0, 2227.0, 1148.0, -174.0, 1448.0, 2062.0, -3432.0, 2827.0, -405.0, 36.0, -1755.0, -7.0, 0
2131.0, 4217.0, 904.0, -1005.0, 508.0, -191.0, -776.0, -148.0, 1392.0, 93.0, 31.0, -255.0, -4048.0, 1087.0, -788.0, 7.0, 876.0, 1.0, -333.0, -2721.0, 0
-5.0, 154.0, -595.0, 32.0, 1195.0, 1034.0, -219.0, -922.0, -105.0, 45.0, 166.0, 1565.0, 951.0, -677.0, 516.0, 1169.0, 564.0, -942.0, -46.0, 67.0, 1
3212.0, 111.0, -1248.0, 1888.0, -165.0, -2.0, 1271.0, 333.0, 778.0, -25.0, 1316.0, -682.0, -1.0, -578.0, 1063.0, 1152.0, -1583.0, 121.0, -339.0, 1534.0, 1
-4234.0, -1738.0, 4514.0, 852.0, 591.0, 1147.0, -1462.0, -2355.0, -335.0, -1043.0, -3531.0, 1802.0, 1816.0, -807.0, -1314.0, 826.0, 3472.0, -1185.0, -478.0, -285.0, 0
-2182.0, 2997.0, -2311.0, -1048.0, -91.0, 398.0, 1131.0, -2027.0, -4039.0, -1769.0, 611.0, -2986.0, 904.0, -983.0, 503.0, -1404.0, 1699.0, -595.0, 2816.0, -456.0, 0
2937.0, 386.0, -1495.0, 1594.0, 166.0, 1529.0, -1593.0, 2191.0, -1508.0, 195.0, -1135.0, -4.0, -642.0, 2066.0, 119.0, 1397.0, -22.0, 299.0, 1255.0, 708.0, 1
1261.0, -1586.0, -149.0, -471.0, -321.0, 1942.0, 698.0, -382.0, -1012.0, -22.0, 764.0, -431.0, 1106.0, 1821.0, 1329.0, 1319.0, -1109.0, -1476.0, 491.0, -997.0, 1
371.0, 1042.0, 954.0, 238.0, -548.0, -1362.0, 2039.0, 2021.0, 106.0, 411.0, -186.0, 873.0, 1049.0, -27.0, 2554.0, -1399.0, 616.0, 1775.0, 66.0, -28.0, 1
1038.0, 434.0, 587.0, -825.0, 1389.0, 628.0, 942.0, 599.0, -262.0, 545.0, 663.0, 414.0, 838.0, -994.0, -181.0, -1238.0, 688.0, 55.0, -213.0, 2781.0, 1
1466.0, -2498.0, 535.0, -449.0, 555.0, -836.0, -592.0, 1159.0, -475.0, 753.0, 1572.0, 1427.0, 431.0, 33.0, 225.0, -1035.0, 402.0, 972.0, -904.0, 894.0, 1
-1147.0, -122.0, -2346.0, 587.0, -4418.0, -1346.0, -116.0, -3918.0, -778.0, -4773.0, 837.0, -2838.0, -3442.0, 1054.0, 363.0, 234.0, -1098.0, 3035.0, 105.0, -847.0, 0
3163.0, -1819.0, 1145.0, 1296.0, 651.0, 934.0, -632.0, 325.0, -107.0, -1881.0, 2476.0, 2088.0, -1186.0, 782.0, -1337.0, 2098.0, 1299.0, -2456.0, -49.0, -88.0, 0
2869.0, 263.0, 1815.0, 2663.0, 2546.0, -86.0, 1949.0, -754.0, 342.0, -248.0, -679.0, -1531.0, -2713.0, 1426.0, 1253.0, -2269.0, 3445.0, 436.0, 84.0, 121.0, 0
-878.0, -324.0, -4719.0, 2051.0, -385.0, 88.0, 512.0, -2829.0, 274.0, -2392.0, 2883.0, -582.0, 2113.0, 523.0, 426.0, 181.0, -1686.0, 2139.0, 2071.0, -335.0, 0
-2016.0, -1097.0, -843.0, 1645.0, -2298.0, 1855.0, 151.0, -1111.0, 815.0, -1382.0, -2409.0, 1776.0, 306.0, -1286.0, -1436.0, 698.0, 893.0, 2492.0, 2331.0, -517.0, 0
2.0, 133.0, 379.0, 102.0, 382.0, -1097.0, 23.0, -52.0, -127.0, 108.0, 118.0, -196.0, 2174.0, -347.0, -661.0, 333.0, 267.0, -714.0, -388.0, 1632.0, 1
209.0, 1144.0, 289.0, -454.0, 114.0, 1308.0, 1187.0, -964.0, 254.0, 79.0, 1884.0, -474.0, -329.0, -607.0, 172.0, 1193.0, 955.0, 14.0, 1816.0, -1664.0, 1
-66.0, 215.0, 1614.0, 622.0, 285.0, -174.0, -603.0, 1072.0, 1.0, 885.0, -532.0, 334.0, 1455.0, -1107.0, 139.0, 932.0, 1017.0, -61.0, -776.0, -431.0, 1
361.0, 21.0, 2008.0, 1883.0, -197.0, 1977.0, 2928.0, -2107.0, -1569.0, 2157.0, -924.0, -1138.0, -3042.0, 1569.0, 6348.0, -2022.0, -1754.0, -103.0, 2198.0, -787.0, 0
-277.0, -399.0, 2745.0, -1312.0, 1287.0, 458.0, 326.0, 528.0, 1183.0, 1414.0, -2288.0, -1242.0, -1529.0, 2203.0, -48.0, 1171.0, 1153.0, -2249.0, 107.0, -2024.0, 0
-326.0, 1438.0, -1559.0, 1196.0, 501.0, 39.0, 22.0, 734.0, 119.0, 461.0, 732.0, 19.0, 289.0, -419.0, 592.0, 52.0, 1823.0, -192.0, 1479.0, -847.0, 1
4297.0, 1232.0, 3682.0, 409.0, 1783.0, 1315.0, 1465.0, 51.0, 462.0, -206.0, 357.0, -365.0, 3283.0, -964.0, 428.0, -243.0, -666.0, 426.0, 977.0, 439.0, 0
1695.0, 456.0, 169.0, 403.0, -127.0, 494.0, 2596.0, -462.0, -1357.0, -1118.0, 1626.0, -603.0, -153.0, -5.0, 2006.0, 1404.0, 317.0, -201.0, 244.0, -885.0, 1
2332.0, 417.0, 1667.0, 532.0, -748.0, -468.0, 2349.0, 437.0, 1577.0, 105.0, 211.0, -76.0, 1062.0, -534.0, -188.0, -389.0, 1623.0, 1144.0, -1128.0, 281.0, 1
-1668.0, 1763.0, -925.0, -1586.0, 1897.0, 789.0, 2764.0, 711.0, 13.0, 3536.0, -844.0, -144.0, 1266.0, 1317.0, 1172.0, -2601.0, -1105.0, -1653.0, -23.0, -2764.0, 0
62.0, -4045.0, 39.0, 1204.0, -277.0, -625.0, -2433.0, -1926.0, 2806.0, 416.0, 1502.0, 2696.0, -1119.0, -1585.0, 571.0, -3302.0, -1594.0, -2875.0, -522.0, 1044.0, 0
-75.0, 1118.0, -288.0, 869.0, 1342.0, 1173.0, 71.0, 1027.0, -1778.0, 747.0, 2311.0, 1183.0, 175.0, -99.0, -255.0, 567.0, 266.0, -14.0, -1112.0, -1008.0, 1
-1968.0, -867.0, -185.0, 425.0, 1345.0, -1469.0, -311.0, 453.0, 1479.0, 128.0, -234.0, -3482.0, -4082.0, -1316.0, -667.0, -1017.0, 1288.0, 17.0, -147.0, -4591.0, 0
-2355.0, -2267.0, -818.0, 2288.0, -741.0, 1182.0, 106.0, 1783.0, -1773.0, 362.0, -2416.0, 127.0, 282.0, 568.0, -621.0, 596.0, -2727.0, -1085.0, 659.0, -899.0, 0
-1954.0, -969.0, 1148.0, 953.0, -2664.0, 1408.0, 1482.0, -568.0, -28.0, -1796.0, -3106.0, -408.0, -669.0, -1529.0, 1359.0, 1808.0, -1214.0, 586.0, -1421.0, 214.0, 0
-301.0, 1492.0, -1445.0, -196.0, 4197.0, 261.0, -897.0, 972.0, -672.0, 4408.0, 2494.0, 1915.0, -4885.0, 4249.0, -2635.0, 1444.0, -439.0, -1044.0, 84.0, -1401.0, 0
281.0, -3363.0, -23.0, 1755.0, 486.0, -2592.0, 1354.0, -262.0, -901.0, -192.0, 1743.0, 4177.0, -33.0, 708.0, -2271.0, 2036.0, -525.0, 5567.0, -245.0, 1489.0, 0
189.0, -3214.0, 1055.0, 2305.0, -1889.0, 57.0, -419.0, 339.0, -9.0, 2868.0, -83.0, -2741.0, -1469.0, -159.0, 2372.0, 22.0, 242.0, 2907.0, 34.0, -3568.0, 0
336.0, 185.0, 225.0, 14.0, 2218.0, 569.0, 185.0, 1149.0, 1344.0, -993.0, -1046.0, 19.0, 1504.0, 37.0, 245.0, 583.0, -445.0, -1072.0, 1652.0, 377.0, 1
-1176.0, -1451.0, -1226.0, 103.0, 1131.0, 882.0, -161.0, -223.0, 403.0, 63.0, 757.0, -438.0, 1344.0, -286.0, 9.0, 1068.0, 9.0, 1862.0, -297.0, -153.0, 1
-119.0, -1834.0, -3779.0, 1796.0, -1861.0, 2258.0, -1458.0, 589.0, -31.0, 1074.0, 2882.0, -2722.0, -3065.0, -2025.0, -379.0, 1698.0, -276.0, 996.0, 1456.0, -2892.0, 0
917.0, -1322.0, -397.0, 1255.0, 363.0, 1498.0, -536.0, -272.0, -957.0, 332.0, 72.0, -3045.0, -439.0, -66.0, -1506.0, -3389.0, 878.0, 728.0, 771.0, -611.0, 0
-75.0, 13.0, -146.0, 1339.0, -126.0, 2764.0, -2136.0, 1054.0, 1561.0, -1039.0, 117.0, 147.0, -4887.0, 1086.0, -1034.0, -1585.0, -3861.0, -1579.0, -2574.0, 3042.0, 0
2427.0, 1452.0, -749.0, 1406.0, 758.0, -1029.0, -2451.0, 68.0, 718.0, 1054.0, 1067.0, 717.0, -3473.0, 1458.0, -9.0, -1206.0, 2767.0, 385.0, 2566.0, -1848.0, 0
-2458.0, -554.0, 2377.0, -2245.0, -2651.0, -678.0, 4273.0, 72.0, -89.0, -807.0, -346.0, 4015.0, -156.0, -3368.0, -2276.0, -38.0, -524.0, -38.0, -184.0, 2337.0, 0
849.0, -357.0, 313.0, 416.0, -744.0, 1901.0, -2284.0, -533.0, 305.0, -294.0, 534.0, 666.0, -49.0, 927.0, 155.0, 1898.0, 2646.0, 314.0, 805.0, 634.0, 1
-3646.0, -794.0, -5281.0, 442.0, 1411.0, 169.0, 362.0, 215.0, -2386.0, 713.0, 538.0, -452.0, -1511.0, -1005.0, -1664.0, -1173.0, 2609.0, 2383.0, -1115.0, 3891.0, 0
721.0, 102.0, 172.0, 361.0, 278.0, -222.0, 249.0, -301.0, 562.0, -611.0, -2445.0, 1083.0, -49.0, -608.0, 751.0, 187.0, -47.0, -212.0, 2078.0, -806.0, 1
-3108.0, 2808.0, -1712.0, 4043.0, -177.0, 3925.0, 2395.0, -305.0, 1197.0, -3684.0, -174.0, 1005.0, 1141.0, -998.0, -2322.0, 2457.0, -2505.0, -6305.0, 133.0, -103.0, 0
1124.0, 1428.0, 1284.0, 783.0, 1215.0, 994.0, -2105.0, -193.0, 1084.0, 434.0, -73.0, 2282.0, 2788.0, -1066.0, 2204.0, -841.0, 537.0, -222.0, 1173.0, -233.0, 1
1787.0, 2827.0, 709.0, -1547.0, -454.0, -2834.0, -809.0, -1142.0, 3484.0, 8.0, 165.0, -869.0, -685.0, 1526.0, -1712.0, -359.0, 2.0, 27.0, -117.0, -2694.0, 0
-851.0, 832.0, -613.0, 668.0, 2308.0, 709.0, 1816.0, 1705.0, 369.0, -1242.0, -402.0, 934.0, 798.0, 212.0, 157.0, 374.0, 1581.0, 755.0, -71.0, -114.0, 1
1348.0, 1054.0, -86.0, 451.0, -447.0, 383.0, 718.0, 215.0, 1559.0, -553.0, 1411.0, 424.0, 2819.0, -922.0, 1633.0, 2543.0, 1743.0, 794.0, 691.0, 523.0, 1
-58.0, 567.0, -2336.0, 876.0, -92.0, 1204.0, -296.0, -87.0, 637.0, 2281.0, 385.0, 976.0, -507.0, 49.0, -232.0, 896.0, 355.0, -898.0, 728.0, 1878.0, 1
494.0, 2919.0, -575.0, 2438.0, 409.0, 755.0, 457.0, -2085.0, 1286.0, 2402.0, 1497.0, -1299.0, -3554.0, -3972.0, -145.0, 2404.0, 1965.0, -313.0, 2884.0, 575.0, 0
-101.0, -638.0, -2.0, 227.0, -316.0, 261.0, 691.0, 757.0, 198.0, 587.0, -1473.0, 764.0, 615.0, 648.0, 783.0, 1444.0, 363.0, 87.0, 123.0, -18.0, 1
-312.0, 121.0, 371.0, 2354.0, 683.0, 276.0, -1042.0, -1459.0, -1776.0, -1099.0, 211.0, 4509.0, -2852.0, 4803.0, 1148.0, 1327.0, -868.0, 4606.0, 2056.0, -2478.0, 0
2545.0, -706.0, -1641.0, -1612.0, -1.0, 742.0, 1461.0, 499.0, -1151.0, -2438.0, -1053.0, 239.0, 356.0, 1935.0, 3173.0, 218.0, -1186.0, -1486.0, 1234.0, 124.0, 0
196.0, 2325.0, -999.0, 1589.0, -645.0, -165.0, -42.0, -289.0, 1163.0, -953.0, 72.0, 135.0, 799.0, 717.0, 135.0, 1516.0, -1362.0, 11.0, 1115.0, -1305.0, 1
112.0, 1259.0, 4392.0, -2007.0, -493.0, -739.0, 1704.0, 1697.0, -209.0, 823.0, -1323.0, 1708.0, 844.0, 3659.0, 175.0, 1277.0, 1357.0, 951.0, 309.0, 1138.0, 0
-457.0, -22.0, -1986.0, -44.0, 1103.0, 649.0, -368.0, 1322.0, -1469.0, 213.0, -1385.0, 2825.0, -1336.0, -1242.0, -526.0, -448.0, 4334.0, -3182.0, -492.0, 488.0, 0
116.0, 1655.0, 633.0, 203.0, 429.0, 1777.0, 1356.0, 974.0, 2015.0, -466.0, 348.0, -44.0, 1227.0, 1761.0, -294.0, 1772.0, 498.0, 1608.0, -36.0, 347.0, 1
-203.0, 1708.0, 2037.0, -1523.0, 1455.0, 446.0, 1066.0, -1618.0, 2071.0, -17.0, -3657.0, 316.0, 908.0, -303.0, 2272.0, 109.0, 1577.0, 1437.0, 984.0, -17.0, 0
2311.0, 2018.0, 914.0, -866.0, 2368.0, 983.0, 1356.0, 1318.0, 341.0, -295.0, 1304.0, -205.0, 152.0, 639.0, 74.0, 811.0, -475.0, 9.0, 946.0, -456.0, 1
-3914.0, 366.0, 1208.0, -1348.0, 2246.0, -1918.0, 1776.0, 2306.0, 1754.0, 2098.0, -134.0, 2148.0, -537.0, -1765.0, -2351.0, 2337.0, 988.0, -4191.0, 3514.0, -2454.0, 0
375.0, 972.0, -1373.0, 701.0, 6333.0, 323.0, 537.0, -3774.0, 224.0, 4698.0, 266.0, 2897.0, -3667.0, -608.0, -266.0, -66.0, 815.0, 1014.0, 1069.0, 762.0, 0
-37.0, -213.0, -356.0, 365.0, 1616.0, -906.0, 184.0, -352.0, 1596.0, 412.0, -36.0, 734.0, 1464.0, -2242.0, -6.0, -236.0, 988.0, 235.0, -1039.0, 41.0, 1
-262.0, -393.0, 1793.0, 974.0, 2765.0, 2049.0, -34.0, -161.0, -859.0, 2714.0, -51.0, 189.0, -639.0, 703.0, -194.0, 347.0, 36.0, -74.0, 1788.0, 2686.0, 0
1862.0, 742.0, 119.0, -1491.0, 524.0, -313.0, -356.0, -619.0, 1007.0, -2225.0, 1117.0, -426.0, -1253.0, -2016.0, -2612.0, -207.0, -862.0, 2792.0, 559.0, -568.0, 0
22.0, -472.0, 2969.0, 772.0, 662.0, 153.0, 1539.0, 3223.0, 105.0, 666.0, 1736.0, 386.0, 186.0, 387.0, -1208.0, 447.0, 978.0, 1258.0, -374.0, -38.0, 1
-72.0, 1482.0, 1375.0, 343.0, 1904.0, 661.0, 609.0, 1123.0, 237.0, 1211.0, 294.0, -284.0, 13.0, 446.0, 295.0, 585.0, 1336.0, 623.0, 852.0, 379.0, 1
2384.0, -1367.0, 4718.0, 2534.0, 353.0, 3898.0, 3048.0, -901.0, -1768.0, 1812.0, 1497.0, -879.0, 4598.0, 1764.0, -933.0, -321.0, 2973.0, -2517.0, 91.0, -132.0, 0
702.0, 825.0, 1001.0, 304.0, -1335.0, 1718.0, 1422.0, 1155.0, -661.0, 2148.0, 86.0, -35.0, -735.0, -355.0, 647.0, -1194.0, 1298.0, 168.0, -157.0, 907.0, 1
809.0, -889.0, 468.0, 1408.0, -937.0, 435.0, 1556.0, 108.0, 616.0, 163.0, -298.0, 695.0, 2195.0, -1649.0, 61.0, 1189.0, 524.0, 687.0, -19.0, 364.0, 1
1881.0, 1378.0, -934.0, 1363.0, -266.0, 408.0, -2972.0, 368.0, -3.0, 154.0, -173.0, -2581.0, 1111.0, -42.0, 476.0, 426.0, 873.0, 144.0, 681.0, -365.0, 1
-2969.0, 3496.0, 585.0, -2227.0, -1109.0, 2377.0, 366.0, -281.0, 1525.0, 583.0, 328.0, -2681.0, -688.0, -282.0, -1268.0, 1956.0, 2284.0, 3659.0, -922.0, -326.0, 0
2755.0, -1797.0, 2617.0, -2788.0, 1414.0, 5347.0, 778.0, 314.0, 2226.0, -1641.0, 579.0, 1537.0, 234.0, 716.0, -1742.0, 244.0, -2708.0, -713.0, -1588.0, -1583.0, 0
-2372.0, 3318.0, -2133.0, 3504.0, 266.0, 578.0, 2961.0, -561.0, 1411.0, 993.0, -1473.0, -2125.0, -2534.0, -2251.0, 166.0, 1133.0, -773.0, 847.0, 457.0, 594.0, 0
42.0, 515.0, 1881.0, 3823.0, -968.0, -401.0, 2562.0, -1309.0, 828.0, 317.0, 358.0, -1985.0, -273.0, 61.0, 203.0, -438.0, -668.0, 651.0, -614.0, -395.0, 0
-2871.0, -1075.0, 753.0, 3436.0, 2008.0, 2069.0, 3703.0, 2796.0, -1422.0, -1293.0, -1688.0, 255.0, 79.0, 1218.0, -1795.0, -1078.0, 3906.0, -132.0, 2064.0, 1718.0, 0
1013.0, 325.0, 955.0, 1961.0, 1654.0, 245.0, -109.0, 73.0, 363.0, 1315.0, -2429.0, 599.0, -236.0, -1595.0, 793.0, 2127.0, -1992.0, 1712.0, 1578.0, 1332.0, 1
1048.0, -286.0, -22.0, -1782.0, -3793.0, 2012.0, -1442.0, 455.0, 684.0, -2505.0, -3609.0, 608.0, 747.0, 1106.0, -1566.0, 918.0, 44.0, 576.0, 1461.0, 2171.0, 0
-1328.0, 463.0, 1966.0, -338.0, -222.0, 795.0, -1488.0, 825.0, 442.0, 2601.0, 56.0, -102.0, -69.0, 1814.0, -3373.0, 1732.0, -183.0, -6.0, 125.0, 2445.0, 0
-1245.0, 52.0, 3303.0, -2329.0, -642.0, -1079.0, 228.0, 2252.0, -49.0, -1575.0, 5132.0, -977.0, -2019.0, -2705.0, -798.0, 2012.0, 843.0, -637.0, 1718.0, -2219.0, 0
1368.0, 43.0, 1591.0, 2085.0, 322.0, 146.0, 942.0, 115.0, 1262.0, 1194.0, 1061.0, 623.0, -562.0, 35.0, 2715.0, -186.0, 2389.0, 639.0, 26.0, -405.0, 1
-1036.0, 1632.0, 699.0, -519.0, 215.0, 1997.0, 967.0, 66.0, 517.0, 343.0, 1322.0, 2239.0, -81.0, 139.0, 2694.0, -1971.0, 2049.0, 162.0, 452.0, 373.0, 1
1685.0, -768.0, 119.0, 1084.0, 659.0, 1489.0, -1168.0, 1851.0, 1116.0, -503.0, 255.0, 808.0, 508.0, -523.0, 916.0, 941.0, -1202.0, 198.0, 865.0, -611.0, 1
388.0, -4.0, 2277.0, -1039.0, 728.0, 1017.0, -593.0, -1062.0, -442.0, -1006.0, 2602.0, -1365.0, 52.0, -28.0, 526.0, 639.0, 1997.0, 66.0, 921.0, -73.0, 1
-632.0, -523.0, -1289.0, 2503.0, -125.0, 1041.0, -366.0, -829.0, -852.0, 1368.0, 1611.0, 272.0, -1227.0, -1258.0, 1049.0, 1138.0, -999.0, -95.0, 564.0, 294.0, 1
-805.0, -793.0, 728.0, 394.0, 1125.0, 526.0, 596.0, 2622.0, 451.0, 1027.0, 161.0, 625.0, 792.0, 134.0, 3986.0, 2073.0, -54.0, 648.0, 806.0, 552.0, 1
846.0, 1713.0, -1017.0, -1954.0, -194.0, -517.0, -758.0, 334.0, 1661.0, 1294.0, 2667.0, 485.0, 539.0, 53.0, 1824.0, -283.0, -66.0, 805.0, -135.0, 1605.0, 1
1442.0, 1052.0, 84.0, -1007.0, -123.0, 799.0, 1046.0, 1718.0, 491.0, 571.0, 2038.0, -236.0, 519.0, 599.0, 1633.0, -2619.0, 1274.0, 89.0, -139.0, -1526.0, 1
-16.0, 77.0, -243.0, -7.0, 1287.0, 1141.0, -245.0, 1448.0, 1649.0, 1081.0, 561.0, -1561.0, -1121.0, 103.0, 329.0, -515.0, -136.0, 991.0, 2233.0, 1056.0, 1
-314.0, 1101.0, 631.0, 995.0, 548.0, 376.0, -74.0, 1421.0, 632.0, -73.0, -876.0, 115.0, 39.0, 672.0, 208.0, 624.0, -1408.0, -1517.0, 1472.0, 1707.0, 1
411.0, -152.0, -1294.0, 714.0, 221.0, -2694.0, -301.0, 954.0, -46.0, 265.0, 2084.0, 3927.0, 142.0, -2425.0, -89.0, -2592.0, -2495.0, 12.0, -701.0, -1345.0, 0
-286.0, 655.0, 706.0, 1383.0, 1818.0, 1874.0, 391.0, 568.0, 1429.0, 1285.0, 298.0, 2659.0, -1317.0, -305.0, -1066.0, 2884.0, 1447.0, 185.0, -366.0, 404.0, 1
191.0, -67.0, 1215.0, 224.0, 1069.0, -1437.0, -2.0, 1373.0, -511.0, -82.0, 657.0, -965.0, 2007.0, -651.0, 682.0, -193.0, -68.0, -619.0, 87.0, -26.0, 1
1844.0, 2379.0, 457.0, 199.0, -1918.0, -529.0, -1398.0, 104.0, -133.0, 283.0, 401.0, 2035.0, 42.0, 775.0, 299.0, 972.0, 324.0, -1016.0, 2489.0, -513.0, 1
94.0, 154.0, 1613.0, -408.0, 431.0, 327.0, 808.0, 2035.0, -87.0, -982.0, -175.0, -28.0, 688.0, -436.0, 996.0, 498.0, 255.0, 1908.0, -343.0, -162.0, 1
385.0, 327.0, -544.0, -412.0, -2402.0, -1714.0, -11.0, 146.0, 1942.0, 1745.0, -1433.0, 678.0, -2342.0, -185.0, -568.0, 4666.0, 416.0, -118.0, 769.0, 1019.0, 0
1868.0, 1034.0, -1097.0, 1445.0, -632.0, 1752.0, 179.0, 2288.0, 1596.0, 3184.0, -3119.0, -446.0, -1617.0, 1435.0, -337.0, -49.0, -1318.0, 1578.0, 1299.0, 558.0, 0
419.0, -227.0, 1513.0, 354.0, 1176.0, -104.0, 1308.0, 1224.0, 98.0, 1418.0, 248.0, 1508.0, 1607.0, 92.0, -1164.0, 888.0, 1552.0, 517.0, 1817.0, 1036.0, 1
-1832.0, 389.0, 1694.0, -231.0, 1695.0, -2256.0, 2584.0, 1446.0, 521.0, 366.0, -75.0, -2565.0, -498.0, -553.0, 1012.0, -1558.0, -396.0, 204.0, 947.0, 591.0, 0
1223.0, -583.0, 266.0, 378.0, -2243.0, -896.0, -13.0, -414.0, 1194.0, 2106.0, 2835.0, 338.0, 313.0, 1009.0, 935.0, 2536.0, -455.0, 1039.0, 795.0, 1998.0, 1
2863.0, 29.0, -297.0, 3888.0, -2109.0, -969.0, -164.0, -119.0, -3164.0, -1209.0, 1269.0, -892.0, 8.0, -1283.0, 262.0, -1956.0, -68.0, 4293.0, -1092.0, 2142.0, 0
-1292.0, -3502.0, 1566.0, 1207.0, -3905.0, -3452.0, 292.0, 1107.0, 1698.0, 3885.0, -1095.0, -154.0, -1927.0, 2475.0, 3704.0, -3016.0, 235.0, -1216.0, 1485.0, -2571.0, 0
-295.0, -466.0, -1647.0, 3492.0, -2011.0, -258.0, -681.0, -1802.0, -3267.0, -1445.0, -787.0, 3695.0, -497.0, 1708.0, 101.0, 1042.0, 4444.0, 1865.0, 107.0, -1879.0, 0
584.0, 1884.0, 424.0, 124.0, 1399.0, 969.0, 2194.0, -456.0, 247.0, 697.0, 637.0, -22.0, 155.0, 14.0, -1311.0, -1199.0, -303.0, 1182.0, 1408.0, -51.0, 1
1516.0, 1407.0, 25.0, -1032.0, -1657.0, 1451.0, -2051.0, 314.0, 2119.0, -5037.0, 711.0, -2674.0, 4425.0, 344.0, -5982.0, 1529.0, 515.0, -82.0, -4367.0, 261.0, 0
1105.0, -532.0, 2587.0, 1104.0, -178.0, 194.0, 416.0, 658.0, -447.0, 479.0, -796.0, -22.0, 2136.0, -221.0, 1211.0, -462.0, 2395.0, -485.0, 1884.0, 944.0, 1
4034.0, -2686.0, -931.0, 1355.0, -1358.0, 1235.0, 5883.0, -3423.0, -345.0, 151.0, 26.0, 948.0, 3435.0, 2256.0, -1919.0, 1178.0, 52.0, 621.0, -1609.0, 1627.0, 0
869.0, 1307.0, -4.0, -924.0, -516.0, -289.0, 2364.0, -1022.0, -909.0, 991.0, 1005.0, -589.0, -549.0, 284.0, 661.0, 3058.0, -1371.0, -752.0, 713.0, 932.0, 1
-2299.0, -1515.0, -1474.0, -1314.0, -108.0, 3415.0, 1718.0, -435.0, -231.0, 1582.0, -3543.0, -4803.0, 1057.0, 2002.0, 271.0, 2514.0, -3262.0, -2182.0, 1403.0, 308.0, 0
-893.0, 1556.0, 11.0, -163.0, 647.0, -271.0, -851.0, -79.0, 512.0, 1156.0, -31.0, 652.0, 661.0, -183.0, 92.0, -673.0, -255.0, 868.0, -21.0, 1168.0, 1
3347.0, 4302.0, -756.0, -135.0, -3.0, 358.0, 68.0, 887.0, -1101.0, 3601.0, 165.0, -1065.0, -2258.0, 49.0, 4371.0, -2411.0, 914.0, 2258.0, -336.0, 1782.0, 0
826.0, -1604.0, -265.0, 1286.0, -11.0, 484.0, -303.0, -181.0, -2712.0, -2184.0, 3069.0, -3374.0, 1919.0, -314.0, -233.0, 1418.0, 1546.0, -301.0, -4703.0, -412.0, 0
363.0, 1623.0, 1241.0, -15.0, -2079.0, -731.0, 2218.0, 651.0, 51.0, -54.0, -3057.0, -1748.0, -142.0, 2521.0, -1454.0, -1536.0, 1402.0, -116.0, 3512.0, -2517.0, 0
503.0, -228.0, -272.0, 82.0, -769.0, 555.0, 779.0, 901.0, 1126.0, -1225.0, 482.0, -1108.0, 1127.0, 1471.0, -39.0, -1337.0, 137.0, 149.0, -35.0, 1.0, 1
203.0, 302.0, 259.0, 1518.0, 1192.0, 926.0, -1232.0, -491.0, 1462.0, -1564.0, 575.0, -1458.0, 608.0, -992.0, 928.0, 606.0, 608.0, 1314.0, 2466.0, 1138.0, 1
1223.0, -572.0, -1026.0, 4532.0, -2171.0, -276.0, 1909.0, -1708.0, -1954.0, -3284.0, -2038.0, -1295.0, 13.0, -324.0, -1628.0, -424.0, 1182.0, -957.0, 5323.0, 3472.0, 0
-311.0, -1268.0, 1474.0, -893.0, -1837.0, 1098.0, 1071.0, 16.0, 1933.0, 772.0, 1674.0, -2548.0, -4513.0, -5078.0, -1195.0, -1205.0, -457.0, -117.0, 1236.0, -1565.0, 0
-467.0, -678.0, 43.0, 72.0, -9.0, 385.0, 805.0, 1317.0, 173.0, 4287.0, -158.0, -258.0, 1227.0, 1043.0, 1875.0, -632.0, 667.0, 1157.0, 2027.0, -672.0, 1
193.0, 456.0, 1496.0, -1398.0, -9.0, 2065.0, 456.0, 1469.0, 814.0, 1823.0, 0.0, 108.0, 1098.0, 454.0, -228.0, 719.0, -833.0, 32.0, 1256.0, 1791.0, 1
-338.0, 2012.0, -629.0, -139.0, 1094.0, 694.0, 91.0, -138.0, 1028.0, -96.0, 2913.0, 651.0, 212.0, 827.0, 2712.0, 1862.0, 1228.0, -367.0, 3.0, 187.0, 1
-206.0, 1691.0, 1538.0, 664.0, 995.0, -807.0, 957.0, 731.0, 573.0, 79.0, -1129.0, 606.0, 797.0, 545.0, -25.0, -124.0, 756.0, 48.0, 1337.0, 1004.0, 1
905.0, -1066.0, -964.0, 907.0, 828.0, -761.0, -99.0, -768.0, 7.0, 525.0, 1578.0, 3.0, 883.0, -458.0, 1712.0, 384.0, 931.0, 198.0, 318.0, -844.0, 1
1606.0, -707.0, -1472.0, -982.0, -475.0, 76.0, -53.0, 253.0, -466.0, 2145.0, 451.0, 7.0, -1068.0, 136.0, -169.0, -324.0, -145.0, 2289.0, 909.0, 894.0, 1
1552.0, 3413.0, -2859.0, 2538.0, -124.0, -1909.0, -2431.0, 1501.0, -3498.0, -417.0, -852.0, 3639.0, -24.0, 2041.0, -2225.0, 1152.0, -1169.0, 1324.0, -1989.0, 2678.0, 0
51.0, -2679.0, 2123.0, 2009.0, 4513.0, 1417.0, -126.0, 1539.0, -2527.0, 3343.0, -1082.0, -169.0, -1377.0, -1188.0, -2542.0, 264.0, 2316.0, -2814.0, -1257.0, 1495.0, 0
-1614.0, -445.0, -928.0, -373.0, 111.0, 496.0, 3429.0, -2565.0, 438.0, 3294.0, 428.0, 2322.0, 267.0, -1386.0, 1358.0, 703.0, -356.0, 1863.0, -429.0, 2689.0, 0
-156.0, 5.0, 81.0, 1953.0, 536.0, 1362.0, 2162.0, 2113.0, -629.0, 393.0, 234.0, 125.0, -431.0, 165.0, -33.0, 31.0, -1928.0, 246.0, 1791.0, -1407.0, 1
1.0, 1568.0, -813.0, 6161.0, -1826.0, 2638.0, 585.0, 2815.0, -2073.0, -1827.0, 696.0, -603.0, 194.0, 128.0, -565.0, -1711.0, 502.0, 548.0, -3049.0, -819.0, 0
-642.0, -984.0, 82.0, 407.0, 1524.0, 1886.0, 1946.0, -67.0, -1444.0, -44.0, -833.0, 248.0, 1367.0, -596.0, -147.0, -49.0, 1278.0, 698.0, -475.0, 2014.0, 1
-4826.0, -3846.0, -317.0, -1651.0, 1687.0, 3755.0, 384.0, 2137.0, 1647.0, -1254.0, -461.0, -5505.0, 3071.0, 1859.0, -144.0, -686.0, 2781.0, 472.0, -2239.0, 75.0, 0
284.0, -246.0, 2869.0, 2712.0, 1366.0, -36.0, 1464.0, -2417.0, 869.0, -89.0, 153.0, 3632.0, -2499.0, -1418.0, -462.0, -872.0, 1389.0, -1732.0, 1175.0, -2304.0, 0
-22.0, -138.0, 4086.0, -1307.0, 2182.0, 239.0, -802.0, 2995.0, 459.0, -1629.0, -1046.0, -927.0, 1806.0, -328.0, -1654.0, 2747.0, 2405.0, -56.0, 4099.0, -761.0, 0
-52.0, 27.0, 952.0, 1636.0, 571.0, -384.0, 993.0, 1722.0, 1331.0, 925.0, -387.0, -587.0, 2086.0, 533.0, 699.0, 935.0, 409.0, -106.0, -1185.0, 108.0, 1
-916.0, -1774.0, 2383.0, -1573.0, 65.0, -215.0, 114.0, -2254.0, 1018.0, 945.0, 2749.0, -1831.0, 133.0, 706.0, -1124.0, 1536.0, 1409.0, 111.0, 192.0, -26.0, 0
-2576.0, 105.0, -3624.0, 1685.0, -798.0, -3412.0, 2743.0, -498.0, -208.0, 2.0, -956.0, -1064.0, 1394.0, -2209.0, 327.0, -2003.0, 453.0, -734.0, -1193.0, -2778.0, 0
-156.0, 534.0, 47.0, -1264.0, -799.0, 241.0, -1589.0, 2717.0, -705.0, 5079.0, 163.0, -124.0, -3969.0, -195.0, -1446.0, 3118.0, 316.0, 93.0, 1599.0, -49.0, 0
61.0, -957.0, -925.0, -1534.0, -686.0, -1386.0, 105.0, 645.0, 426.0, 1503.0, -1083.0, 728.0, 1412.0, 216.0, -1901.0, -38.0, -4504.0, 2254.0, 336.0, -156.0, 0
-2192.0, -3485.0, 2466.0, 639.0, -1499.0, -1359.0, -124.0, 361.0, 175.0, -353.0, -1818.0, 349.0, -36.0, 1581.0, -361.0, 1865.0, -564.0, -2446.0, 1537.0, -565.0, 0
287.0, -1371.0, -253.0, 48.0, 11.0, 533.0, 1648.0, 1465.0, 351.0, -165.0, 363.0, 1739.0, -533.0, 1417.0, 24.0, 2044.0, 1651.0, 1077.0, 13.0, 1023.0, 1
1632.0, 545.0, 1392.0, 641.0, 834.0, 2102.0, 2404.0, 592.0, 12.0, 6.0, 1071.0, -84.0, 882.0, 19.0, 845.0, -618.0, -931.0, 2048.0, -357.0, 1351.0, 1
-3976.0, -1596.0, -83.0, 1314.0, 319.0, -562.0, -781.0, 807.0, -2153.0, 3013.0, 1102.0, 801.0, -1156.0, -76.0, -3613.0, -2484.0, -859.0, -915.0, -733.0, -1838.0, 0
2865.0, -488.0, 895.0, 1067.0, 129.0, 583.0, 1084.0, 1709.0, -122.0, 2522.0, -1766.0, -494.0, 857.0, -952.0, 95.0, 615.0, -838.0, 559.0, 1034.0, -508.0, 1
-511.0, 1381.0, -75.0, 31.0, 1061.0, 13.0, 1432.0, 236.0, 284.0, 1403.0, 704.0, 933.0, 3025.0, -1228.0, 1787.0, 723.0, 747.0, 2324.0, -382.0, 1363.0, 1
-1608.0, 1304.0, 102.0, -1068.0, -159.0, 189.0, 707.0, 1774.0, 907.0, 103.0, -2477.0, 96.0, -2091.0, 1412.0, 284.0, -1404.0, -2114.0, 1801.0, 1338.0, 2235.0, 0
1263.0, -3019.0, -469.0, -1787.0, -1815.0, 1993.0, -571.0, 1591.0, 209.0, -134.0, -308.0, 568.0, 5319.0, -885.0, 3643.0, -2031.0, 3084.0, -4458.0, 1153.0, -662.0, 0
738.0, 876.0, -1241.0, 1513.0, 1654.0, 638.0, -912.0, -381.0, -1074.0, 575.0, -936.0, 676.0, -1808.0, 1213.0, 2195.0, 594.0, 1942.0, 1657.0, 2673.0, -477.0, 1
2776.0, -2288.0, 452.0, 868.0, -2384.0, 353.0, 3308.0, 2395.0, 242.0, -341.0, -717.0, 1934.0, 1256.0, 1992.0, 2079.0, -1615.0, 1905.0, 1908.0, -794.0, 2095.0, 0
527.0, -536.0, -326.0, -2433.0, -1521.0, -49.0, -78.0, -5907.0, 1814.0, -3218.0, 218.0, 1048.0, 2292.0, 87.0, 3558.0, -769.0, -3267.0, -1542.0, -2373.0, -617.0, 0
2658.0, -247.0, 691.0, -422.0, -1184.0, -1225.0, 2557.0, -68.0, 1307.0, 918.0, 133.0, 919.0, -485.0, -981.0, 1745.0, -48.0, -155.0, 1203.0, -762.0, 1611.0, 1
-3327.0, -3722.0, -2106.0, -856.0, 213.0, -1373.0, -124.0, 2409.0, 1394.0, 1561.0, -2084.0, -1773.0, -85.0, -711.0, 2092.0, -4917.0, 1406.0, 1981.0, 178.0, -4539.0, 0
-622.0, -2068.0, 363.0, -2296.0, -989.0, 1443.0, 4694.0, 1204.0, 923.0, -1985.0, -2614.0, 2492.0, 4955.0, 95.0, -382.0, 144.0, 338.0, 2209.0, 1457.0, -1503.0, 0
-1201.0, 108.0, 772.0, -788.0, 305.0, 18.0, -527.0, 89.0, -441.0, 1521.0, 3108.0, 551.0, 1329.0, 848.0, 155.0, 365.0, 721.0, -368.0, 666.0, -357.0, 1
651.0, 82.0, 67.0, -13.0, -714.0, 136.0, 262.0, -657.0, -302.0, 1269.0, -1121.0, 1062.0, -56.0, -372.0, 275.0, 225.0, 804.0, 589.0, 1826.0, -1259.0, 1
2371.0, 738.0, 1165.0, 44.0, 1651.0, -307.0, 78.0, 112.0, -462.0, 575.0, 939.0, -536.0, -959.0, 54.0, -322.0, 247.0, 37.0, -344.0, 1367.0, -1119.0, 1
-125.0, -2477.0, 833.0, 2253.0, -287.0, -1318.0, 1691.0, -946.0, 1092.0, -1241.0, -1923.0, 1077.0, 174.0, -699.0, 1254.0, -4662.0, -3262.0, -963.0, -115.0, 265.0, 0
656.0, 1535.0, 1325.0, 701.0, -686.0, 2034.0, 1217.0, -509.0, 586.0, 526.0, 3341.0, 1054.0, 364.0, -306.0, 745.0, 2932.0, -481.0, 82.0, -1847.0, -495.0, 1
-144.0, -1659.0, -612.0, -88.0, 39.0, -2227.0, 1177.0, 799.0, -729.0, 369.0, 2363.0, 1625.0, 262.0, 1275.0, -1695.0, 1947.0, 934.0, 323.0, -101.0, 1726.0, 1
-12.0, 2723.0, 3026.0, -1738.0, -1991.0, 304.0, 579.0, 1225.0, 3352.0, -2304.0, -252.0, -1679.0, 156.0, 111.0, 2586.0, -416.0, 917.0, -3434.0, -907.0, -3872.0, 0
307.0, 906.0, 953.0, 1208.0, -205.0, 2079.0, -1034.0, 722.0, 91.0, 598.0, 646.0, 1375.0, 552.0, 1189.0, 1614.0, 485.0, 1004.0, -988.0, -404.0, -792.0, 1
-2311.0, 2468.0, 49.0, -947.0, 757.0, 327.0, -2746.0, -264.0, -688.0, 391.0, -324.0, 566.0, 229.0, 1533.0, 115.0, 1237.0, -3199.0, -1155.0, 331.0, -1672.0, 0
3093.0, -746.0, -1711.0, 553.0, 756.0, 269.0, 1116.0, 664.0, -2044.0, -2586.0, -36.0, 1748.0, -6.0, 2457.0, 2425.0, 2128.0, -1132.0, 1485.0, 1592.0, 2476.0, 0
863.0, 43.0, 1243.0, 1353.0, -1557.0, -299.0, -505.0, 765.0, -216.0, -603.0, 1883.0, -412.0, 727.0, -1421.0, 1381.0, 1789.0, 994.0, 121.0, 1347.0, 2393.0, 1
935.0, 912.0, -1075.0, -279.0, -1136.0, -2164.0, 77.0, 1741.0, 676.0, 282.0, -3865.0, -1709.0, 2682.0, -2162.0, 2951.0, -318.0, -362.0, 1039.0, 2022.0, -1522.0, 0
-2966.0, 22.0, -758.0, 334.0, -74.0, 11.0, -1012.0, 484.0, -786.0, -169.0, 1732.0, 3537.0, 308.0, -426.0, -1489.0, 105.0, 2201.0, 108.0, -805.0, 91.0, 0
-2135.0, -1459.0, 4328.0, -2066.0, -2062.0, 2472.0, -2041.0, -3363.0, -2811.0, 25.0, 74.0, 543.0, -1893.0, 3385.0, -1693.0, 3.0, 34.0, 116.0, -4178.0, 998.0, 0
1236.0, 2.0, -249.0, 373.0, 1538.0, -921.0, -341.0, 533.0, 469.0, 512.0, 344.0, 1174.0, 169.0, 145.0, -74.0, -211.0, 762.0, -439.0, -533.0, 176.0, 1
718.0, -5257.0, -1786.0, 2031.0, 472.0, 238.0, -2024.0, 354.0, -794.0, 2413.0, -1284.0, -112.0, -78.0, -24.0, -151.0, 513.0, -2406.0, 3286.0, -2169.0, 2844.0, 0
2667.0, 2435.0, -2925.0, -1513.0, 3429.0, -2041.0, -2234.0, 287.0, -373.0, -677.0, 3758.0, -93.0, -11.0, -1116.0, 1088.0, 2367.0, 1268.0, -139.0, 35.0, 2759.0, 0
823.0, 1245.0, 814.0, -255.0, 171.0, -51.0, -24.0, 1503.0, 976.0, 655.0, -722.0, 296.0, 35.0, 742.0, 1547.0, 2148.0, 185.0, 356.0, 1619.0, -647.0, 1
-1101.0, 991.0, 1324.0, -239.0, -2157.0, -4922.0, 1163.0, 1373.0, 2109.0, 36.0, 1415.0, 762.0, 912.0, 2434.0, -1817.0, 211.0, 2522.0, 1657.0, 4228.0, -1423.0, 0
1486.0, 2485.0, 725.0, 235.0, 976.0, 437.0, 788.0, 582.0, 869.0, -19.0, 112.0, 435.0, -878.0, 746.0, 46.0, 89.0, -452.0, -566.0, -144.0, 296.0, 1
212.0, -1054.0, 452.0, -2087.0, 1266.0, 1444.0, 566.0, 522.0, -89.0, 39.0, -1414.0, 725.0, 1214.0, 1597.0, -59.0, 2445.0, 681.0, -1068.0, -191.0, 12.0, 1
517.0, -514.0, -75.0, -5576.0, 298.0, 717.0, 1092.0, -1921.0, 2516.0, 3978.0, -383.0, 615.0, -1481.0, 1747.0, 963.0, 94.0, 102.0, -4574.0, -1306.0, 367.0, 0
4296.0, -492.0, -1172.0, 108.0, 255.0, 2181.0, -259.0, 4753.0, 125.0, -1502.0, 4956.0, 988.0, 247.0, 195.0, -1443.0, -552.0, -1256.0, 2514.0, -92.0, 1374.0, 0
8.0, 2886.0, -889.0, 486.0, 3455.0, 3113.0, -808.0, -766.0, -2418.0, 2396.0, -1263.0, 271.0, 2727.0, 231.0, 1784.0, 2655.0, -31.0, -2095.0, -2012.0, 793.0, 0
-955.0, 996.0, 673.0, -954.0, 165.0, 978.0, -51.0, 1988.0, -489.0, -611.0, 142.0, -319.0, 1031.0, -319.0, -771.0, 57.0, -76.0, 1544.0, 861.0, -515.0, 1
358.0, -1164.0, -1274.0, 1303.0, 2473.0, -605.0, -3874.0, 3328.0, -1556.0, 2528.0, 43.0, 5307.0, 1266.0, -3417.0, 2435.0, 856.0, -431.0, -1201.0, 2529.0, 1454.0, 0
1644.0, 881.0, -1006.0, 19.0, 529.0, 263.0, 898.0, -564.0, 1133.0, 454.0, -672.0, 162.0, -462.0, 1579.0, 1351.0, -477.0, -993.0, 299.0, -46.0, 72.0, 1
-555.0, 894.0, 453.0, -326.0, 1146.0, 1142.0, 727.0, 377.0, 1723.0, -693.0, -618.0, -47.0, -744.0, 386.0, 256.0, 6.0, -981.0, 1307.0, 1602.0, 1738.0, 1
3389.0, -122.0, 538.0, -2358.0, 444.0, -103.0, 167.0, -1286.0, 186.0, 45.0, 895.0, 118.0, 2853.0, 514.0, -288.0, -95.0, -1015.0, -201.0, -62.0, 1779.0, 0
-2892.0, 2466.0, 3306.0, 143.0, -2147.0, -879.0, -547.0, 479.0, -1272.0, -2095.0, -275.0, -4801.0, -84.0, -5154.0, 448.0, 5743.0, 1204.0, -19.0, 89.0, -2487.0, 0
496.0, 55.0, 1011.0, 646.0, -337.0, 241.0, 2025.0, -164.0, -2168.0, -309.0, 3701.0, 691.0, 1212.0, -445.0, 1996.0, 912.0, 949.0, -1149.0, -2276.0, -74.0, 0
2134.0, 1189.0, 2014.0, 391.0, 1146.0, -1693.0, -2431.0, -1079.0, -2014.0, -739.0, 3645.0, 701.0, -706.0, -2248.0, 2303.0, 239.0, -1029.0, 1995.0, 24.0, -58.0, 0
-1916.0, 5596.0, -4232.0, 2376.0, 1799.0, -3498.0, 1268.0, 1528.0, -233.0, 1369.0, 2537.0, 1955.0, -1212.0, 2551.0, -1872.0, 2683.0, 226.0, 1734.0, 309.0, 238.0, 0
34.0, 2444.0, -938.0, 82.0, -2156.0, 1996.0, 2638.0, -8.0, -3155.0, -1235.0, -2321.0, -2289.0, 1016.0, 11.0, -2005.0, 352.0, 117.0, -1326.0, 1643.0, 2692.0, 0
-64.0, -692.0, 1706.0, -253.0, -1448.0, -136.0, 874.0, 2019.0, 1798.0, -488.0, 807.0, 121.0, 65.0, -1336.0, -237.0, -997.0, 925.0, 952.0, -198.0, 378.0, 1
455.0, -277.0, 935.0, 16.0, 1358.0, 418.0, 1083.0, 1286.0, 403.0, 1029.0, 1327.0, 1641.0, 572.0, 1511.0, 1118.0, 1686.0, 1452.0, 2346.0, 932.0, -589.0, 1
733.0, 482.0, 1429.0, 1881.0, -1305.0, 53.0, 24.0, 501.0, -1726.0, 1448.0, 2442.0, 3854.0, -938.0, 4852.0, -3969.0, -1878.0, 904.0, -535.0, 432.0, -717.0, 0
96.0, 482.0, 528.0, 207.0, 17.0, -809.0, 1968.0, 515.0, 926.0, 1247.0, -588.0, 562.0, 1326.0, -918.0, -266.0, -36.0, 246.0, -852.0, 964.0, 611.0, 1
3917.0, -518.0, -1711.0, 72.0, 149.0, -933.0, -3521.0, -346.0, 2073.0, 199.0, -2776.0, 909.0, 372.0, 1696.0, -1317.0, 478.0, -3353.0, -1204.0, 1526.0, 1071.0, 0
-232.0, 1426.0, -163.0, 475.0, 1695.0, 3028.0, 1275.0, -504.0, -826.0, 81.0, -949.0, 482.0, 1461.0, 79.0, 266.0, 2479.0, 866.0, 1.0, -1078.0, -401.0, 1
-958.0, -597.0, 195.0, -38.0, 19.0, 114.0, 988.0, -2.0, 695.0, 1467.0, -1263.0, 946.0, 575.0, 2097.0, 1096.0, 1036.0, -1287.0, -832.0, -522.0, -583.0, 1
1029.0, -858.0, -1248.0, 2868.0, -1213.0, -547.0, -1134.0, -2759.0, 102.0, -1315.0, 3455.0, -4423.0, 1042.0, -1595.0, 1746.0, -1822.0, 314.0, 2417.0, 45.0, -313.0, 0
1654.0, -63.0, 1068.0, 427.0, -477.0, -667.0, 615.0, 882.0, 1556.0, 856.0, -18.0, -586.0, 643.0, 95.0, -533.0, -421.0, 1488.0, 317.0, -997.0, -64.0, 1
1022.0, -358.0, 883.0, 327.0, -436.0, -489.0, 2087.0, 13.0, 217.0, 354.0, 186.0, 1176.0, 345.0, 2629.0, 1288.0, 573.0, 722.0, 641.0, -562.0, -194.0, 1
-2617.0, 1149.0, 1906.0, -403.0, -2197.0, 3126.0, -1053.0, 822.0, 4094.0, 2583.0, 185.0, -6511.0, -414.0, 551.0, -274.0, -2809.0, 2725.0, 1113.0, -352.0, 87.0, 0
-1336.0, -79.0, 75.0, 3329.0, 116.0, -1285.0, -72.0, 1771.0, 1476.0, -255.0, 1484.0, 1074.0, -673.0, 1779.0, 1134.0, -611.0, 331.0, -48.0, 136.0, 1026.0, 1
1275.0, 1937.0, -2122.0, 724.0, -419.0, 196.0, 718.0, -2818.0, 2705.0, 814.0, 1035.0, 374.0, 457.0, 252.0, 415.0, -1103.0, 768.0, 949.0, -2068.0, 1857.0, 0
794.0, 227.0, -591.0, 1743.0, -1219.0, 318.0, 665.0, -973.0, 8.0, -1125.0, 984.0, 598.0, 7.0, 995.0, 1968.0, -294.0, 331.0, 1503.0, 805.0, 1423.0, 1
1174.0, 105.0, 142.0, 2423.0, 451.0, 115.0, 217.0, 21.0, -516.0, 1163.0, -92.0, 1052.0, 478.0, 169.0, 1234.0, 532.0, -565.0, 366.0, 1196.0, 655.0, 1
-3339.0, 1187.0, 4.0, 204.0, -3044.0, 1989.0, 53.0, 5.0, 2401.0, -1994.0, -1655.0, -3237.0, -268.0, 256.0, -658.0, -372.0, 2838.0, 2761.0, -236.0, 1204.0, 0
2.0, 355.0, 394.0, 689.0, 564.0, 1068.0, 915.0, -166.0, 1045.0, 2347.0, 174.0, 75.0, -124.0, 144.0, -257.0, -736.0, 75.0, 917.0, 1739.0, -778.0, 1
-433.0, 475.0, 1043.0, -232.0, -801.0, 1831.0, 1893.0, 982.0, 1085.0, -1231.0, -468.0, 2805.0, 222.0, -128.0, 623.0, 611.0, 988.0, -97.0, -248.0, 1129.0, 1
1539.0, 144.0, 1517.0, 184.0, -258.0, -973.0, 122.0, 424.0, -76.0, 595.0, 1274.0, 921.0, -187.0, 358.0, -818.0, 746.0, 1424.0, 32.0, 801.0, 585.0, 1
-1.0, 818.0, -7734.0, -107.0, -862.0, 21.0, -629.0, -532.0, -43.0, -1706.0, -1764.0, 1743.0, 1846.0, -314.0, -3017.0, 1204.0, 2764.0, -2582.0, 1152.0, -1274.0, 0
133.0, 854.0, -1306.0, 145.0, -154.0, 1667.0, -737.0, -2033.0, 475.0, 1696.0, -989.0, 59.0, -42.0, 1176.0, 1126.0, 556.0, 755.0, -78.0, 25.0, -516.0, 1
462.0, 2037.0, 289.0, 67.0, 522.0, -586.0, -103.0, 1214.0, 966.0, -452.0, 568.0, 1744.0, 499.0, -121.0, -1352.0, 62.0, 199.0, 1312.0, -344.0, 15.0, 1
291.0, 1311.0, -271.0, 1384.0, 1177.0, -216.0, -2426.0, 394.0, 987.0, -11.0, 448.0, -312.0, 112.0, -104.0, 7.0, 57.0, -1546.0, 1569.0, -1023.0, 1414.0, 1
-67.0, -305.0, 2139.0, 1222.0, -233.0, 1144.0, 4.0, 1581.0, -31.0, 545.0, 2232.0, 215.0, 1569.0, 37.0, 483.0, 1264.0, 54.0, -237.0, 1532.0, 1041.0, 1
-1056.0, 271.0, 1229.0, 291.0, 622.0, 588.0, 2038.0, 643.0, -35.0, 168.0, 1032.0, 926.0, 1391.0, 179.0, -379.0, 419.0, 293.0, -1126.0, 44.0, 2114.0, 1
1156.0, -958.0, 239.0, -251.0, 144.0, 598.0, 11.0, 67.0, 1305.0, -1426.0, 914.0, 755.0, 772.0, 189.0, -2253.0, 1892.0, -31.0, 189.0, 742.0, -711.0, 1
44.0, -78.0, 1453.0, 276.0, 1069.0, 1728.0, -2012.0, -563.0, -24.0, -318.0, 599.0, -2627.0, -1799.0, 2286.0, -403.0, 202.0, 1869.0, -3644.0, -413.0, 377.0, 0
32.0, 1948.0, -6.0, -162.0, 1884.0, 994.0, 985.0, -491.0, -142.0, -1752.0, -412.0, -3121.0, 833.0, -2606.0, 2951.0, -2663.0, -859.0, -4942.0, -2479.0, 746.0, 0
1277.0, -468.0, 1046.0, -173.0, 1732.0, -408.0, 964.0, -1412.0, -161.0, 161.0, 1166.0, 958.0, -771.0, 1077.0, 1708.0, 1589.0, 1636.0, 268.0, 254.0, 893.0, 1
1913.0, -7.0, -45.0, 767.0, -215.0, -24.0, -136.0, -825.0, 1126.0, 836.0, -51.0, 538.0, 1358.0, 1034.0, -2357.0, -36.0, 243.0, 478.0, -42.0, -602.0, 1
-1811.0, -208.0, 554.0, 3458.0, 3417.0, 2114.0, -1309.0, 208.0, -1798.0, -1967.0, 845.0, 134.0, 567.0, 1444.0, 2354.0, -655.0, 2436.0, 1082.0, -1135.0, 5442.0, 0
1722.0, 1326.0, 85.0, 179.0, -478.0, 919.0, -134.0, 1045.0, -623.0, 27.0, -463.0, 2235.0, 625.0, 633.0, -93.0, 751.0, -215.0, 1872.0, 24.0, 681.0, 1
-2094.0, -1208.0, -1643.0, 2028.0, 822.0, -608.0, 825.0, 4697.0, -345.0, -1645.0, -4202.0, 52.0, 233.0, 2699.0, -2178.0, 208.0, 2823.0, -18.0, -6.0, 627.0, 0
784.0, 554.0, 614.0, 1632.0, 615.0, -947.0, 252.0, 1681.0, 52.0, -53.0, 132.0, -82.0, 1098.0, 1617.0, 317.0, 261.0, 1651.0, -515.0, 68.0, -25.0, 1
1143.0, 1714.0, 1181.0, 1717.0, -792.0, 499.0, 228.0, 594.0, 143.0, 265.0, 2438.0, 803.0, 401.0, 508.0, 2786.0, -1124.0, 1189.0, 1388.0, 228.0, 757.0, 1
188.0, 5105.0, -2903.0, -856.0, 1735.0, -159.0, -1862.0, 8.0, 961.0, -424.0, 5058.0, 805.0, 1572.0, 71.0, -1909.0, 465.0, 1296.0, -843.0, -3244.0, 1203.0, 0
1206.0, -1782.0, -2389.0, -666.0, -1332.0, -2605.0, -1112.0, 2663.0, 2777.0, -2353.0, -2429.0, -1079.0, -3268.0, 206.0, -1644.0, 3509.0, 1309.0, 2529.0, 1053.0, 1005.0, 0
-92.0, 413.0, 1029.0, -2225.0, -3468.0, -1266.0, 2521.0, 303.0, 1549.0, 1796.0, 1844.0, -2105.0, 1647.0, 1142.0, -1018.0, 3216.0, 275.0, -1602.0, -987.0, 2801.0, 0
893.0, -1988.0, 3.0, -193.0, -1294.0, 1798.0, -1236.0, -1632.0, -2692.0, 3627.0, 508.0, -1394.0, -2127.0, 181.0, -2463.0, 284.0, -1034.0, 137.0, 748.0, -1644.0, 0
136.0, 1144.0, 997.0, 666.0, 35.0, 711.0, 1705.0, -32.0, 742.0, 16.0, 104.0, 299.0, 645.0, 1894.0, 794.0, 1537.0, 555.0, -1078.0, -324.0, 959.0, 1
-545.0, 162.0, -268.0, 518.0, 1139.0, 1496.0, 2.0, 397.0, -466.0, 767.0, 303.0, 1532.0, -723.0, -708.0, -1337.0, 21.0, -539.0, 1017.0, -628.0, -218.0, 1
346.0, 1043.0, -267.0, 294.0, 85.0, -88.0, -93.0, -9.0, 436.0, 2462.0, -129.0, 377.0, 116.0, -299.0, -344.0, 112.0, 1871.0, -566.0, -126.0, 385.0, 1
2546.0, 184.0, 1322.0, 1081.0, 1774.0, 152.0, -189.0, -1078.0, 82.0, 746.0, 1008.0, 1874.0, 198.0, 1802.0, -791.0, 1758.0, -915.0, 1582.0, -409.0, 1363.0, 1
281.0, 68.0, -254.0, 2135.0, -3045.0, 126.0, 3334.0, 1789.0, 58.0, -517.0, -585.0, -588.0, 4474.0, -1043.0, 566.0, 2064.0, -2622.0, -1402.0, 1589.0, -13.0, 0
-1556.0, -1035.0, 2532.0, -413.0, -225.0, 644.0, 226.0, 1436.0, -68.0, 669.0, 251.0, -1238.0, 1109.0, 551.0, 136.0, 186.0, -122.0, -708.0, 2164.0, -576.0, 1
-1702.0, -861.0, -1305.0, 691.0, 192.0, -198.0, -4849.0, -303.0, -692.0, 1952.0, 314.0, 1676.0, 1581.0, 47.0, -1604.0, 202.0, 3139.0, 1759.0, 2123.0, 86.0, 0
-1631.0, 275.0, 232.0, 583.0, -1908.0, -114.0, 1465.0, -1763.0, 1697.0, -142.0, 954.0, -1943.0, 715.0, 833.0, 554.0, -371.0, 536.0, 824.0, 1191.0, 196.0, 1
22.0, -112.0, 1586.0, -1189.0, -925.0, 5.0, 505.0, 1135.0, -6279.0, 1411.0, -1848.0, 208.0, 401.0, -968.0, 1545.0, -253.0, -1417.0, 283.0, 461.0, -485.0, 0
3359.0, 1919.0, -221.0, 1448.0, 3904.0, -1423.0, -357.0, 2919.0, -1834.0, -35.0, -252.0, 1311.0, 3597.0, 1745.0, -257.0, 4072.0, 863.0, -1732.0, -4272.0, 3558.0, 0
182.0, -1012.0, 148.0, -474.0, 593.0, 1482.0, 549.0, -477.0, -185.0, -1537.0, -224.0, 142.0, -449.0, 447.0, -1315.0, 2172.0, 1794.0, -73.0, 226.0, -301.0, 1
836.0, -307.0, 834.0, 1166.0, -89.0, -885.0, 1174.0, -75.0, 112.0, -638.0, 8.0, 1611.0, 303.0, -15.0, -849.0, 1055.0, -158.0, 211.0, -314.0, -628.0, 1
-866.0, -19.0, 1287.0, 844.0, -169.0, -1094.0, 188.0, 62.0, 249.0, 902.0, 468.0, 1407.0, 712.0, -359.0, 497.0, 129.0, -1873.0, 1195.0, -878.0, -56.0, 1
1818.0, -663.0, 1595.0, -925.0, -4991.0, 1305.0, 1836.0, 172.0, -785.0, -2142.0, 1064.0, -1362.0, -1201.0, -82.0, 3957.0, -162.0, 2339.0, 1436.0, 2586.0, -1406.0, 0
1319.0, -865.0, -29.0, -328.0, -159.0, -285.0, 1553.0, 1385.0, 2023.0, -598.0, 356.0, -452.0, 1561.0, -1032.0, 36.0, 443.0, -612.0, 182.0, 2281.0, -1052.0, 1
589.0, 1855.0, -787.0, -648.0, 2448.0, -5.0, 305.0, 417.0, -149.0, -2422.0, -986.0, -145.0, 244.0, -86.0, 1578.0, 134.0, 1517.0, 2239.0, -72.0, 2938.0, 0
1561.0, -1705.0, -2991.0, 1388.0, 3294.0, -266.0, -1666.0, 53.0, 2193.0, -2121.0, -1088.0, 34.0, 881.0, 312.0, 374.0, -3425.0, -161.0, -2637.0, -2868.0, -1438.0, 0
778.0, 88.0, -823.0, 335.0, 88.0, -211.0, 1238.0, 899.0, 1537.0, 1883.0, 316.0, 212.0, -68.0, 39.0, 2.0, 139.0, -86.0, 151.0, 1354.0, 737.0, 1
-2909.0, 545.0, 1367.0, -122.0, -1809.0, -401.0, 2103.0, 164.0, 1914.0, -4701.0, -317.0, -2413.0, -302.0, 1628.0, -961.0, -2109.0, 3626.0, -1083.0, 379.0, -3597.0, 0
83.0, -2054.0, 2193.0, 522.0, -1675.0, 2126.0, 1981.0, 53.0, 1966.0, -5906.0, -2552.0, -41.0, 82.0, -2544.0, 1556.0, 689.0, -43.0, -299.0, -152.0, 2645.0, 0
-3591.0, 1402.0, -3016.0, 734.0, 406.0, -208.0, 524.0, -3283.0, 3184.0, 1701.0, -3306.0, -761.0, 887.0, -1574.0, -1118.0, 581.0, 335.0, -1876.0, -361.0, 3086.0, 0
21.0, 464.0, 1109.0, 966.0, 2587.0, -622.0, -1248.0, 1021.0, 27.0, 303.0, 2058.0, 1477.0, -33.0, 1216.0, -29.0, -539.0, 63.0, 75.0, 715.0, 1274.0, 1
2097.0, -2031.0, -74.0, 1296.0, 1895.0, -101.0, 539.0, 229.0, 265.0, -118.0, -666.0, 377.0, 809.0, -804.0, 359.0, 835.0, 166.0, -966.0, -2203.0, 2387.0, 0
139.0, -17.0, -376.0, 956.0, -425.0, 493.0, -38.0, -336.0, 966.0, 642.0, -2307.0, 116.0, -1475.0, 1114.0, -131.0, -112.0, -338.0, 16.0, 579.0, -833.0, 1
-2511.0, 487.0, 386.0, 1098.0, -2314.0, 1354.0, 607.0, 46.0, -1189.0, 7.0, -327.0, 3079.0, 1125.0, 461.0, 459.0, -4.0, 1435.0, 1437.0, -1185.0, -2695.0, 0
1199.0, -404.0, -593.0, 1852.0, -237.0, 1394.0, -348.0, 803.0, -986.0, -964.0, 569.0, -284.0, -767.0, 512.0, 161.0, 2132.0, 947.0, 178.0, 246.0, 137.0, 1
1194.0, 81.0, 1673.0, 246.0, 423.0, 175.0, 1428.0, 2082.0, 54.0, 1753.0, 798.0, -274.0, 543.0, 932.0, 371.0, 433.0, 997.0, 1276.0, 658.0, -37.0, 1
1464.0, -178.0, 123.0, 1324.0, 1086.0, 1385.0, -199.0, 133.0, -1179.0, -546.0, 1477.0, 416.0, -448.0, 117.0, 174.0, -236.0, 607.0, -443.0, 3362.0, 13.0, 1
-4556.0, -2353.0, -1977.0, 499.0, 3215.0, 5307.0, 1052.0, -2622.0, 1091.0, -2014.0, -3455.0, 862.0, 5145.0, 49.0, -1668.0, 433.0, -1868.0, 3643.0, 2185.0, -1539.0, 0
773.0, 1574.0, 579.0, 914.0, 1523.0, -676.0, 869.0, -883.0, 908.0, 417.0, 739.0, 28.0, 65.0, 738.0, 81.0, 1087.0, 2082.0, 159.0, 1284.0, 1479.0, 1
-3433.0, -26.0, -2282.0, -1293.0, -808.0, 1094.0, -1639.0, 1081.0, 3273.0, 1325.0, 1795.0, 1257.0, -2198.0, 2012.0, 1121.0, -212.0, 3843.0, -468.0, -2148.0, -1643.0, 0
-126.0, -467.0, 1363.0, 559.0, 1095.0, 642.0, 2712.0, -86.0, 605.0, 141.0, -822.0, 137.0, 171.0, 386.0, 2.0, 2152.0, 202.0, 606.0, -55.0, 2075.0, 1
551.0, 695.0, -1284.0, -1552.0, 68.0, 1229.0, 2648.0, 473.0, 1704.0, 687.0, -173.0, 879.0, -661.0, 592.0, 2085.0, 712.0, 182.0, 1315.0, 114.0, -959.0, 1
2064.0, -4031.0, 3851.0, 1228.0, -899.0, -2033.0, 577.0, -369.0, -3197.0, 2751.0, 2752.0, -96.0, 246.0, -1797.0, -1784.0, -423.0, -198.0, 2736.0, -1721.0, 176.0, 0
-4.0, 3552.0, -2855.0, 1805.0, 1663.0, 486.0, 1785.0, -29.0, -688.0, 2572.0, -37.0, 3324.0, -4014.0, -506.0, -2871.0, -798.0, -234.0, -147.0, 703.0, 192.0, 0
516.0, 714.0, 183.0, -204.0, 41.0, 1136.0, 395.0, 111.0, 815.0, 1702.0, 2331.0, 62.0, 1338.0, -919.0, -627.0, 415.0, 364.0, 2429.0, 1778.0, 671.0, 1
-1328.0, 56.0, 512.0, -1053.0, 384.0, 1544.0, 1367.0, 914.0, -615.0, 382.0, 2999.0, 37.0, 644.0, 1347.0, 1641.0, 219.0, 1564.0, 222.0, -384.0, -825.0, 1
1985.0, -284.0, 1637.0, -159.0, 2208.0, 1611.0, 1155.0, -335.0, 1981.0, 704.0, 887.0, -218.0, 147.0, 651.0, -159.0, 983.0, -943.0, 1276.0, -73.0, 335.0, 1
-1826.0, 2761.0, 2145.0, 11.0, -117.0, -154.0, -3845.0, -2967.0, -675.0, 349.0, 4973.0, 4176.0, 1892.0, -568.0, 947.0, -563.0, -2553.0, 1024.0, 888.0, 4598.0, 0
562.0, 1082.0, -15.0, -1095.0, 795.0, 1506.0, 382.0, 3566.0, -3498.0, -1284.0, -2015.0, 1914.0, -1606.0, 127.0, 2887.0, -1523.0, 2402.0, 495.0, -2991.0, 2406.0, 0
526.0, -198.0, -39.0, 7097.0, 3069.0, -565.0, -322.0, -2747.0, 3875.0, 128.0, -557.0, -173.0, -1559.0, 1072.0, 11.0, 1253.0, -926.0, 2226.0, 385.0, -1751.0, 0
958.0, -1288.0, -218.0, 25.0, -274.0, 214.0, 2218.0, -382.0, 1362.0, 998.0, -1291.0, -275.0, 1148.0, -396.0, 1212.0, -629.0, 2523.0, -192.0, 279.0, 227.0, 1
-328.0, 3018.0, 732.0, 25.0, -494.0, -24.0, 813.0, 16.0, -691.0, -3828.0, 2718.0, -504.0, -1542.0, 175.0, 1714.0, -848.0, 515.0, -3141.0, 1691.0, 104.0, 0
-1226.0, 1218.0, 1823.0, -358.0, -712.0, -151.0, 813.0, -119.0, 1176.0, 56.0, -1267.0, -936.0, 2482.0, -232.0, 717.0, -516.0, 1534.0, -622.0, -688.0, -1728.0, 1
3665.0, -101.0, 3586.0, -3273.0, -883.0, 1969.0, 3463.0, -2829.0, 493.0, -778.0, 2228.0, -2494.0, 1911.0, -4267.0, 712.0, 1658.0, 1083.0, -2565.0, -1546.0, 2551.0, 0
-381.0, -636.0, -1451.0, -4459.0, 1816.0, 1831.0, -425.0, -232.0, -1304.0, -855.0, 2502.0, -5278.0, -1386.0, 2477.0, 82.0, 1232.0, -866.0, 81.0, -13.0, -1935.0, 0
1702.0, 2027.0, 148.0, 1136.0, 1598.0, 539.0, 1441.0, 1083.0, 276.0, 1263.0, -496.0, 1359.0, 1328.0, -399.0, 562.0, 378.0, 1268.0, -794.0, 128.0, 32.0, 1
-861.0, -105.0, -579.0, -761.0, 1505.0, 62.0, 357.0, 1948.0, -385.0, 1091.0, -61.0, 92.0, 328.0, -397.0, -274.0, -247.0, 1468.0, 13.0, -147.0, 1484.0, 1
-675.0, 952.0, 1569.0, 43.0, 1435.0, -1279.0, 803.0, 408.0, 1724.0, 336.0, 2319.0, 107.0, 484.0, 3224.0, 75.0, 3095.0, 454.0, 21.0, 2294.0, 709.0, 0
303.0, 648.0, 2503.0, 803.0, 239.0, -752.0, -2127.0, -7.0, 1094.0, 3476.0, -62.0, 1376.0, 1364.0, -135.0, -73.0, 751.0, -692.0, 137.0, 397.0, 1299.0, 1
159.0, -1126.0, 672.0, 855.0, 24.0, -1532.0, -14.0, -89.0, 618.0, -446.0, -656.0, 2003.0, -106.0, 1026.0, 865.0, 1181.0, -692.0, -146.0, -1646.0, 1099.0, 1
2004.0, 1137.0, -162.0, -332.0, 1495.0, 525.0, 65.0, 1328.0, 513.0, 1968.0, 1014.0, 611.0, 428.0, 3043.0, 304.0, -98.0, 68.0, 1206.0, 916.0, 119.0, 1
-1.0, 863.0, 2094.0, 1765.0, 752.0, 1396.0, 137.0, 638.0, 1374.0, -457.0, 692.0, 458.0, 1215.0, 186.0, 1276.0, -1297.0, -834.0, -1136.0, -192.0, -351.0, 1
169.0, 784.0, 7.0, 496.0, 1489.0, -526.0, -102.0, -487.0, -989.0, 2396.0, 1276.0, -17.0, -1.0, -431.0, 1151.0, -139.0, 2142.0, 1284.0, 1323.0, -119.0, 1
-308.0, 1495.0, 13.0, -1076.0, 2636.0, 1945.0, 2.0, 2072.0, -3807.0, -2196.0, 104.0, -552.0, 576.0, -4059.0, -503.0, -977.0, 1378.0, 3652.0, -8.0, -1985.0, 0
57.0, -574.0, 1269.0, 17.0, -476.0, -533.0, 171.0, 2491.0, 1716.0, 1859.0, -2936.0, 1083.0, -838.0, -577.0, -1223.0, 435.0, 3362.0, -778.0, 715.0, 211.0, 0
1075.0, -207.0, -665.0, 967.0, 664.0, -1454.0, -302.0, -535.0, -372.0, -105.0, 1187.0, 1524.0, 706.0, 58.0, 987.0, 383.0, 964.0, 274.0, 1008.0, -348.0, 1
-203.0, -451.0, 448.0, 308.0, 102.0, 1564.0, 182.0, -222.0, -12.0, 151.0, 313.0, 35.0, 726.0, 2164.0, -817.0, -238.0, 95.0, 257.0, -1255.0, 507.0, 1
-277.0, -1.0, -659.0, -1538.0, 2361.0, 2399.0, -1913.0, -174.0, 1227.0, -851.0, 87.0, -423.0, 291.0, 23.0, -858.0, 711.0, -722.0, 643.0, 91.0, -898.0, 1
701.0, 157.0, 298.0, -54.0, 41.0, 1204.0, -252.0, 1583.0, 1942.0, 1373.0, 1644.0, 1403.0, 218.0, 1105.0, 304.0, 515.0, -172.0, 158.0, 1407.0, -868.0, 1
-252.0, -56.0, 2315.0, 823.0, 1747.0, 1818.0, 127.0, -81.0, 347.0, 392.0, 845.0, -77.0, -68.0, 1003.0, 1798.0, -546.0, -674.0, 5.0, 2338.0, 168.0, 1
2994.0, 1981.0, 714.0, 2341.0, -676.0, -32.0, -2284.0, -858.0, -3104.0, 352.0, 1025.0, 662.0, -1596.0, -154.0, -2389.0, -1121.0, 2722.0, 382.0, -1723.0, -239.0, 0
-1083.0, 2453.0, -163.0, 1827.0, 877.0, -2363.0, -249.0, -392.0, -251.0, 291.0, -1224.0, -92.0, -1701.0, 1928.0, 107.0, 4292.0, -2308.0, -101.0, 809.0, -195.0, 0
-1389.0, -565.0, -648.0, 1352.0, 2281.0, -186.0, -1628.0, -3312.0, 3126.0, 439.0, -994.0, -3193.0, 486.0, -631.0, -233.0, -141.0, 16.0, 1699.0, -1399.0, -65.0, 0
-84.0, 331.0, -248.0, -715.0, -303.0, 2572.0, 982.0, -1525.0, -2064.0, 2325.0, -1917.0, -886.0, 455.0, 315.0, 3424.0, 672.0, -3453.0, -1423.0, 47.0, 3808.0, 0
1783.0, 2004.0, -236.0, 378.0, -761.0, 2063.0, -533.0, 66.0, 1069.0, 22.0, -1294.0, -1603.0, 3018.0, 685.0, 2118.0, 62.0, 1261.0, -33.0, 103.0, -726.0, 1
28.0, -105.0, -1578.0, 1943.0, 161.0, -305.0, -2293.0, 778.0, 206.0, 977.0, -144.0, 1591.0, 1292.0, 2.0, -828.0, -299.0, 1571.0, -715.0, 1595.0, 714.0, 1
-203.0, 1713.0, 616.0, -45.0, -166.0, 1867.0, -389.0, -55.0, -945.0, -767.0, 759.0, -1942.0, 378.0, 575.0, 719.0, 364.0, 736.0, 774.0, 1027.0, 507.0, 1
-682.0, 2589.0, 1521.0, -1579.0, 1262.0, 1174.0, -196.0, -1159.0, 866.0, -866.0, 2049.0, 145.0, 107.0, 697.0, -2514.0, -1391.0, -888.0, -3039.0, -26.0, 1891.0, 0
685.0, 5635.0, 599.0, -3209.0, -82.0, -1078.0, -1492.0, 1134.0, -45.0, -3338.0, -1552.0, -1011.0, 298.0, 2734.0, 369.0, 657.0, -1761.0, 1.0, 597.0, -235.0, 0
793.0, -535.0, -951.0, -3461.0, 1342.0, 1471.0, 1755.0, 4682.0, -1254.0, 524.0, -1854.0, 998.0, 242.0, -2736.0, -2619.0, 3062.0, -1794.0, 358.0, -3244.0, 1735.0, 0
-1888.0, -478.0, -93.0, 1012.0, -84.0, 1795.0, 169.0, 58.0, 982.0, 1644.0, -1411.0, -781.0, -344.0, -177.0, 2579.0, 1627.0, 118.0, 1346.0, 646.0, 642.0, 1
-261.0, -811.0, -316.0, 2052.0, 67.0, 545.0, 58.0, 329.0, 35.0, -443.0, 1186.0, -2206.0, -1472.0, 843.0, 118.0, 1941.0, -912.0, -171.0, -289.0, 579.0, 1
309.0, -38.0, -3296.0, 836.0, -2463.0, 1928.0, 233.0, -2313.0, 1669.0, 1175.0, 185.0, -214.0, 1404.0, -1538.0, 1865.0, -2496.0, -97.0, 1855.0, 129.0, 147.0, 0
357.0, -1586.0, 4038.0, -3262.0, 1651.0, 1731.0, -2463.0, 85.0, 1001.0, 1722.0, -257.0, -255.0, -1129.0, -2485.0, -4663.0, -2639.0, 2101.0, 98.0, 2639.0, -2615.0, 0
705.0, 842.0, -408.0, -7.0, -1965.0, 1194.0, -3546.0, -1027.0, -1944.0, -915.0, 278.0, -1325.0, 1378.0, -911.0, -4182.0, -356.0, -3038.0, 596.0, 607.0, -217.0, 0
595.0, -667.0, -342.0, -379.0, 58.0, 1868.0, -0.0, -219.0, 531.0, 1427.0, 834.0, -2412.0, 19.0, 729.0, 1328.0, -999.0, 1478.0, 1276.0, 1209.0, 83.0, 1
173.0, -1194.0, -796.0, 4.0, 1966.0, -594.0, 698.0, 2036.0, 1347.0, -76.0, 1065.0, -121.0, -826.0, -1022.0, 42.0, 746.0, 636.0, 1119.0, -61.0, 589.0, 1
1685.0, -467.0, 1222.0, 198.0, 631.0, 438.0, -411.0, 1136.0, 1206.0, 162.0, 1.0, 29.0, 1219.0, -1027.0, 852.0, 75.0, 566.0, 1298.0, 1903.0, -24.0, 1
392.0, 331.0, 1906.0, 18.0, -2372.0, 71.0, -1049.0, 1606.0, 562.0, -374.0, 1939.0, 738.0, 167.0, 2166.0, -274.0, 2295.0, 214.0, 85.0, 2159.0, 23.0, 1
2351.0, 3.0, -2008.0, -957.0, 3187.0, 705.0, 3402.0, 3225.0, -116.0, -262.0, 1846.0, 1342.0, -457.0, 1192.0, 1207.0, 553.0, -835.0, 134.0, 2884.0, -1223.0, 0
703.0, -78.0, -291.0, 1215.0, -67.0, 675.0, 3478.0, -793.0, 1422.0, 1567.0, 705.0, 222.0, 512.0, -931.0, -935.0, 596.0, -435.0, 2468.0, 961.0, 1672.0, 1
-516.0, 1572.0, -5593.0, 861.0, -3312.0, 3122.0, 709.0, -857.0, -4015.0, 241.0, 1559.0, 604.0, -1016.0, -356.0, -63.0, 319.0, 2612.0, 1946.0, 2078.0, -3017.0, 0
-343.0, 1004.0, 934.0, -438.0, -1476.0, -4054.0, -1828.0, -664.0, -835.0, -2338.0, 2212.0, 1295.0, 687.0, 3792.0, 1857.0, 1041.0, 2106.0, -1737.0, -144.0, 1151.0, 0
96.0, 1421.0, 1596.0, 1256.0, 559.0, 344.0, 116.0, -225.0, 97.0, 428.0, 94.0, 17.0, -683.0, -407.0, 836.0, 537.0, 1636.0, 44.0, 1463.0, -813.0, 1
339.0, 384.0, 25.0, 739.0, 714.0, 1117.0, -117.0, 213.0, -1013.0, 203.0, -621.0, 64.0, 412.0, -65.0, -1762.0, -77.0, 2115.0, -974.0, 1087.0, 417.0, 1
-489.0, -2479.0, 261.0, 637.0, -1535.0, -943.0, 911.0, 1125.0, 2569.0, -62.0, 61.0, -1535.0, -204.0, 4797.0, -171.0, -112.0, -595.0, -847.0, -555.0, 234.0, 0
598.0, -381.0, -673.0, -704.0, -966.0, -1349.0, 31.0, -125.0, 1879.0, 508.0, -226.0, 551.0, 1747.0, 1655.0, 2764.0, 572.0, -406.0, 1735.0, -21.0, -1381.0, 1
492.0, -532.0, 1519.0, 2713.0, 671.0, -3389.0, -85.0, 2428.0, 1406.0, 1638.0, 758.0, -2366.0, 1264.0, 841.0, 122.0, 176.0, -3425.0, -723.0, 385.0, 63.0, 0
2336.0, 2788.0, -1078.0, -455.0, -1846.0, 834.0, -37.0, -353.0, -2032.0, -1992.0, 1492.0, -2223.0, 106.0, 2474.0, -3554.0, -213.0, -873.0, 2205.0, -371.0, -1842.0, 0
22.0, -1656.0, 417.0, 831.0, 2993.0, -3489.0, -4413.0, 1479.0, -679.0, -4337.0, 602.0, -507.0, -1859.0, 1617.0, 67.0, 726.0, 4333.0, -4626.0, 1554.0, -696.0, 0
1978.0, 4589.0, -2822.0, 243.0, -369.0, -44.0, 3202.0, 1787.0, 131.0, -326.0, -2642.0, 2202.0, -1506.0, -1572.0, 1689.0, -4201.0, -2269.0, 2215.0, 4633.0, 822.0, 0
1366.0, 397.0, 54.0, 1211.0, -1258.0, -1262.0, -303.0, 764.0, -3.0, -19.0, -997.0, -2072.0, 126.0, 786.0, 1761.0, 115.0, 442.0, 183.0, 531.0, 774.0, 1
1072.0, -442.0, 2166.0, 1615.0, 179.0, 207.0, 62.0, 2852.0, 1626.0, -1144.0, -1185.0, -164.0, 1311.0, 742.0, -2109.0, -4515.0, 1005.0, -1176.0, -3066.0, 1573.0, 0
5794.0, -1466.0, 6924.0, 1099.0, 3753.0, -5.0, -794.0, -1928.0, -352.0, 372.0, -691.0, -294.0, 2656.0, 536.0, 2356.0, -2987.0, 1887.0, -1897.0, 2377.0, 384.0, 0
175.0, 463.0, 489.0, 452.0, 785.0, -608.0, 163.0, 1187.0, 2806.0, -1318.0, -2485.0, -1007.0, 501.0, 1004.0, -657.0, -2361.0, 277.0, -142.0, -444.0, 2701.0, 1
-1817.0, 1048.0, 1117.0, -2761.0, 1318.0, -218.0, -1015.0, 1072.0, -919.0, 788.0, 1527.0, 1172.0, -3874.0, 2347.0, -1322.0, -1321.0, -7106.0, -4915.0, -3511.0, 2559.0, 0
1829.0, 591.0, 1163.0, 865.0, 446.0, 524.0, -1343.0, -1177.0, 8.0, 843.0, -272.0, 949.0, 156.0, -507.0, 3.0, 2923.0, -13.0, -819.0, -83.0, -275.0, 1
405.0, 1277.0, 28.0, 2608.0, 1709.0, 53.0, -462.0, 1355.0, 631.0, 681.0, 564.0, 1798.0, -1088.0, -1077.0, 125.0, 1127.0, 1215.0, 1874.0, 3163.0, 2023.0, 1
-687.0, 1158.0, -315.0, 625.0, 2832.0, 66.0, 438.0, 112.0, 2438.0, 2567.0, 235.0, -1375.0, 1472.0, 1105.0, -136.0, -726.0, 222.0, -55.0, 1259.0, -492.0, 1
1068.0, -804.0, 11.0, -286.0, -74.0, 318.0, -1056.0, 1043.0, 15.0, 817.0, 104.0, 911.0, 999.0, 103.0, 684.0, 1477.0, 1467.0, 1668.0, 764.0, -237.0, 1
-2444.0, 1113.0, -2728.0, 37.0, 1655.0, -4262.0, -323.0, 1265.0, 124.0, 2168.0, -43.0, -4302.0, 963.0, -1744.0, 1791.0, 99.0, 17.0, 2006.0, 1927.0, 578.0, 0
607.0, 1539.0, 139.0, 1378.0, -2178.0, -1.0, 404.0, 2064.0, 653.0, -631.0, 257.0, 783.0, 1106.0, 1264.0, 57.0, -413.0, 136.0, -509.0, 1423.0, 1142.0, 1
-122.0, -1654.0, -395.0, 278.0, -193.0, -463.0, 1364.0, 37.0, 1998.0, 2278.0, -653.0, -1856.0, 136.0, 4604.0, -1117.0, -5735.0, 173.0, 1505.0, -1098.0, -5196.0, 0
-1854.0, 1225.0, -2469.0, -351.0, 1193.0, -3922.0, -2314.0, 3565.0, 2946.0, 1463.0, -1851.0, 2214.0, -1199.0, -1152.0, -1815.0, 1051.0, -2244.0, 2871.0, -3462.0, 1619.0, 0
2604.0, -1541.0, 1298.0, -742.0, -238.0, -1004.0, 127.0, 1056.0, -27.0, 33.0, -281.0, 45.0, 241.0, -635.0, 1274.0, 157.0, 602.0, 606.0, 573.0, -751.0, 1
-239.0, 472.0, 2795.0, -1672.0, -802.0, 594.0, -1449.0, 336.0, -922.0, -1783.0, 736.0, 1477.0, 3247.0, 777.0, 1298.0, -277.0, -3445.0, -2969.0, -132.0, 3362.0, 0
