@relation unknow
@attribute sp11 integer [0, 255]
@attribute sp12 integer [0, 255]
@attribute sp13 integer [0, 255]
@attribute sp14 integer [0, 255]
@attribute sp15 integer [0, 255]
@attribute sp16 integer [0, 255]
@attribute sp17 integer [0, 255]
@attribute sp18 integer [0, 255]
@attribute sp19 integer [0, 255]
@attribute sp21 integer [0, 255]
@attribute sp22 integer [0, 255]
@attribute sp23 integer [0, 255]
@attribute sp24 integer [0, 255]
@attribute sp25 integer [0, 255]
@attribute sp26 integer [0, 255]
@attribute sp27 integer [0, 255]
@attribute sp28 integer [0, 255]
@attribute sp29 integer [0, 255]
@attribute sp31 integer [0, 255]
@attribute sp32 integer [0, 255]
@attribute sp33 integer [0, 255]
@attribute sp34 integer [0, 255]
@attribute sp35 integer [0, 255]
@attribute sp36 integer [0, 255]
@attribute sp37 integer [0, 255]
@attribute sp38 integer [0, 255]
@attribute sp39 integer [0, 255]
@attribute sp41 integer [0, 255]
@attribute sp42 integer [0, 255]
@attribute sp43 integer [0, 255]
@attribute sp44 integer [0, 255]
@attribute sp45 integer [0, 255]
@attribute sp46 integer [0, 255]
@attribute sp47 integer [0, 255]
@attribute sp48 integer [0, 255]
@attribute sp49 integer [0, 255]
@attribute class {1, 2, 3, 4, 5, 6, 7}
@inputs sp11, sp12, sp13, sp14, sp15, sp16, sp17, sp18, sp19, sp21, sp22, sp23, sp24, sp25, sp26, sp27, sp28, sp29, sp31, sp32, sp33, sp34, sp35, sp36, sp37, sp38, sp39, sp41, sp42, sp43, sp44, sp45, sp46, sp47, sp48, sp49
@outputs class
@data
76, 89, 98, 76, 76, 94, 98, 76, 76, 98, 102, 72, 80, 95, 104, 74, 76, 91, 104, 74, 76, 95, 100, 78, 75, 91, 96, 75, 75, 91, 96, 71, 79, 87, 93, 71, 4
84, 102, 111, 87, 84, 106, 111, 87, 88, 111, 115, 91, 92, 112, 118, 92, 92, 112, 118, 92, 92, 107, 113, 92, 93, 107, 109, 87, 88, 107, 109, 92, 88, 107, 109, 87, 3
88, 98, 106, 83, 84, 102, 106, 83, 88, 111, 111, 87, 84, 103, 108, 81, 88, 99, 104, 85, 84, 103, 108, 85, 84, 99, 104, 87, 79, 99, 100, 79, 88, 95, 100, 79, 3
79, 103, 104, 79, 79, 95, 100, 79, 79, 95, 96, 75, 82, 100, 108, 85, 78, 96, 96, 78, 78, 91, 92, 70, 79, 95, 101, 79, 83, 95, 93, 75, 83, 91, 97, 72, 4
82, 102, 101, 80, 78, 102, 105, 80, 78, 97, 101, 80, 80, 98, 98, 79, 80, 98, 102, 76, 84, 94, 98, 76, 80, 95, 100, 78, 80, 99, 100, 74, 84, 95, 100, 78, 3
88, 111, 115, 87, 88, 106, 111, 87, 88, 111, 111, 87, 88, 107, 113, 85, 84, 103, 108, 85, 84, 107, 113, 88, 84, 103, 104, 83, 84, 103, 104, 83, 88, 107, 113, 87, 3
88, 107, 108, 88, 88, 107, 113, 85, 88, 107, 113, 88, 88, 107, 113, 87, 88, 107, 109, 87, 88, 107, 109, 87, 82, 96, 104, 81, 90, 104, 108, 85, 86, 104, 108, 85, 3
51, 45, 113, 104, 44, 37, 128, 137, 41, 32, 139, 150, 46, 32, 122, 136, 52, 40, 112, 114, 52, 37, 117, 122, 42, 34, 124, 135, 46, 37, 119, 131, 52, 45, 110, 109, 2
88, 111, 109, 92, 84, 111, 113, 92, 84, 107, 118, 92, 90, 109, 117, 85, 90, 109, 117, 92, 90, 113, 112, 96, 92, 117, 124, 98, 92, 117, 119, 94, 92, 108, 114, 94, 3
86, 109, 112, 92, 90, 113, 122, 92, 90, 109, 112, 92, 92, 112, 114, 94, 92, 112, 119, 94, 92, 117, 119, 98, 89, 115, 119, 90, 89, 115, 114, 94, 93, 115, 124, 97, 3
70, 79, 84, 66, 70, 75, 76, 63, 70, 79, 80, 66, 63, 66, 72, 60, 67, 70, 72, 60, 67, 73, 75, 60, 63, 67, 70, 55, 67, 71, 70, 58, 67, 75, 82, 69, 7
71, 88, 93, 72, 75, 84, 90, 68, 67, 73, 75, 60, 67, 79, 82, 65, 67, 79, 78, 65, 67, 75, 74, 62, 72, 77, 78, 61, 68, 69, 71, 57, 64, 69, 74, 57, 7
67, 73, 75, 60, 63, 66, 72, 57, 63, 70, 72, 60, 67, 75, 74, 62, 67, 67, 70, 55, 60, 63, 70, 58, 64, 69, 74, 57, 68, 69, 74, 57, 64, 66, 67, 54, 7
88, 111, 115, 87, 88, 111, 115, 87, 88, 111, 115, 87, 88, 112, 118, 88, 88, 107, 113, 85, 88, 107, 113, 88, 93, 111, 118, 92, 88, 111, 118, 92, 88, 107, 113, 92, 3
64, 66, 67, 54, 64, 62, 71, 50, 60, 62, 67, 50, 60, 57, 67, 49, 56, 54, 67, 49, 56, 54, 67, 52, 59, 51, 67, 50, 55, 54, 67, 50, 55, 54, 60, 46, 5
64, 69, 74, 61, 68, 81, 86, 72, 72, 81, 90, 76, 64, 68, 71, 56, 64, 71, 75, 63, 68, 79, 79, 67, 67, 72, 74, 58, 63, 68, 70, 58, 67, 75, 74, 62, 7
64, 71, 79, 59, 68, 71, 71, 59, 64, 68, 71, 59, 67, 72, 74, 62, 71, 75, 77, 67, 71, 75, 74, 62, 66, 71, 73, 59, 63, 67, 66, 55, 63, 75, 80, 63, 7
95, 113, 117, 96, 86, 104, 108, 89, 82, 96, 104, 78, 92, 99, 105, 86, 83, 99, 101, 75, 79, 91, 97, 75, 82, 88, 89, 73, 78, 92, 93, 80, 78, 92, 101, 76, 3
52, 34, 117, 122, 49, 34, 122, 118, 49, 34, 117, 122, 49, 37, 110, 116, 46, 37, 114, 116, 46, 37, 114, 116, 47, 40, 110, 111, 50, 40, 105, 115, 53, 46, 110, 111, 2
74, 87, 92, 74, 74, 79, 84, 66, 70, 79, 80, 63, 67, 77, 86, 68, 67, 77, 75, 64, 67, 70, 68, 57, 60, 67, 67, 55, 57, 63, 63, 51, 53, 60, 63, 48, 5
47, 31, 131, 142, 44, 31, 131, 142, 47, 31, 131, 139, 50, 39, 118, 132, 43, 29, 133, 143, 46, 31, 133, 139, 63, 58, 104, 100, 48, 34, 128, 137, 44, 32, 128, 141, 2
47, 34, 131, 139, 44, 31, 136, 139, 44, 31, 125, 139, 46, 31, 133, 143, 46, 31, 133, 139, 43, 31, 128, 135, 44, 32, 128, 133, 48, 32, 123, 129, 44, 34, 123, 129, 2
43, 29, 133, 135, 46, 31, 122, 125, 50, 34, 113, 114, 55, 37, 113, 116, 51, 40, 104, 100, 59, 51, 100, 83, 56, 49, 108, 100, 63, 56, 88, 74, 66, 63, 88, 70, 2
68, 71, 71, 59, 68, 75, 71, 56, 68, 71, 75, 56, 67, 72, 74, 58, 71, 72, 74, 58, 67, 75, 77, 58, 70, 71, 73, 55, 66, 71, 73, 59, 70, 75, 80, 59, 7
68, 71, 83, 70, 71, 75, 87, 88, 71, 75, 83, 70, 71, 72, 77, 67, 67, 68, 81, 67, 67, 72, 85, 67, 66, 71, 80, 66, 66, 71, 80, 66, 63, 71, 73, 66, 5
50, 42, 96, 96, 50, 48, 96, 96, 46, 36, 104, 107, 44, 32, 104, 116, 51, 40, 96, 96, 44, 34, 100, 100, 40, 29, 112, 122, 43, 27, 108, 125, 46, 29, 108, 122, 2
67, 72, 70, 58, 67, 72, 70, 54, 67, 72, 70, 58, 66, 71, 73, 55, 66, 71, 69, 55, 66, 71, 73, 55, 63, 70, 68, 57, 63, 70, 72, 57, 67, 77, 72, 60, 7
71, 81, 93, 83, 59, 51, 101, 113, 46, 32, 101, 116, 70, 84, 89, 76, 74, 79, 97, 94, 53, 43, 105, 115, 72, 81, 86, 72, 76, 85, 98, 79, 68, 66, 106, 98, 2
71, 79, 85, 62, 67, 72, 70, 50, 63, 68, 70, 54, 74, 83, 88, 66, 66, 75, 76, 55, 63, 71, 69, 55, 71, 81, 82, 60, 67, 77, 75, 57, 67, 73, 75, 57, 7
86, 104, 104, 85, 86, 104, 104, 81, 86, 100, 108, 85, 83, 103, 105, 86, 87, 103, 105, 83, 87, 103, 105, 83, 85, 106, 110, 87, 89, 106, 105, 87, 85, 106, 114, 87, 4
43, 29, 108, 129, 46, 32, 108, 122, 52, 43, 92, 92, 52, 48, 90, 98, 59, 63, 90, 75, 67, 70, 86, 64, 70, 84, 89, 73, 74, 88, 85, 73, 74, 84, 85, 73, 2
67, 77, 75, 60, 67, 77, 82, 60, 63, 77, 82, 60, 63, 71, 74, 58, 63, 71, 78, 62, 67, 75, 78, 62, 64, 73, 74, 57, 64, 73, 78, 61, 64, 77, 78, 65, 7
67, 77, 82, 60, 63, 77, 82, 60, 63, 77, 79, 64, 63, 71, 78, 62, 67, 75, 78, 62, 63, 75, 85, 58, 64, 73, 78, 61, 64, 77, 78, 65, 68, 77, 86, 65, 7
75, 70, 101, 94, 56, 42, 97, 113, 46, 34, 93, 105, 74, 84, 97, 76, 70, 67, 101, 94, 53, 43, 97, 101, 72, 89, 94, 76, 72, 85, 90, 76, 64, 73, 86, 72, 2
78, 88, 97, 73, 67, 79, 82, 65, 70, 79, 82, 62, 76, 85, 94, 68, 76, 81, 86, 65, 72, 81, 86, 65, 76, 87, 91, 67, 71, 87, 91, 63, 71, 83, 87, 70, 7
74, 84, 97, 76, 70, 67, 101, 94, 53, 43, 97, 101, 72, 89, 94, 76, 72, 85, 90, 76, 64, 73, 86, 72, 68, 79, 79, 63, 68, 75, 75, 63, 68, 83, 87, 70, 4
60, 56, 85, 83, 63, 71, 85, 73, 70, 84, 89, 73, 72, 94, 86, 72, 76, 94, 98, 76, 76, 98, 98, 76, 76, 99, 104, 81, 80, 99, 104, 78, 76, 95, 96, 78, 4
84, 107, 108, 88, 84, 103, 108, 85, 84, 99, 108, 85, 84, 103, 104, 83, 84, 103, 104, 83, 88, 99, 104, 83, 82, 96, 108, 81, 82, 100, 104, 81, 82, 100, 104, 81, 4
67, 83, 85, 67, 79, 103, 109, 87, 88, 107, 113, 92, 66, 75, 76, 59, 63, 71, 73, 59, 66, 79, 84, 63, 67, 73, 75, 60, 67, 73, 79, 57, 63, 77, 82, 60, 7
79, 91, 96, 75, 75, 91, 89, 75, 75, 91, 93, 75, 78, 91, 96, 74, 78, 87, 92, 70, 78, 91, 96, 74, 79, 95, 101, 75, 75, 91, 97, 72, 75, 84, 93, 75, 4
75, 116, 123, 100, 75, 116, 123, 100, 75, 116, 128, 100, 74, 113, 122, 100, 70, 113, 127, 96, 66, 113, 117, 100, 79, 112, 124, 98, 71, 108, 124, 98, 67, 112, 124, 98, 1
66, 91, 104, 81, 74, 100, 108, 92, 78, 113, 117, 96, 67, 99, 105, 86, 75, 112, 119, 101, 79, 112, 124, 101, 70, 102, 114, 94, 74, 115, 119, 101, 74, 115, 119, 101, 1
82, 88, 101, 76, 67, 71, 93, 65, 74, 88, 97, 80, 72, 81, 90, 65, 68, 69, 86, 68, 76, 89, 98, 79, 68, 75, 87, 67, 76, 83, 91, 74, 80, 95, 100, 78, 7
64, 116, 122, 99, 64, 121, 122, 96, 64, 116, 122, 99, 67, 116, 123, 100, 71, 111, 128, 100, 67, 111, 123, 96, 66, 113, 127, 100, 66, 113, 122, 100, 66, 113, 127, 100, 1
64, 75, 75, 59, 68, 71, 75, 59, 68, 71, 75, 59, 67, 68, 74, 58, 63, 68, 67, 58, 67, 72, 70, 62, 63, 63, 66, 55, 63, 67, 69, 55, 66, 71, 73, 55, 7
79, 99, 109, 83, 79, 91, 96, 75, 71, 72, 77, 58, 82, 100, 104, 85, 82, 100, 104, 85, 78, 91, 92, 74, 83, 99, 105, 83, 79, 99, 105, 83, 75, 91, 97, 68, 3
59, 61, 81, 67, 67, 79, 85, 62, 67, 79, 85, 67, 56, 56, 88, 74, 56, 63, 84, 66, 66, 75, 80, 63, 52, 54, 79, 68, 52, 57, 79, 64, 59, 70, 79, 60, 5
67, 67, 93, 80, 60, 60, 85, 80, 60, 56, 85, 80, 68, 73, 90, 79, 64, 66, 90, 79, 60, 55, 82, 76, 76, 83, 96, 81, 68, 75, 83, 81, 64, 68, 83, 74, 5
50, 53, 82, 69, 53, 53, 82, 76, 50, 56, 82, 73, 53, 52, 82, 72, 53, 52, 82, 68, 53, 52, 78, 65, 60, 54, 75, 59, 53, 54, 71, 59, 56, 57, 75, 59, 5
60, 79, 82, 65, 60, 92, 101, 83, 67, 111, 114, 94, 60, 89, 102, 79, 68, 106, 111, 91, 68, 111, 115, 98, 60, 99, 108, 88, 68, 112, 118, 96, 71, 107, 118, 96, 1
53, 49, 71, 46, 53, 52, 71, 57, 53, 55, 78, 68, 53, 51, 67, 52, 53, 54, 75, 59, 56, 57, 79, 63, 51, 54, 67, 50, 55, 58, 70, 58, 55, 54, 74, 58, 5
68, 73, 71, 61, 64, 69, 71, 57, 60, 69, 74, 54, 68, 75, 79, 63, 60, 68, 67, 52, 60, 61, 67, 56, 67, 75, 77, 62, 63, 68, 70, 54, 63, 64, 67, 54, 7
68, 83, 87, 63, 64, 83, 83, 67, 68, 79, 83, 63, 71, 83, 93, 67, 67, 79, 85, 62, 63, 75, 85, 62, 78, 96, 92, 74, 74, 87, 88, 70, 66, 79, 80, 66, 7
67, 107, 118, 96, 71, 116, 118, 100, 71, 111, 123, 104, 63, 109, 112, 92, 66, 104, 117, 96, 70, 109, 122, 100, 67, 103, 119, 94, 63, 103, 114, 94, 67, 108, 119, 98, 1
71, 107, 118, 96, 71, 107, 118, 96, 71, 111, 118, 100, 66, 109, 122, 96, 66, 104, 122, 96, 66, 113, 117, 100, 63, 108, 119, 98, 63, 108, 119, 98, 67, 112, 124, 101, 1
63, 68, 70, 54, 63, 64, 70, 58, 59, 64, 67, 54, 63, 67, 66, 55, 63, 67, 66, 55, 63, 67, 73, 55, 67, 70, 72, 57, 59, 66, 65, 60, 67, 70, 75, 60, 7
66, 79, 80, 66, 63, 83, 80, 63, 66, 83, 84, 66, 71, 84, 86, 68, 67, 81, 86, 64, 67, 81, 86, 64, 78, 88, 93, 73, 70, 79, 93, 65, 70, 79, 85, 62, 7
71, 84, 86, 68, 67, 81, 86, 64, 67, 81, 86, 64, 78, 88, 93, 73, 70, 79, 93, 65, 70, 79, 85, 62, 80, 89, 94, 72, 76, 85, 94, 68, 68, 77, 82, 65, 7
67, 99, 101, 83, 75, 99, 101, 79, 67, 99, 110, 86, 67, 106, 114, 90, 63, 92, 105, 80, 63, 88, 105, 83, 68, 102, 115, 91, 64, 89, 102, 79, 60, 85, 94, 79, 1
63, 63, 97, 90, 67, 75, 101, 87, 70, 84, 101, 87, 80, 94, 111, 91, 84, 106, 111, 91, 92, 115, 120, 102, 84, 112, 118, 96, 92, 116, 128, 103, 97, 121, 128, 103, 3
76, 87, 91, 70, 76, 87, 87, 70, 76, 87, 91, 63, 75, 83, 89, 67, 75, 87, 89, 67, 75, 87, 89, 67, 70, 83, 84, 70, 74, 83, 84, 66, 74, 83, 88, 66, 4
67, 107, 118, 96, 71, 107, 118, 96, 67, 111, 113, 100, 66, 113, 122, 96, 66, 113, 117, 96, 70, 109, 122, 100, 63, 108, 119, 94, 63, 112, 114, 94, 67, 108, 119, 101, 1
74, 83, 88, 66, 66, 79, 80, 63, 66, 79, 76, 59, 71, 81, 86, 64, 71, 81, 82, 64, 67, 73, 75, 57, 67, 75, 78, 58, 70, 79, 82, 65, 67, 75, 78, 65, 7
67, 81, 82, 64, 67, 81, 82, 64, 71, 77, 86, 64, 74, 88, 89, 73, 78, 92, 97, 80, 82, 97, 97, 80, 88, 106, 111, 87, 88, 106, 111, 87, 88, 102, 111, 87, 7
63, 75, 74, 62, 67, 84, 85, 69, 70, 88, 93, 73, 64, 69, 74, 61, 72, 81, 86, 68, 80, 98, 106, 83, 68, 79, 83, 59, 68, 75, 79, 59, 76, 87, 91, 78, 7
57, 88, 105, 83, 60, 88, 110, 83, 57, 92, 110, 87, 53, 85, 94, 76, 57, 85, 98, 83, 60, 94, 106, 87, 53, 79, 96, 78, 53, 83, 96, 81, 60, 87, 100, 85, 1
64, 73, 71, 57, 68, 69, 74, 57, 64, 73, 74, 54, 64, 75, 75, 56, 68, 71, 75, 56, 64, 71, 75, 56, 63, 68, 70, 58, 63, 72, 70, 58, 67, 72, 67, 54, 7
68, 75, 79, 59, 76, 87, 91, 78, 88, 103, 113, 85, 67, 72, 81, 62, 71, 83, 89, 67, 79, 87, 96, 79, 82, 100, 108, 85, 86, 104, 108, 89, 90, 104, 108, 85, 7
53, 79, 96, 78, 46, 79, 87, 78, 50, 79, 96, 78, 55, 79, 93, 75, 51, 75, 93, 75, 51, 79, 96, 79, 56, 83, 96, 85, 56, 83, 108, 85, 56, 83, 100, 81, 1
67, 71, 78, 58, 67, 75, 78, 62, 67, 84, 85, 65, 80, 89, 94, 76, 80, 98, 98, 79, 88, 111, 111, 91, 84, 99, 104, 85, 84, 103, 108, 81, 88, 107, 113, 88, 3
50, 79, 97, 80, 53, 84, 97, 83, 53, 88, 105, 83, 57, 81, 98, 83, 57, 85, 98, 79, 57, 85, 98, 83, 56, 87, 100, 81, 56, 87, 100, 78, 56, 87, 104, 81, 1
53, 64, 79, 74, 50, 68, 83, 70, 53, 64, 79, 74, 51, 68, 77, 71, 51, 64, 77, 71, 48, 61, 74, 67, 49, 67, 88, 70, 52, 67, 84, 70, 52, 63, 80, 70, 1
64, 99, 113, 92, 68, 99, 118, 88, 60, 91, 104, 85, 59, 79, 96, 79, 63, 83, 96, 83, 63, 79, 96, 83, 56, 75, 88, 74, 56, 75, 92, 78, 59, 79, 96, 81, 1
56, 87, 104, 85, 56, 87, 100, 81, 56, 87, 100, 78, 63, 99, 113, 92, 67, 99, 109, 87, 63, 95, 104, 87, 63, 100, 112, 92, 70, 104, 117, 92, 63, 96, 112, 89, 1
56, 81, 93, 79, 56, 81, 93, 79, 56, 84, 105, 86, 53, 79, 89, 76, 57, 79, 93, 80, 57, 88, 101, 83, 57, 77, 90, 76, 53, 77, 90, 76, 53, 77, 94, 79, 1
59, 60, 72, 72, 59, 63, 79, 72, 59, 60, 75, 68, 63, 75, 89, 73, 60, 71, 82, 65, 63, 67, 78, 69, 72, 77, 94, 76, 76, 85, 98, 76, 72, 81, 86, 72, 7
57, 84, 101, 83, 53, 84, 101, 87, 50, 79, 93, 80, 53, 77, 94, 76, 53, 77, 94, 76, 53, 77, 90, 76, 53, 79, 96, 81, 56, 83, 96, 78, 56, 83, 100, 81, 1
63, 75, 89, 73, 60, 71, 82, 65, 63, 67, 78, 69, 72, 77, 94, 76, 76, 85, 98, 76, 72, 81, 86, 72, 71, 83, 100, 81, 80, 99, 104, 85, 80, 95, 100, 81, 4
84, 98, 106, 83, 84, 102, 106, 87, 84, 102, 106, 87, 80, 91, 96, 74, 80, 95, 100, 81, 84, 103, 108, 88, 79, 91, 96, 79, 84, 95, 100, 79, 84, 99, 104, 83, 3
53, 77, 90, 76, 57, 77, 90, 76, 53, 77, 90, 76, 56, 83, 100, 81, 60, 87, 104, 85, 60, 83, 100, 85, 67, 103, 109, 87, 63, 91, 109, 87, 59, 75, 96, 79, 1
60, 89, 111, 94, 53, 59, 106, 113, 50, 31, 115, 128, 60, 91, 108, 88, 60, 83, 108, 92, 60, 64, 100, 99, 59, 87, 104, 92, 67, 99, 109, 92, 67, 87, 100, 83, 1
53, 71, 87, 74, 53, 75, 91, 78, 53, 79, 96, 70, 55, 75, 85, 75, 55, 79, 89, 79, 55, 79, 96, 79, 56, 75, 92, 74, 56, 79, 88, 78, 56, 83, 92, 81, 1
56, 83, 100, 85, 56, 83, 96, 85, 60, 91, 100, 85, 63, 87, 100, 83, 63, 87, 100, 87, 63, 95, 104, 92, 63, 104, 117, 92, 63, 96, 108, 89, 66, 96, 112, 89, 1
59, 87, 104, 92, 67, 99, 109, 92, 67, 87, 100, 83, 59, 79, 92, 81, 63, 75, 104, 85, 70, 100, 112, 92, 67, 77, 97, 79, 63, 66, 90, 79, 63, 81, 101, 86, 1
59, 61, 89, 79, 59, 61, 85, 75, 59, 75, 89, 79, 56, 60, 88, 78, 56, 60, 84, 78, 52, 56, 80, 74, 56, 60, 86, 79, 52, 54, 86, 83, 49, 45, 86, 86, 5
59, 58, 104, 100, 59, 61, 109, 100, 63, 64, 104, 96, 59, 60, 96, 92, 56, 63, 104, 96, 59, 67, 104, 96, 59, 63, 97, 90, 59, 60, 97, 90, 59, 63, 93, 90, 5
82, 100, 108, 89, 74, 96, 104, 89, 63, 96, 100, 92, 79, 99, 110, 90, 71, 103, 119, 94, 59, 95, 110, 90, 70, 88, 105, 90, 60, 92, 105, 87, 53, 84, 97, 83, 1
52, 70, 82, 75, 49, 66, 86, 75, 52, 66, 86, 72, 53, 71, 89, 73, 50, 71, 89, 73, 50, 71, 85, 73, 53, 81, 98, 79, 53, 77, 94, 76, 53, 73, 98, 76, 1
71, 99, 114, 98, 75, 108, 124, 98, 71, 99, 110, 94, 70, 102, 114, 94, 70, 106, 114, 94, 67, 97, 114, 90, 72, 106, 115, 94, 76, 111, 115, 94, 76, 106, 115, 94, 1
49, 51, 86, 83, 59, 70, 90, 72, 59, 63, 97, 90, 50, 46, 82, 83, 57, 67, 85, 76, 60, 71, 97, 83, 50, 52, 82, 79, 57, 66, 82, 72, 60, 77, 90, 83, 5
50, 67, 93, 76, 50, 75, 97, 80, 53, 75, 97, 80, 50, 73, 94, 79, 53, 81, 102, 83, 53, 77, 98, 79, 46, 79, 96, 78, 50, 79, 96, 81, 53, 79, 96, 81, 1
80, 94, 98, 79, 84, 98, 102, 83, 84, 98, 102, 79, 84, 95, 100, 81, 88, 99, 104, 81, 80, 95, 104, 81, 79, 95, 100, 79, 84, 95, 96, 79, 84, 99, 104, 83, 3
64, 83, 96, 81, 60, 87, 104, 85, 60, 91, 108, 85, 63, 91, 104, 83, 67, 95, 109, 92, 71, 103, 113, 92, 59, 87, 96, 81, 66, 96, 104, 89, 70, 104, 117, 92, 1
84, 106, 111, 87, 84, 106, 111, 87, 84, 106, 111, 87, 92, 112, 128, 92, 92, 112, 118, 96, 92, 112, 113, 88, 93, 111, 113, 92, 93, 116, 118, 92, 88, 111, 118, 92, 3
64, 69, 78, 65, 68, 77, 86, 65, 64, 66, 86, 68, 71, 79, 79, 63, 68, 75, 79, 67, 60, 68, 79, 67, 67, 72, 81, 67, 67, 64, 81, 67, 59, 61, 77, 71, 7
42, 31, 124, 133, 44, 34, 119, 133, 44, 37, 119, 136, 44, 34, 131, 135, 44, 31, 125, 135, 47, 31, 131, 139, 43, 31, 128, 135, 43, 31, 128, 135, 46, 34, 133, 132, 2
44, 34, 119, 133, 53, 56, 105, 97, 74, 92, 101, 76, 41, 31, 131, 139, 44, 40, 120, 120, 64, 73, 106, 83, 43, 31, 128, 132, 46, 34, 118, 132, 50, 51, 113, 103, 2
89, 111, 114, 87, 89, 111, 110, 87, 89, 106, 110, 87, 92, 111, 115, 91, 88, 106, 115, 91, 88, 115, 115, 91, 88, 107, 113, 88, 88, 107, 113, 88, 88, 107, 108, 88, 3
88, 106, 106, 87, 88, 106, 111, 87, 88, 111, 111, 87, 88, 107, 113, 88, 88, 107, 118, 88, 88, 103, 118, 85, 84, 103, 109, 83, 88, 103, 113, 87, 88, 107, 109, 87, 3
44, 34, 123, 129, 48, 37, 118, 121, 51, 45, 113, 104, 43, 32, 122, 133, 46, 29, 127, 136, 46, 32, 122, 136, 42, 32, 130, 135, 46, 32, 124, 139, 42, 34, 124, 135, 2
75, 83, 85, 67, 75, 79, 89, 71, 75, 79, 85, 71, 66, 71, 80, 63, 70, 79, 84, 66, 70, 79, 80, 70, 71, 73, 79, 64, 67, 73, 72, 60, 63, 70, 75, 57, 7
63, 71, 78, 58, 67, 71, 78, 58, 67, 75, 82, 62, 64, 62, 71, 50, 60, 62, 67, 50, 60, 62, 67, 54, 56, 54, 67, 49, 56, 54, 67, 52, 53, 57, 67, 52, 5
88, 111, 118, 87, 88, 111, 118, 96, 93, 111, 118, 96, 90, 113, 112, 92, 90, 109, 112, 89, 90, 113, 117, 92, 92, 108, 119, 90, 96, 112, 119, 90, 96, 112, 119, 94, 3
90, 113, 122, 96, 95, 109, 112, 89, 95, 109, 117, 85, 101, 112, 124, 94, 96, 112, 114, 90, 92, 112, 114, 94, 93, 111, 114, 94, 97, 115, 119, 94, 97, 115, 124, 94, 3
92, 112, 124, 94, 92, 112, 114, 98, 92, 108, 114, 90, 93, 106, 114, 90, 89, 102, 110, 83, 82, 92, 101, 80, 76, 94, 98, 72, 76, 89, 94, 76, 80, 89, 94, 76, 3
49, 40, 105, 116, 52, 45, 105, 105, 46, 32, 124, 135, 44, 37, 119, 129, 44, 43, 105, 111, 50, 43, 110, 111, 44, 34, 115, 120, 47, 40, 115, 116, 50, 43, 106, 102, 2
78, 92, 101, 76, 82, 92, 101, 80, 78, 88, 93, 76, 80, 89, 98, 79, 84, 94, 98, 76, 76, 85, 90, 72, 84, 95, 100, 78, 80, 91, 96, 81, 71, 87, 91, 74, 4
43, 29, 122, 135, 43, 29, 122, 128, 43, 29, 122, 128, 41, 27, 134, 146, 41, 27, 134, 137, 41, 27, 123, 129, 46, 29, 117, 133, 43, 27, 133, 151, 43, 27, 127, 147, 2
82, 91, 104, 81, 82, 96, 104, 81, 82, 100, 100, 78, 79, 99, 105, 83, 83, 103, 105, 83, 83, 103, 105, 83, 82, 102, 110, 83, 85, 106, 110, 83, 89, 106, 110, 87, 3
92, 107, 113, 92, 92, 107, 113, 88, 92, 107, 118, 92, 93, 111, 113, 92, 93, 111, 109, 87, 97, 111, 109, 87, 99, 113, 117, 92, 99, 113, 122, 96, 95, 109, 117, 89, 3
68, 75, 83, 67, 68, 71, 83, 70, 71, 75, 87, 88, 67, 72, 81, 67, 71, 72, 77, 67, 67, 68, 81, 67, 66, 71, 84, 70, 66, 71, 80, 66, 66, 71, 80, 66, 5
93, 115, 114, 90, 93, 115, 114, 90, 101, 120, 119, 94, 92, 111, 115, 91, 97, 115, 120, 94, 101, 120, 120, 98, 97, 112, 118, 96, 101, 116, 122, 96, 101, 116, 122, 96, 3
63, 75, 74, 62, 63, 71, 74, 58, 63, 71, 78, 62, 64, 73, 74, 57, 64, 73, 74, 57, 64, 73, 78, 61, 68, 75, 75, 59, 64, 75, 79, 59, 64, 79, 83, 63, 7
67, 84, 93, 76, 67, 84, 89, 73, 70, 84, 89, 76, 64, 81, 86, 72, 68, 81, 86, 68, 72, 85, 86, 68, 71, 83, 87, 70, 76, 87, 91, 78, 76, 91, 96, 74, 4
76, 91, 96, 74, 76, 91, 91, 70, 76, 83, 87, 70, 71, 79, 85, 67, 71, 68, 77, 62, 67, 72, 74, 58, 63, 63, 66, 52, 59, 63, 66, 52, 59, 63, 66, 55, 7
64, 115, 125, 98, 60, 111, 120, 98, 64, 111, 115, 102, 64, 116, 122, 99, 64, 121, 122, 96, 64, 116, 122, 99, 67, 116, 123, 100, 71, 111, 128, 100, 67, 111, 123, 96, 1
64, 106, 111, 91, 64, 94, 102, 83, 68, 94, 102, 79, 68, 112, 128, 96, 64, 103, 113, 88, 60, 91, 104, 81, 71, 116, 123, 100, 71, 107, 118, 96, 67, 99, 109, 83, 1
83, 99, 105, 83, 79, 99, 105, 83, 75, 91, 97, 68, 82, 97, 105, 83, 78, 97, 105, 83, 78, 88, 89, 69, 84, 102, 111, 87, 84, 98, 106, 83, 76, 85, 90, 61, 3
67, 115, 119, 101, 67, 111, 119, 94, 63, 111, 124, 97, 68, 115, 120, 98, 68, 115, 125, 98, 68, 115, 125, 98, 64, 116, 122, 99, 64, 112, 128, 96, 64, 112, 122, 96, 1
64, 81, 78, 65, 68, 81, 82, 65, 72, 89, 94, 72, 68, 83, 83, 67, 68, 83, 83, 63, 68, 83, 87, 67, 67, 79, 85, 67, 71, 79, 85, 67, 71, 79, 85, 62, 7
60, 77, 82, 65, 60, 89, 102, 79, 68, 106, 111, 91, 60, 83, 91, 74, 60, 99, 108, 88, 68, 112, 118, 96, 67, 91, 100, 79, 71, 103, 109, 87, 71, 111, 113, 96, 1
79, 91, 90, 68, 79, 88, 90, 72, 79, 88, 93, 72, 78, 84, 89, 69, 78, 88, 89, 69, 78, 88, 89, 73, 76, 89, 86, 68, 80, 85, 86, 68, 76, 85, 90, 68, 4
76, 112, 122, 99, 76, 112, 122, 99, 68, 103, 113, 88, 84, 116, 118, 96, 75, 107, 123, 96, 67, 107, 118, 92, 70, 100, 117, 92, 66, 109, 122, 92, 70, 109, 122, 96, 1
88, 106, 106, 87, 88, 106, 106, 87, 88, 111, 111, 94, 88, 103, 104, 81, 84, 103, 108, 85, 84, 103, 108, 88, 79, 103, 100, 79, 84, 99, 100, 79, 84, 99, 104, 79, 3
92, 107, 108, 85, 88, 103, 104, 81, 84, 95, 104, 85, 93, 107, 109, 87, 84, 103, 109, 79, 84, 99, 100, 79, 90, 104, 112, 85, 90, 109, 112, 89, 82, 100, 96, 81, 3
87, 103, 110, 83, 83, 91, 97, 79, 83, 95, 101, 83, 85, 102, 101, 83, 82, 92, 105, 76, 85, 92, 101, 83, 84, 94, 102, 79, 84, 98, 98, 79, 84, 94, 102, 79, 3
56, 60, 88, 78, 56, 60, 84, 78, 52, 56, 80, 74, 56, 60, 86, 79, 52, 54, 86, 83, 49, 45, 86, 86, 53, 60, 93, 80, 47, 49, 82, 83, 44, 43, 82, 87, 5
63, 73, 97, 86, 59, 70, 105, 94, 63, 66, 101, 90, 60, 75, 101, 83, 60, 75, 101, 83, 60, 75, 97, 80, 64, 77, 94, 76, 60, 77, 94, 76, 57, 81, 90, 76, 5
