@relation ionosphere
@attribute Pulse1 integer [0, 1]
@attribute Pulse3 real [-1.0, 1.0]
@attribute Pulse4 real [-1.0, 1.0]
@attribute Pulse5 real [-1.0, 1.0]
@attribute Pulse6 real [-1.0, 1.0]
@attribute Pulse7 real [-1.0, 1.0]
@attribute Pulse8 real [-1.0, 1.0]
@attribute Pulse9 real [-1.0, 1.0]
@attribute Pulse10 real [-1.0, 1.0]
@attribute Pulse11 real [-1.0, 1.0]
@attribute Pulse12 real [-1.0, 1.0]
@attribute Pulse13 real [-1.0, 1.0]
@attribute Pulse14 real [-1.0, 1.0]
@attribute Pulse15 real [-1.0, 1.0]
@attribute Pulse16 real [-1.0, 1.0]
@attribute Pulse17 real [-1.0, 1.0]
@attribute Pulse18 real [-1.0, 1.0]
@attribute Pulse19 real [-1.0, 1.0]
@attribute Pulse20 real [-1.0, 1.0]
@attribute Pulse21 real [-1.0, 1.0]
@attribute Pulse22 real [-1.0, 1.0]
@attribute Pulse23 real [-1.0, 1.0]
@attribute Pulse24 real [-1.0, 1.0]
@attribute Pulse25 real [-1.0, 1.0]
@attribute Pulse26 real [-1.0, 1.0]
@attribute Pulse27 real [-1.0, 1.0]
@attribute Pulse28 real [-1.0, 1.0]
@attribute Pulse29 real [-1.0, 1.0]
@attribute Pulse30 real [-1.0, 1.0]
@attribute Pulse31 real [-1.0, 1.0]
@attribute Pulse32 real [-1.0, 1.0]
@attribute Pulse33 real [-1.0, 1.0]
@attribute Pulse34 real [-1.0, 1.0]
@attribute Class {g, b}
@inputs Pulse1, Pulse3, Pulse4, Pulse5, Pulse6, Pulse7, Pulse8, Pulse9, Pulse10, Pulse11, Pulse12, Pulse13, Pulse14, Pulse15, Pulse16, Pulse17, Pulse18, Pulse19, Pulse20, Pulse21, Pulse22, Pulse23, Pulse24, Pulse25, Pulse26, Pulse27, Pulse28, Pulse29, Pulse30, Pulse31, Pulse32, Pulse33, Pulse34
@outputs Class
@data
1, 1.0, 0.084, 1.0, 0.174, 1.0, -0.133, 0.982, 0.645, 1.0, 0.479, 1.0, 0.591, 1.0, 0.708, 1.0, 0.828, 1.0, 0.951, 1.0, 1.0, 0.98, 1.0, 0.916, 1.0, 0.839, 1.0, 0.748, 1.0, 0.644, 1.0, 0.525, 1.0, g
1, 1.0, 0.0040, 1.0, -0.012, 1.0, -0.03, 1.0, -0.07, 0.978, -0.063, 1.0, -0.065, 0.973, -0.079, 0.926, -0.137, 0.942, -0.143, 0.996, -0.142, 0.948, -0.136, 0.895, -0.209, 0.891, -0.179, 0.856, -0.186, 0.838, -0.201, 0.839, -0.208, g
1, 0.982, 0.0090, 0.981, -0.038, 0.976, -0.057, 0.959, -0.07, 0.99, -0.045, 0.947, -0.111, 0.934, -0.128, 0.942, -0.116, 0.797, -0.192, 0.883, -0.174, 0.863, -0.187, 0.885, -0.197, 0.818, -0.211, 0.785, -0.239, 0.769, -0.231, 0.743, -0.239, g
1, 1.0, 1.0, 1.0, 1.0, 0.91, 1.0, -0.27, 1.0, -0.832, 1.0, -1.0, 1.0, -1.0, 0.725, -1.0, -0.578, -1.0, -0.421, -1.0, -1.0, -0.528, -1.0, 0.9, -1.0, 1.0, -1.0, 1.0, -1.0, 1.0, -0.347, 1.0, 0.348, g
1, -0.679, -1.0, -1.0, 1.0, 1.0, 0.633, 0.035, -1.0, -1.0, -1.0, 1.0, 1.0, 0.887, -1.0, -1.0, 1.0, 0.838, 1.0, 1.0, -1.0, -1.0, -1.0, -0.189, 1.0, 1.0, -1.0, -1.0, -1.0, -1.0, 1.0, 1.0, 0.336, b
1, 0.083, -0.207, -1.0, 1.0, -1.0, 1.0, 0.719, 0.472, -0.821, -0.627, -1.0, -1.0, -1.0, 1.0, -0.028, 0.592, -0.421, -0.421, -0.746, -1.0, -1.0, -0.468, -1.0, 0.238, 1.0, -1.0, -1.0, -0.389, -1.0, -1.0, -1.0, 0.615, b
1, 1.0, -0.023, 1.0, -0.045, 1.0, -0.067, 1.0, -0.088, 1.0, 0.562, 1.0, -0.127, 1.0, -0.145, 1.0, 0.324, 1.0, -0.176, 0.995, -0.189, 0.956, -0.201, 1.0, -0.923, 0.873, -0.218, 0.829, -0.224, 0.785, -0.228, 0.74, -0.23, g
0, -1.0, 1.0, 1.0, -1.0, -1.0, 1.0, 0.0, 0.0, 1.0, 1.0, -1.0, -0.188, 1.0, 1.0, -1.0, -1.0, 1.0, -1.0, -1.0, -1.0, 1.0, 1.0, 1.0, -1.0, 1.0, 1.0, 1.0, 1.0, 0.0, 0.0, -1.0, -1.0, b
1, 0.172, -1.0, -1.0, 1.0, 0.0, 0.0, 0.0, 0.0, -1.0, 1.0, 0.0, 0.0, -0.614, -0.677, 0.805, 0.361, 0.52, 0.144, 0.0, 0.0, -1.0, -0.271, -0.848, 0.962, 1.0, 1.0, -1.0, 0.677, 0.0, 0.0, 0.0, 0.0, b
0, 1.0, -1.0, 1.0, 1.0, -1.0, -1.0, 1.0, -1.0, 0.0, 0.0, 0.0, 0.0, -1.0, 1.0, 1.0, -1.0, 1.0, -1.0, -0.75, 1.0, 1.0, -1.0, 1.0, -1.0, 1.0, -1.0, -1.0, -1.0, 0.0, 0.0, 1.0, -1.0, b
1, 1.0, 0.051, 1.0, 0.108, 1.0, 0.195, 1.0, 0.285, 1.0, 0.348, 1.0, 0.383, 0.946, 0.429, 0.891, 0.504, 0.759, 0.588, 0.806, 0.6, 0.796, 0.628, 0.666, 0.639, 0.594, 0.694, 0.495, 0.727, 0.47, 0.717, 0.334, 0.752, g
1, 1.0, -0.066, 1.0, 0.629, 1.0, 0.096, 1.0, 0.203, 1.0, -1.0, 1.0, -0.406, 1.0, -0.159, 1.0, 0.049, 1.0, -0.615, 1.0, -0.266, 1.0, -1.0, 1.0, -0.58, 1.0, -0.814, 1.0, -1.0, 1.0, -0.786, 1.0, -0.483, g
0, 1.0, -1.0, 1.0, 1.0, 1.0, 1.0, 1.0, 1.0, 1.0, 1.0, 1.0, -1.0, 1.0, -1.0, 1.0, 1.0, 1.0, -1.0, 1.0, 1.0, 1.0, 1.0, 1.0, -1.0, 1.0, 1.0, 1.0, -1.0, 1.0, 1.0, 1.0, -1.0, b
1, 0.741, 0.05, 0.791, 0.025, 0.786, 0.038, 0.662, 0.099, 0.678, 0.312, 0.759, 0.073, 0.747, 0.084, 0.707, -0.079, 0.636, 0.0, 0.7, 0.114, 0.682, 0.122, 0.67, 0.154, 0.642, 0.136, 0.657, 0.175, 0.598, 0.147, 0.575, 0.151, g
1, 0.42, -0.61, 0.0, 0.0, 1.0, -1.0, 0.9, 1.0, 0.43, 0.64, 0.0, 0.0, 0.0, 0.0, 0.67, -0.29, 0.84, -1.0, 0.0, 0.0, 0.0, 0.0, 0.21, 0.68, 1.0, 0.22, 0.0, 0.0, 0.0, 0.0, 0.0, 0.0, b
1, 0.914, 0.816, -0.73, 1.0, -0.395, 0.557, 0.054, 0.297, -0.186, -0.102, -0.032, -0.09, 0.014, -0.034, 0.011, -0.0050, 0.0030, 0.0010, 0.0, 0.0010, -0.0, 0.0, -0.0, 0.0, -0.0, 0.0, 0.0, 0.0, 0.0, 0.0, 0.0, 0.0, b
1, 0.436, -0.127, 0.582, -0.145, 0.182, -0.673, 0.345, -0.036, 0.291, -0.055, 0.291, 0.291, 0.364, -0.418, 0.2, -0.018, 0.364, 0.055, 0.127, 0.491, 0.618, 0.164, 0.327, 0.164, 0.411, -0.07, 0.345, -0.055, 0.127, -0.364, 0.291, -0.291, b
1, 0.738, 0.833, -0.762, -0.238, 0.333, -0.143, 0.452, -0.143, -0.673, 0.128, 0.333, 0.0, 0.286, -0.071, -0.382, 0.512, 0.238, 0.024, 0.452, 0.048, 0.167, -0.262, -0.573, -0.102, 0.249, -0.511, 1.0, 0.0, -0.667, -0.048, 0.262, 0.024, b
1, 0.641, 0.014, 0.341, -0.024, 0.528, 0.035, 0.195, 0.122, 0.433, 0.048, 0.22, 0.049, 0.293, 0.0, 0.366, 0.0, 0.317, 0.073, 0.268, 0.122, 0.237, 0.058, 0.22, 0.098, 0.193, 0.056, 0.174, 0.055, 0.195, 0.0, 0.171, 0.073, g
1, 0.0, 0.0, 1.0, -1.0, 0.0, 0.0, 0.0, 0.0, 1.0, 1.0, 1.0, -0.253, 1.0, 0.233, 1.0, -1.0, 0.0, 0.0, 0.0, 0.0, 1.0, 1.0, 0.0, 0.0, 1.0, -1.0, 0.0, 0.0, 1.0, -1.0, 0.0, 0.0, b
1, 1.0, -0.378, 0.649, 0.297, 0.649, -0.243, 0.865, 0.189, 1.0, -0.27, 0.514, 0.0, 0.622, -0.054, 0.324, -0.216, 0.718, -0.177, 0.622, 0.054, 0.757, 0.135, 0.351, -0.297, 0.61, -0.222, 0.585, -0.23, 0.73, -0.595, 0.514, -0.243, g
1, 0.945, -0.035, -1.0, -0.332, -1.0, -0.016, 0.973, 0.012, 0.934, -0.02, -1.0, 0.164, -1.0, -0.0040, 0.953, -0.035, 0.922, -0.027, -0.992, 0.117, -0.934, 0.348, 0.957, -0.0040, 0.82, 0.138, 0.902, -0.066, -1.0, -0.188, -1.0, -0.344, b
1, 0.627, -0.078, 0.725, 0.0, 0.608, -0.078, 0.627, -0.118, 0.686, -0.118, 0.667, -0.137, 0.647, -0.098, 0.549, -0.118, 0.549, -0.216, 0.588, -0.196, 0.667, -0.235, 0.451, -0.255, 0.524, -0.247, 0.569, -0.314, 0.431, -0.216, 0.471, -0.275, b
1, -0.656, 0.156, 0.062, 0.0, 0.0, 0.062, 0.625, 0.062, 0.188, 0.0, -0.031, 0.094, 0.062, 0.0, 0.156, -0.156, 0.438, -0.375, 0.0, -0.094, 0.0, 0.0, 0.031, -0.469, 0.031, 0.0, -0.719, 0.031, -0.031, 0.0, 0.0, 0.094, b
1, 0.444, 0.444, 0.537, 0.908, -0.222, 1.0, -0.333, 0.889, -1.0, 0.333, -1.0, -0.111, -1.0, -0.222, -0.667, -0.778, 0.556, -1.0, -0.222, -0.778, 0.778, -0.222, 0.333, 0.0, 0.921, 0.45, 0.575, 0.844, 0.222, 1.0, -0.556, 1.0, g
1, 1.0, 0.0, 1.0, 0.0, 0.5, 0.5, 0.75, 0.0, 0.912, 0.121, 0.891, 0.142, 0.869, 0.162, 0.75, 0.25, 0.75, 0.5, 0.75, 0.0, 1.0, -0.25, 0.5, 0.5, 0.739, 0.264, 0.75, 0.25, 0.696, 0.291, 0.675, 0.303, g
0, -1.0, 1.0, 1.0, 1.0, 0.0, 0.0, 1.0, -1.0, 1.0, -1.0, 1.0, -1.0, -1.0, -1.0, 0.0, 0.0, -1.0, -1.0, 0.0, 0.0, 0.0, 0.0, -1.0, -1.0, 1.0, -1.0, 1.0, 1.0, -1.0, -1.0, 0.0, 0.0, b
1, 1.0, -0.082, 1.0, -0.113, 0.992, -0.298, 1.0, -0.331, 0.967, -0.343, 0.858, -0.473, 0.919, -0.482, 0.731, -0.652, 0.681, -0.635, 0.824, -0.783, 0.588, -0.748, 0.67, -0.963, 0.488, -0.857, 0.379, -0.839, 0.241, -0.888, 0.292, -0.896, g
1, 1.0, -0.095, -1.0, -1.0, -1.0, -1.0, 1.0, 0.317, 0.813, 0.762, -1.0, -1.0, -1.0, 1.0, 0.474, 1.0, 1.0, 1.0, 0.688, -1.0, -1.0, -1.0, 0.829, 0.365, 1.0, 1.0, 1.0, 0.508, -1.0, -0.325, -1.0, 0.728, b
1, 1.0, -1.0, 1.0, 1.0, 1.0, 1.0, 1.0, -0.5, 1.0, 1.0, 1.0, 1.0, 1.0, 1.0, 0.0, 0.0, 1.0, 1.0, 1.0, 1.0, 1.0, -1.0, 1.0, 1.0, 1.0, 0.625, 1.0, -0.75, -0.75, 1.0, 1.0, 1.0, b
1, 0.798, 0.383, 0.808, -0.17, 1.0, -0.077, 0.982, -0.074, 0.702, 0.207, 0.997, 0.021, 0.982, 0.025, 1.0, -0.131, 0.957, 0.077, 1.0, 0.0020, 0.903, 0.308, 1.0, -0.145, 1.0, -0.0040, 0.756, 0.079, 1.0, -0.188, 1.0, -0.057, g
1, 1.0, 0.091, 0.955, -0.091, 0.773, 0.0, 1.0, 0.0, 0.955, 0.0, 1.0, 0.045, 0.909, -0.045, 1.0, 0.0, 1.0, 0.0, 0.864, 0.091, 0.773, 0.091, 0.909, 0.045, 0.915, 0.029, 0.955, 0.091, 0.864, -0.091, 0.864, 0.045, g
0, 0.0, 0.0, -1.0, 1.0, 1.0, 1.0, -1.0, -1.0, 0.0, 0.0, -1.0, -1.0, -1.0, -0.312, -1.0, -1.0, 1.0, -1.0, 1.0, -1.0, 0.0, 0.0, 1.0, -1.0, -1.0, -1.0, 0.0, 0.0, 1.0, -1.0, 0.0, 0.0, b
1, -1.0, 1.0, -1.0, 0.152, 0.284, 1.0, -1.0, 1.0, -1.0, -1.0, 1.0, 1.0, -1.0, -0.235, 0.283, -1.0, 1.0, 1.0, -0.314, -1.0, -1.0, -1.0, 1.0, -1.0, -1.0, -0.036, 1.0, -1.0, -1.0, -0.323, 0.149, 1.0, b
1, 0.474, -0.105, 0.838, 0.018, 0.832, 0.026, 0.684, -0.053, 0.684, 0.0, 0.799, 0.05, 0.783, 0.058, 0.842, 0.474, 1.0, 0.053, 0.726, 0.076, 0.703, 0.081, 0.421, 0.211, 0.654, 0.09, 0.526, -0.211, 0.602, 0.095, 0.574, 0.097, g
1, -0.0060, -0.5, 0.0, 0.0, -0.019, 1.0, 0.0, 0.0, 0.0, 0.0, 0.0, 0.0, 0.0, 0.0, 0.0, 0.0, 0.314, 0.929, -0.353, 0.744, -0.346, -0.808, 0.0, 0.0, -0.615, -0.513, 0.0, 0.0, 0.0, 0.0, 0.0, 0.0, b
0, 1.0, -1.0, 1.0, 1.0, 1.0, -1.0, 1.0, 1.0, 1.0, -1.0, 1.0, 1.0, 1.0, -1.0, 1.0, -1.0, 1.0, 1.0, 1.0, 1.0, 1.0, -1.0, 1.0, -1.0, 1.0, -1.0, 1.0, 1.0, 1.0, -1.0, 1.0, 1.0, b
0, 0.0, 0.0, 0.0, 0.0, 0.0, 0.0, 0.0, 0.0, 0.0, 0.0, 0.0, 0.0, 0.0, 0.0, 0.0, 0.0, 0.0, 0.0, 0.0, 0.0, 0.0, 0.0, 0.0, 0.0, 1.0, 1.0, 0.0, 0.0, 0.0, 0.0, 0.0, 0.0, b
1, 0.385, 0.156, 0.412, 0.074, 0.265, 0.241, 0.233, 0.132, 0.195, 0.253, 0.245, 0.37, 0.089, 0.23, -0.039, 0.37, 0.051, 0.249, 0.249, 0.097, 0.078, 0.3, -0.025, 0.285, -0.06, 0.263, -0.148, 0.148, -0.093, 0.311, -0.191, 0.288, b
0, 0.0, 0.0, 0.0, 0.0, 0.0, 0.0, 0.0, 0.0, 0.0, 0.0, 0.0, 0.0, 0.0, 0.0, 0.0, 0.0, 0.0, 0.0, 0.0, 0.0, 0.0, 0.0, 0.0, 0.0, 1.0, -1.0, 0.0, 0.0, 0.0, 0.0, 0.0, 0.0, b
1, 0.623, -0.035, 0.591, 0.0050, 0.604, -0.075, 0.632, 0.01, 0.625, -0.075, 0.67, 0.072, 0.629, -0.084, 0.675, 0.091, 0.671, 0.0, 0.59, 0.101, 0.501, 0.031, 0.659, 0.141, 0.605, 0.02, 0.514, 0.045, 0.617, -0.01, 0.614, -0.091, g
1, 0.744, -0.024, 0.708, 0.033, 0.722, 0.169, 0.792, 0.077, 0.814, 0.439, 0.638, 0.0060, 0.708, 0.217, 1.0, 0.061, 0.61, 0.051, 0.675, 0.042, 0.52, -0.25, 0.73, -0.158, 0.617, 0.071, 0.309, 0.086, 0.559, 0.075, 0.603, 0.217, g
1, 0.615, 0.189, 0.782, 0.018, 0.775, 0.026, 0.651, -0.103, 0.775, 0.08, 0.74, 0.051, 0.723, 0.058, 0.686, -0.089, 0.617, 0.163, 0.662, 0.076, 0.639, 0.08, 0.602, -0.072, 0.588, 0.088, 0.551, 0.257, 0.534, 0.092, 0.506, 0.093, g
1, 0.894, 0.134, 0.87, 0.315, 0.789, 0.434, 0.634, 0.6, 0.54, 0.71, 0.397, 0.762, 0.243, 0.795, 0.091, 0.796, -0.092, 0.763, -0.202, 0.669, -0.303, 0.626, -0.406, 0.505, -0.462, 0.408, -0.503, 0.273, -0.528, 0.192, -0.488, 0.06, g
1, 0.918, 0.182, 0.861, 0.355, 0.729, 0.457, 0.604, 0.699, 0.504, 0.749, 0.361, 0.818, 0.157, 0.836, 0.0040, 0.852, -0.164, 0.779, -0.36, 0.762, -0.431, 0.654, -0.531, 0.539, -0.603, 0.41, -0.645, 0.273, -0.657, 0.137, -0.641, 0.054, g
1, 0.766, 0.211, 0.639, 0.381, 0.484, 0.525, 0.15, 0.223, 0.138, 0.596, -0.077, 0.445, 0.0, 0.486, -0.275, 0.42, -0.561, 0.368, -0.366, 0.189, -0.405, 0.076, -0.385, -0.032, -0.339, -0.125, -0.275, -0.197, -0.2, -0.246, -0.119, -0.272, g
1, 1.0, 0.114, 0.7, -0.121, 0.816, 0.097, 0.712, 0.011, 0.562, -0.078, 0.691, 0.125, 0.586, 0.04, 0.531, -0.034, 0.694, 0.169, 0.727, 0.072, 0.321, 0.059, 0.533, 0.374, 0.491, 0.18, 0.152, 0.324, 0.441, 0.189, 0.562, 0.152, g
1, 0.848, 0.068, 0.806, -0.023, 0.77, -0.033, 0.667, -0.066, 0.596, -0.077, 0.673, -0.058, 0.643, -0.064, 0.392, 0.045, 0.713, 0.014, 0.56, -0.08, 0.534, -0.085, 0.47, -0.228, 0.487, -0.091, 0.526, -0.085, 0.443, -0.096, 0.422, -0.098, g
1, 0.501, -0.036, 0.611, 0.013, 0.589, 0.016, 0.589, 0.025, 0.667, -0.0040, 0.717, -0.047, 0.665, 0.0090, 0.573, 0.025, 0.647, -0.074, 0.569, 0.142, 0.575, -0.036, 0.465, 0.049, 0.566, 0.0080, 0.476, -0.036, 0.546, 0.106, 0.607, -0.081, g
1, 0.681, 0.104, 0.77, 0.035, 0.652, 0.081, 0.61, -0.0050, 0.79, 0.119, 0.598, 0.049, 0.625, 0.096, 0.783, -0.175, 0.738, -0.109, 0.486, 0.01, 0.61, 0.081, 0.667, -0.128, 0.638, -0.025, 0.765, 0.022, 0.612, -0.072, 0.514, -0.047, g
1, 0.898, 0.352, 0.673, 0.622, 0.439, 0.944, -0.036, 0.805, -0.228, 0.753, -0.251, 0.488, -0.574, 0.284, -0.668, 0.106, -0.474, -0.062, -0.811, -0.06, -0.332, -0.476, -0.129, -0.536, 0.072, -0.519, 0.243, -0.435, 0.366, -0.301, 0.428, 0.133, g
1, 0.473, 0.195, 0.062, -0.183, 0.623, 0.01, 0.456, -0.044, 0.565, 0.018, 0.447, 0.275, 0.716, -0.038, 0.556, 0.124, 0.414, 0.115, 0.528, 0.028, 0.512, -0.107, 0.479, -0.024, 0.465, 0.033, 0.536, 0.251, 0.32, -0.145, 0.346, -0.0030, g
1, 0.882, 0.306, 0.732, 0.578, 0.341, 0.585, 0.057, 1.0, -0.092, 0.921, -0.624, 0.72, -0.698, 0.326, -0.814, 0.412, -1.0, -0.0080, -0.79, -0.411, -0.769, -0.455, -0.572, -0.676, -0.316, -0.819, -0.03, -0.868, 0.254, -0.821, 0.0020, -0.817, g
1, 0.834, 0.315, 0.655, 0.577, 0.35, 0.707, 0.173, 0.789, -0.19, 0.799, -0.417, 0.665, -0.684, 0.477, -0.747, 0.195, -0.722, -0.049, -0.62, -0.282, -0.492, -0.535, -0.266, -0.66, -0.015, -0.697, 0.227, -0.644, 0.431, -0.512, 0.647, -0.301, g
1, 0.333, -0.25, 0.444, 0.222, 0.389, 0.167, 0.417, 0.139, 0.5, -0.111, 0.549, -0.084, 0.583, 0.333, 0.556, 0.028, 0.25, -0.194, 0.472, -0.056, 0.528, -0.028, 0.389, 0.083, 0.415, -0.143, 0.194, -0.139, 0.369, -0.148, 0.083, -0.5, g
1, 0.881, 0.352, 0.684, 0.651, 0.348, 0.798, 0.058, 0.908, -0.298, 0.865, -0.626, 0.696, -0.771, 0.393, -0.858, 0.084, -0.816, -0.24, -0.646, -0.5, -0.398, -0.683, -0.111, -0.755, 0.17, -0.715, 0.407, -0.576, 0.566, -0.368, 0.628, -0.133, g
1, 0.748, 0.0080, 0.833, 0.017, 0.826, 0.025, 0.866, 0.017, 0.605, 0.059, 0.791, 0.047, 0.774, 0.054, 0.647, 0.193, 0.84, 0.042, 0.713, 0.071, 0.689, 0.076, 0.664, 0.084, 0.637, 0.083, 0.613, 0.017, 0.582, 0.088, 0.553, 0.089, g
1, 0.895, -0.032, 0.875, 0.055, 0.895, 0.014, 0.929, 0.028, 0.913, -0.01, 0.941, -0.016, 0.919, 0.034, 0.937, 0.0, 0.943, 0.014, 0.905, 0.0080, 0.887, -0.018, 0.893, 0.024, 0.89, 0.016, 0.881, 0.0020, 0.873, 0.042, 0.867, 0.024, g
1, 0.394, -0.242, 0.627, 0.013, 0.455, 0.091, 0.636, 0.091, 0.212, -0.212, 0.576, 0.152, 0.394, 0.0, 0.562, 0.046, 0.515, 0.03, 0.788, 0.182, 0.303, -0.152, 0.485, 0.059, 0.464, 0.061, 0.333, -0.03, 0.419, 0.064, 0.394, 0.242, g
1, 0.905, 0.411, 0.654, 0.748, 0.299, 0.959, -0.133, 0.978, -0.522, 0.833, -0.797, 0.551, -0.966, 0.152, -0.93, -0.256, -0.719, -0.594, -0.415, -0.852, -0.022, -0.938, 0.363, -0.854, 0.675, -0.62, 0.86, -0.281, 0.887, 0.098, 0.755, 0.463, g
1, 1.0, 0.515, 0.455, 0.333, 0.061, 0.364, -0.321, 0.731, -0.455, 0.485, -0.576, 0.0, -0.576, -0.121, -0.333, -0.485, -0.091, -0.848, 0.485, -0.576, 0.576, -0.424, 1.0, -0.394, 0.73, 0.123, 0.97, 0.576, 0.242, 0.364, 0.091, 0.333, g
1, 0.876, 0.037, 0.9, 0.0030, 0.892, 0.0050, 0.863, 0.0, 0.95, 0.075, 0.87, 0.01, 0.863, 0.012, 0.839, -0.062, 0.857, 0.025, 0.842, 0.016, 0.835, 0.017, 0.795, -0.043, 0.821, 0.02, 0.82, 0.087, 0.808, 0.023, 0.801, 0.024, g
1, 0.76, 0.011, 0.863, 0.0030, 0.858, 0.0040, 0.8, 0.023, 0.815, 0.121, 0.831, 0.0070, 0.818, 0.0090, 0.828, -0.07, 0.765, 0.039, 0.77, 0.011, 0.751, 0.012, 0.771, -0.0030, 0.709, 0.014, 0.662, 0.0080, 0.663, 0.015, 0.639, 0.015, g
1, 0.835, 0.083, 0.737, -0.147, 0.843, -0.056, 0.904, -0.046, 0.894, 0.131, 0.812, 0.067, 0.793, -0.089, 1.0, -0.021, 0.966, 0.066, 0.876, 0.012, 0.775, 0.066, 0.954, -0.042, 0.835, 0.0010, 1.0, 0.128, 0.867, -0.107, 0.905, -0.043, g
1, 0.951, 0.0040, 0.952, -0.027, 0.934, -0.019, 0.946, 0.016, 0.965, 0.033, 0.942, 0.073, 0.946, -0.013, 0.972, 0.0010, 0.948, 0.06, 0.927, 0.084, 0.931, 0.101, 0.945, 0.014, 0.935, 0.049, 0.932, 0.082, 0.941, -0.0, 0.915, 0.047, g
1, 0.947, -0.0, 0.932, -0.032, 0.952, -0.034, 0.956, 0.024, 0.941, 0.018, 0.926, 0.047, 0.94, -0.015, 0.948, 0.02, 0.938, 0.014, 0.914, 0.077, 0.895, 0.061, 0.94, 0.032, 0.925, 0.025, 0.921, 0.022, 0.925, 0.0040, 0.927, -0.0060, g
1, 0.906, -0.017, 0.981, -0.02, 0.957, -0.036, 0.857, 0.0010, 0.897, -0.033, 0.891, -0.014, 0.906, -0.045, 0.914, -0.0090, 0.808, -0.129, 0.887, 0.012, 0.922, -0.023, 0.91, -0.021, 0.891, -0.078, 0.83, -0.172, 0.96, -0.038, 0.874, -0.162, g
1, 1.0, 0.455, 1.0, -0.455, 1.0, 0.091, 1.0, -0.091, 1.0, 0.0, 1.0, -0.273, 1.0, -0.182, 1.0, 0.091, 1.0, 0.0, 1.0, -0.364, 1.0, 0.091, 1.0, -0.091, 1.0, -0.049, 1.0, 0.455, 1.0, -0.273, 1.0, -0.182, g
1, 0.621, -0.636, 0.0, 0.0, 0.0, 0.0, 0.345, 0.288, 0.428, 0.394, -0.076, 0.519, 0.364, 0.314, -0.538, 0.33, 0.121, -0.148, 0.019, -0.534, -0.576, 0.178, 0.292, -0.273, 0.258, -0.576, 0.432, 0.242, 0.182, -0.023, 0.17, -0.417, b
1, 0.97, -0.144, 0.913, -0.0020, 0.966, -0.171, 0.986, 0.183, 0.918, 0.0020, 0.936, -0.084, 0.913, -0.0020, 0.868, -0.087, 0.97, -0.212, 1.0, 0.103, 0.92, -0.053, 0.925, 0.068, 0.94, -0.093, 0.97, -0.201, 0.854, -0.087, 0.966, -0.219, g
