@relation unknow
@attribute a1 real [13.0, 334177.0]
@attribute a2 real [0.0, 256382.0]
@attribute a3 real [3.0, 5323.0]
@attribute a4 real [1.0, 893.0]
@attribute a5 real [0.0, 675.0]
@attribute a6 real [-457916.0, 575241.0]
@attribute a7 real [-297172.0, 238321.0]
@attribute a8 real [-205895.0, 179851.0]
@attribute a9 real [0.0, 89958.0]
@attribute a10 real [57.0, 495561.0]
@attribute a11 {g, h}
@inputs a1, a2, a3, a4, a5, a6, a7, a8, a9, a10
@outputs a11
@data
29817.0, 19836.0, 2737.0, 372.0, 239.0, 10007.0, 23941.0, 1507.0, 15933.0, 222184.0, g
25569.0, 19074.0, 2291.0, 716.0, 422.0, 16707.0, 25194.0, -14876.0, 74308.0, 31647.0, g
37352.0, 16865.0, 2788.0, 396.0, 209.0, 4494.0, 31505.0, -11611.0, 1713.0, 184572.0, g
32095.0, 13411.0, 2692.0, 405.0, 237.0, 40987.0, 17301.0, 665.0, 14233.0, 197379.0, g
5777.0, 19841.0, 3146.0, 227.0, 15.0, 33752.0, 43278.0, -4855.0, 6527.0, 154146.0, g
43964.0, 15125.0, 2845.0, 321.0, 203.0, -24454.0, -25943.0, 11334.0, 1228.0, 17196.0, g
34929.0, 15993.0, 2566.0, 35.0, 186.0, 31174.0, 23947.0, -8175.0, 1394.0, 210866.0, g
36457.0, 962.0, 247.0, 522.0, 273.0, 3059.0, 22794.0, -3698.0, 19724.0, 228153.0, g
2271.0, 17514.0, 2541.0, 368.0, 2.0, -9084.0, 9921.0, -15822.0, 78773.0, 140182.0, g
94843.0, 46501.0, 4161.0, 84.0, 44.0, 97085.0, 82809.0, -29645.0, 3276.0, 264476.0, g
20083.0, 15499.0, 2363.0, 477.0, 25.0, 1227.0, 18253.0, 10776.0, 2062.0, 96767.0, g
18514.0, 16925.0, 2533.0, 55.0, 291.0, 22226.0, 8083.0, -14144.0, 1174.0, 161406.0, g
22616.0, 12698.0, 2279.0, 579.0, 313.0, 17014.0, 10195.0, 9062.0, 34598.0, 178035.0, g
483.0, 20615.0, 3009.0, 215.0, 119.0, 3648.0, 33103.0, -16025.0, 13028.0, 193971.0, g
28468.0, 2005.0, 2744.0, 347.0, 236.0, 17998.0, 1904.0, -14626.0, 10618.0, 12478.0, g
71958.0, 1256.0, 2723.0, 388.0, 207.0, -58961.0, 44307.0, 708.0, 9054.0, 273848.0, g
26197.0, 12225.0, 2317.0, 482.0, 268.0, -4699.0, -1893.0, 9892.0, 11782.0, 116856.0, g
33148.0, 26149.0, 3115.0, 239.0, 126.0, -25817.0, -16051.0, 20315.0, 38817.0, 196181.0, g
36148.0, 19977.0, 2869.0, 292.0, 157.0, -195.0, -30411.0, -8906.0, 4672.0, 194419.0, g
42389.0, 10806.0, 2598.0, 404.0, 213.0, 34864.0, -18703.0, 11821.0, 5565.0, 171184.0, g
48466.0, 22726.0, 2953.0, 348.0, 203.0, 31578.0, 39313.0, 24837.0, 4825.0, 266665.0, g
47052.0, 18388.0, 2827.0, 359.0, 196.0, -1035.0, -32511.0, -127.0, 31668.0, 151889.0, g
18384.0, 16408.0, 2395.0, 483.0, 26.0, -769.0, 17391.0, -9623.0, 60543.0, 163281.0, g
90939.0, 33775.0, 3625.0, 199.0, 11.0, -73914.0, 68452.0, -15518.0, 1479.0, 347008.0, g
61739.0, 2616.0, 3108.0, 222.0, 115.0, 62324.0, 54742.0, -1871.0, 5861.0, 290023.0, g
22739.0, 12969.0, 2606.0, 545.0, 274.0, -5073.0, -16233.0, 6289.0, 58685.0, 76876.0, g
54251.0, 12711.0, 2583.0, 431.0, 218.0, 51281.0, 56512.0, -9784.0, 29.0, 130162.0, g
39365.0, 16034.0, 2806.0, 376.0, 189.0, 15544.0, 26621.0, -15248.0, 19417.0, 155325.0, g
25964.0, 11712.0, 2481.0, 462.0, 259.0, -18962.0, 16043.0, -7625.0, 19874.0, 136037.0, g
32223.0, 10195.0, 2496.0, 377.0, 196.0, -8748.0, 24494.0, 5144.0, 7226.0, 150414.0, g
22976.0, 14836.0, 2438.0, 561.0, 388.0, 5967.0, 19685.0, -15023.0, 16534.0, 143194.0, g
20456.0, 1498.0, 2489.0, 503.0, 258.0, 2498.0, -4201.0, -7897.0, 5219.0, 140296.0, g
3226.0, 12697.0, 2646.0, 339.0, 173.0, -8877.0, 10699.0, 8575.0, 457.0, 200717.0, g
18684.0, 16877.0, 2298.0, 458.0, 234.0, -7434.0, 1789.0, -8522.0, 16088.0, 72183.0, g
111015.0, 60462.0, 446.0, 53.0, 27.0, 128299.0, 83229.0, 24357.0, 2608.0, 28434.0, g
74442.0, 28357.0, 321.0, 242.0, 143.0, -77337.0, 36801.0, 17637.0, 3908.0, 284264.0, g
76103.0, 19698.0, 3224.0, 214.0, 12.0, 52566.0, 68988.0, 10508.0, 1341.0, 2623.0, g
50646.0, 29554.0, 3298.0, 193.0, 1.0, -67051.0, 44601.0, -22432.0, 1905.0, 281812.0, g
89596.0, 21532.0, 2772.0, 24.0, 123.0, -48124.0, -104224.0, -13146.0, 7438.0, 209439.0, g
21763.0, 12479.0, 2363.0, 525.0, 271.0, 28702.0, -8014.0, 4391.0, 26131.0, 152444.0, g
26872.0, 10844.0, 258.0, 479.0, 283.0, 4524.0, 21714.0, 11098.0, 14532.0, 202706.0, g
84251.0, 3061.0, 325.0, 163.0, 83.0, 69166.0, 58212.0, 22456.0, 11124.0, 23064.0, g
29043.0, 12178.0, 2408.0, 402.0, 205.0, -34464.0, -24012.0, 956.0, 11474.0, 160369.0, g
37963.0, 24188.0, 2835.0, 226.0, 147.0, 37707.0, 19804.0, 14882.0, 171.0, 186551.0, g
183.0, 12505.0, 2468.0, 658.0, 366.0, 8893.0, -15848.0, 2125.0, 73658.0, 189598.0, g
13655.0, 9765.0, 2306.0, 83.0, 432.0, -14588.0, -4808.0, -11764.0, 35794.0, 145977.0, g
107508.0, 41832.0, 3612.0, 117.0, 65.0, 87866.0, 88203.0, -36017.0, 456.0, 254697.0, g
75505.0, 23002.0, 3223.0, 204.0, 106.0, -82446.0, 57015.0, 17736.0, 2359.0, 279095.0, g
49191.0, 17368.0, 2951.0, 243.0, 124.0, -19949.0, 33353.0, -13977.0, 425.0, 246468.0, g
68066.0, 24957.0, 3224.0, 169.0, 87.0, -80377.0, -33996.0, -15662.0, 8087.0, 25771.0, g
18662.0, 9974.0, 224.0, 632.0, 371.0, 21073.0, 12418.0, -489.0, 45717.0, 145127.0, g
31906.0, 16915.0, 2638.0, 348.0, 181.0, -17161.0, 17927.0, 14494.0, 22645.0, 146291.0, g
45613.0, 15873.0, 2945.0, 233.0, 129.0, -1536.0, -22725.0, -934.0, 504.0, 165769.0, g
27224.0, 11922.0, 2525.0, 457.0, 237.0, 33815.0, 20885.0, 6178.0, 1615.0, 189699.0, g
22121.0, 10584.0, 225.0, 562.0, 317.0, 22395.0, 191.0, 10768.0, 13934.0, 53711.0, g
50035.0, 20978.0, 2938.0, 296.0, 175.0, 37601.0, 42554.0, -10207.0, 6035.0, 275673.0, g
65065.0, 15056.0, 2893.0, 332.0, 186.0, 31324.0, 72984.0, -11522.0, 8579.0, 219098.0, g
45102.0, 20097.0, 3165.0, 193.0, 98.0, 34549.0, 31435.0, -8076.0, 127.0, 171526.0, g
85643.0, 24271.0, 3507.0, 127.0, 65.0, 68376.0, 77444.0, -14179.0, 6784.0, 204996.0, g
55527.0, 12652.0, 2433.0, 435.0, 253.0, 42159.0, 36752.0, -7959.0, 13331.0, 166405.0, g
7955.0, 57474.0, 3918.0, 18.0, 96.0, -39385.0, -54769.0, -441.0, 8681.0, 392792.0, g
34352.0, 17798.0, 2838.0, 374.0, 218.0, 39656.0, 27373.0, -5373.0, 49.0, 15966.0, g
12605.0, 1182.0, 2175.0, 696.0, 378.0, -16096.0, 9832.0, -7715.0, 6016.0, 139723.0, g
90403.0, 38481.0, 3876.0, 153.0, 79.0, -82984.0, 48257.0, -15719.0, 1582.0, 359328.0, g
66941.0, 22672.0, 3059.0, 266.0, 133.0, 51719.0, 76803.0, -9808.0, 5633.0, 154979.0, g
2451.0, 16232.0, 2605.0, 392.0, 2.0, -1086.0, -14372.0, -9165.0, 66635.0, 122289.0, g
36275.0, 12237.0, 264.0, 401.0, 23.0, 37379.0, 3064.0, -675.0, 2975.0, 168353.0, g
21161.0, 6987.0, 2063.0, 719.0, 394.0, -23216.0, -12034.0, -6238.0, 52391.0, 45292.0, g
29478.0, 19768.0, 276.0, 308.0, 161.0, -11064.0, 1406.0, -11716.0, 1605.0, 152973.0, g
33847.0, 13036.0, 2406.0, 435.0, 229.0, 2113.0, 2074.0, 7349.0, 8727.0, 235852.0, g
60242.0, 17571.0, 2789.0, 272.0, 158.0, -48931.0, -48094.0, 15326.0, 30291.0, 187106.0, g
19169.0, 12476.0, 2383.0, 547.0, 3.0, 1924.0, -11782.0, -8516.0, 6422.0, 180482.0, g
80171.0, 28123.0, 3601.0, 186.0, 105.0, -66866.0, 65074.0, 17085.0, 103.0, 27341.0, g
56334.0, 20665.0, 273.0, 326.0, 213.0, -80664.0, 22517.0, -13787.0, 2257.0, 281088.0, g
20853.0, 11555.0, 2683.0, 557.0, 327.0, -25185.0, -9922.0, 5922.0, 33472.0, 146912.0, g
20379.0, 6807.0, 2203.0, 79.0, 467.0, 19654.0, 15246.0, 5532.0, 55157.0, 195712.0, g
35974.0, 13951.0, 2664.0, 49.0, 268.0, 30636.0, 33553.0, -9433.0, 9246.0, 109853.0, g
124496.0, 30983.0, 3004.0, 195.0, 1.0, 81841.0, 98483.0, -22611.0, 88582.0, 97185.0, g
32988.0, 17061.0, 2926.0, 313.0, 187.0, 4957.0, -6486.0, -10384.0, 759.0, 221887.0, g
105761.0, 19959.0, 274.0, 302.0, 159.0, -122144.0, 87716.0, -21865.0, 7614.0, 241405.0, g
66057.0, 23426.0, 3041.0, 239.0, 123.0, -78467.0, 3736.0, 12031.0, 11302.0, 28162.0, g
58358.0, 26202.0, 3478.0, 164.0, 84.0, 44139.0, 45007.0, 10932.0, 3804.0, 239997.0, g
35437.0, 15123.0, 2533.0, 346.0, 195.0, 30539.0, 21927.0, -12035.0, 44692.0, 177921.0, g
53682.0, 22067.0, 2848.0, 399.0, 273.0, -35348.0, -14186.0, -24562.0, 164.0, 295107.0, g
20016.0, 12426.0, 2414.0, 486.0, 287.0, -1489.0, 9718.0, -10519.0, 3954.0, 194395.0, g
51322.0, 27509.0, 3678.0, 183.0, 93.0, 24319.0, 49447.0, -19496.0, 5617.0, 128052.0, g
80694.0, 2746.0, 384.0, 154.0, 81.0, 34382.0, 82165.0, 19604.0, 913.0, 290335.0, g
53148.0, 17762.0, 2531.0, 406.0, 228.0, 32344.0, 49604.0, -12267.0, 3962.0, 109711.0, g
25203.0, 14926.0, 2476.0, 528.0, 322.0, 6987.0, 19717.0, 15543.0, 24927.0, 155933.0, g
45207.0, 16832.0, 2787.0, 338.0, 202.0, 47789.0, 4347.0, 14596.0, 17765.0, 236387.0, g
46409.0, 19979.0, 3127.0, 206.0, 104.0, 47887.0, 15703.0, -13512.0, 1164.0, 234202.0, g
81924.0, 24034.0, 312.0, 277.0, 182.0, 80645.0, 67956.0, -16838.0, 4296.0, 200021.0, g
24389.0, 13944.0, 2509.0, 483.0, 271.0, 5282.0, 20126.0, 7054.0, 35974.0, 165683.0, g
72677.0, 2939.0, 3327.0, 128.0, 66.0, -107161.0, 60275.0, -14003.0, 1712.0, 22312.0, g
38778.0, 14941.0, 3039.0, 289.0, 169.0, 3091.0, 16457.0, -3694.0, 6554.0, 183625.0, g
40676.0, 15594.0, 2745.0, 277.0, 145.0, 19623.0, 903.0, 7416.0, 15426.0, 193234.0, g
45528.0, 24125.0, 283.0, 275.0, 141.0, 44798.0, 21964.0, -16832.0, 6511.0, 241384.0, g
64313.0, 17177.0, 262.0, 329.0, 21.0, 60601.0, 62023.0, -13253.0, 6749.0, 3374.0, g
20221.0, 11167.0, 232.0, 588.0, 294.0, 817.0, -18365.0, 8412.0, 38769.0, 206788.0, g
96883.0, 32319.0, 3938.0, 124.0, 65.0, 37037.0, 77513.0, 21059.0, 3965.0, 304103.0, g
25566.0, 1635.0, 2586.0, 384.0, 217.0, 8939.0, 17794.0, -7336.0, 9182.0, 246247.0, g
20542.0, 9642.0, 221.0, 63.0, 38.0, -5248.0, 1584.0, -10495.0, 20592.0, 149561.0, g
74796.0, 19332.0, 3124.0, 286.0, 148.0, 35261.0, 56546.0, 15849.0, 7468.0, 268526.0, g
17703.0, 1258.0, 2429.0, 611.0, 341.0, -3622.0, 12005.0, -7682.0, 26508.0, 150667.0, g
18288.0, 12989.0, 2402.0, 515.0, 267.0, -14277.0, -7229.0, -3933.0, 48039.0, 157526.0, g
16962.0, 732.0, 2234.0, 828.0, 568.0, -2802.0, -554.0, 5338.0, 82758.0, 113965.0, g
43369.0, 17469.0, 3056.0, 262.0, 146.0, 5997.0, 29224.0, -12376.0, 325.0, 188124.0, g
93026.0, 23209.0, 2897.0, 265.0, 143.0, 70556.0, 84475.0, -22286.0, 253.0, 31038.0, g
23201.0, 9773.0, 2279.0, 558.0, 292.0, -25585.0, -17104.0, -10658.0, 30741.0, 52986.0, g
423.0, 15251.0, 2476.0, 347.0, 175.0, -33265.0, 23131.0, -8302.0, 11149.0, 163001.0, g
33619.0, 9027.0, 2471.0, 466.0, 258.0, -1038.0, -20195.0, -2697.0, 11737.0, 237232.0, g
34795.0, 16303.0, 2764.0, 315.0, 168.0, -2515.0, -27742.0, -9135.0, 5364.0, 213628.0, g
70686.0, 18804.0, 2952.0, 233.0, 127.0, 33128.0, 68589.0, 11285.0, 28015.0, 23474.0, g
22499.0, 10446.0, 2262.0, 568.0, 342.0, 22206.0, 19508.0, -11045.0, 26949.0, 225367.0, g
19996.0, 12712.0, 2808.0, 523.0, 318.0, 15051.0, 14827.0, -3234.0, 369.0, 133652.0, g
58832.0, 27402.0, 359.0, 15.0, 82.0, -7498.0, 46011.0, 22408.0, 4046.0, 237392.0, g
18557.0, 10138.0, 2415.0, 619.0, 325.0, -2143.0, 8602.0, -6165.0, 13119.0, 132062.0, g
90374.0, 24794.0, 3061.0, 219.0, 112.0, 8348.0, 76439.0, -20401.0, 3825.0, 242765.0, g
24071.0, 19913.0, 2799.0, 467.0, 268.0, 19948.0, 24672.0, -9681.0, 16266.0, 44764.0, g
53735.0, 19558.0, 282.0, 189.0, 96.0, -1788.0, -41352.0, 14228.0, 11706.0, 203392.0, g
52548.0, 20897.0, 2546.0, 443.0, 243.0, 6855.0, 37572.0, 6984.0, 21538.0, 346315.0, g
25123.0, 15366.0, 2453.0, 497.0, 259.0, -714.0, -5441.0, 11252.0, 31699.0, 123588.0, g
36237.0, 17355.0, 2981.0, 265.0, 135.0, 46554.0, 12144.0, -6197.0, 6444.0, 166948.0, g
41241.0, 16844.0, 2622.0, 291.0, 149.0, -24295.0, 18492.0, -12242.0, 19484.0, 189459.0, g
17735.0, 10837.0, 2225.0, 571.0, 289.0, -23356.0, -896.0, -4441.0, 88746.0, 194393.0, g
38407.0, 19418.0, 2889.0, 324.0, 197.0, -28629.0, -25369.0, -17151.0, 11456.0, 158769.0, g
30302.0, 18452.0, 2679.0, 366.0, 208.0, -7625.0, -25087.0, 1384.0, 88424.0, 214766.0, g
18248.0, 12743.0, 2479.0, 58.0, 304.0, 5022.0, -13079.0, 9087.0, 14967.0, 115333.0, g
29819.0, 14244.0, 2508.0, 369.0, 197.0, -23387.0, -19882.0, 11582.0, 2141.0, 159168.0, g
24675.0, 12052.0, 2566.0, 435.0, 23.0, 5528.0, 10159.0, 9297.0, 15901.0, 140021.0, g
56801.0, 25218.0, 3566.0, 165.0, 103.0, 13968.0, 4769.0, 14735.0, 8732.0, 200659.0, g
95498.0, 22224.0, 3142.0, 172.0, 99.0, -153261.0, 62568.0, -18619.0, 4008.0, 17711.0, g
26433.0, 1552.0, 2544.0, 483.0, 327.0, -11876.0, -8189.0, -8137.0, 5336.0, 147446.0, g
25814.0, 10748.0, 2424.0, 49.0, 284.0, -15448.0, -20251.0, 5321.0, 7007.0, 93398.0, g
2277.0, 11358.0, 2534.0, 556.0, 288.0, 10182.0, 57.0, 3983.0, 1512.0, 116047.0, g
40674.0, 23956.0, 2935.0, 225.0, 116.0, 19752.0, 28386.0, -21669.0, 46574.0, 149342.0, g
86243.0, 31479.0, 3793.0, 183.0, 96.0, -4811.0, 46552.0, 1934.0, 1149.0, 351204.0, g
41901.0, 16493.0, 2737.0, 352.0, 239.0, 28093.0, -27496.0, -8902.0, 4624.0, 208321.0, g
37998.0, 21652.0, 2947.0, 252.0, 134.0, -5547.0, 20436.0, -18226.0, 549.0, 25065.0, g
84545.0, 35091.0, 3414.0, 227.0, 128.0, -1941.0, 28525.0, -23047.0, 3034.0, 307496.0, g
18883.0, 1009.0, 2444.0, 594.0, 333.0, -22814.0, -1084.0, 4496.0, 5786.0, 197527.0, g
99105.0, 43012.0, 4098.0, 93.0, 48.0, -49523.0, 78408.0, 27748.0, 365.0, 290201.0, g
20859.0, 6813.0, 2126.0, 764.0, 453.0, 20607.0, 14894.0, 5985.0, 63211.0, 119043.0, g
26566.0, 20559.0, 2488.0, 371.0, 203.0, 18147.0, -21218.0, 17049.0, 10041.0, 184231.0, g
2558.0, 17844.0, 2657.0, 405.0, 23.0, 13212.0, -8252.0, -14795.0, 1804.0, 144022.0, g
39997.0, 18278.0, 3076.0, 278.0, 157.0, 35516.0, 36304.0, 10364.0, 851.0, 261951.0, g
23412.0, 1238.0, 2509.0, 436.0, 265.0, -5546.0, -13717.0, -7977.0, 33246.0, 159304.0, g
2379.0, 10696.0, 2328.0, 596.0, 312.0, -32435.0, 174.0, -7129.0, 1487.0, 150927.0, g
12999.0, 11234.0, 2088.0, 751.0, 38.0, 14995.0, -2965.0, -11802.0, 77453.0, 126999.0, g
20205.0, 12664.0, 2592.0, 494.0, 283.0, 1844.0, 1134.0, -5547.0, 6745.0, 196745.0, g
30288.0, 12826.0, 246.0, 388.0, 241.0, -28918.0, -17866.0, 6596.0, 26845.0, 22935.0, g
31172.0, 16945.0, 2809.0, 298.0, 156.0, 33184.0, 957.0, -6909.0, 46111.0, 59682.0, g
17497.0, 7466.0, 2194.0, 78.0, 546.0, -406.0, -1047.0, 4277.0, 18256.0, 164397.0, g
18244.0, 11813.0, 2366.0, 568.0, 411.0, -25.0, -3987.0, -11444.0, 68354.0, 189542.0, g
2961.0, 13938.0, 2497.0, 49.0, 266.0, 30503.0, -13704.0, 7529.0, 53624.0, 2799.0, g
224.0, 10068.0, 2348.0, 592.0, 303.0, 30381.0, -14931.0, -495.0, 18907.0, 18646.0, g
929.0, 27648.0, 3364.0, 224.0, 135.0, -42754.0, 71796.0, -28444.0, 1324.0, 318747.0, g
31903.0, 1483.0, 2805.0, 398.0, 203.0, 16546.0, 19945.0, 14206.0, 6905.0, 224639.0, g
40829.0, 13151.0, 263.0, 349.0, 189.0, 59905.0, 21168.0, 11826.0, 26798.0, 13624.0, g
26156.0, 9979.0, 237.0, 542.0, 292.0, 29668.0, 21948.0, 5968.0, 61282.0, 95288.0, g
60897.0, 23653.0, 2997.0, 263.0, 151.0, -56121.0, 20117.0, 12779.0, 411.0, 273238.0, g
34844.0, 21567.0, 2711.0, 288.0, 153.0, 15901.0, 12888.0, -19526.0, 5877.0, 117459.0, g
23311.0, 17672.0, 2441.0, 431.0, 263.0, -9387.0, -18977.0, -15063.0, 82058.0, 168579.0, g
21014.0, 7134.0, 2129.0, 677.0, 346.0, -218.0, 476.0, -6175.0, 8005.0, 147092.0, g
109535.0, 37033.0, 3432.0, 156.0, 93.0, 92122.0, 93783.0, 3065.0, 6105.0, 171334.0, g
12405.0, 12078.0, 2039.0, 676.0, 352.0, 16846.0, -10587.0, 0.0, 7605.0, 226686.0, g
32969.0, 23438.0, 3039.0, 316.0, 162.0, 26306.0, 22691.0, -18898.0, 125.0, 1756.0, g
41735.0, 16041.0, 2951.0, 278.0, 148.0, -37492.0, -2169.0, -2396.0, 5686.0, 201078.0, g
12976.0, 11262.0, 2343.0, 748.0, 392.0, 14965.0, -5046.0, -11662.0, 4447.0, 193793.0, g
31557.0, 14111.0, 252.0, 326.0, 18.0, -24799.0, -1448.0, 6483.0, 21041.0, 140418.0, g
34195.0, 22252.0, 2991.0, 277.0, 14.0, -6064.0, 22729.0, 1626.0, 6437.0, 177538.0, g
28045.0, 12814.0, 2411.0, 493.0, 254.0, -23454.0, -2572.0, -496.0, 4801.0, 23365.0, g
29362.0, 11358.0, 2374.0, 461.0, 235.0, 24666.0, -21685.0, -3825.0, 76263.0, 212106.0, g
37314.0, 1591.0, 2858.0, 28.0, 158.0, 6588.0, -28581.0, 6621.0, 6132.0, 203961.0, g
3012.0, 27438.0, 2696.0, 286.0, 162.0, 5808.0, 21304.0, 15666.0, 5111.0, 115295.0, g
75325.0, 31193.0, 3219.0, 217.0, 113.0, -29538.0, -78225.0, -23953.0, 2981.0, 246753.0, g
6801.0, 21626.0, 3131.0, 309.0, 184.0, -61701.0, 60126.0, 17041.0, 4058.0, 268331.0, g
25465.0, 14968.0, 2381.0, 528.0, 264.0, -18927.0, 15901.0, -16773.0, 72959.0, 26899.0, g
67409.0, 28387.0, 3353.0, 192.0, 1.0, -3471.0, 59816.0, 19055.0, 125.0, 30606.0, g
17678.0, 10814.0, 2384.0, 578.0, 304.0, -22655.0, -9681.0, -3986.0, 23666.0, 145942.0, g
49862.0, 14883.0, 2773.0, 299.0, 163.0, 30654.0, 34732.0, 10331.0, 3757.0, 177956.0, g
32829.0, 21066.0, 2769.0, 326.0, 183.0, 38472.0, 2399.0, -11517.0, 3243.0, 107769.0, g
59441.0, 2111.0, 3278.0, 164.0, 83.0, -13703.0, 4506.0, 11017.0, 3819.0, 252332.0, g
66049.0, 19023.0, 2489.0, 47.0, 271.0, 56469.0, 455.0, 6712.0, 5112.0, 271724.0, g
57221.0, 23682.0, 3136.0, 304.0, 17.0, -54822.0, -20756.0, -19558.0, 3217.0, 307225.0, g
12988.0, 10874.0, 2175.0, 749.0, 472.0, 13702.0, -5901.0, 7801.0, 57438.0, 19032.0, g
18719.0, 744.0, 2239.0, 778.0, 476.0, -2493.0, 7464.0, -2728.0, 76831.0, 86241.0, g
18079.0, 10219.0, 2408.0, 652.0, 361.0, 20849.0, 11844.0, 5898.0, 24166.0, 139102.0, g
2081.0, 12186.0, 2431.0, 508.0, 262.0, 28351.0, -8612.0, 4952.0, 581.0, 187384.0, g
28593.0, 19519.0, 2734.0, 317.0, 185.0, -1646.0, -9039.0, -9343.0, 4265.0, 231372.0, g
37464.0, 20234.0, 3002.0, 279.0, 152.0, -12552.0, 1072.0, 14778.0, 6867.0, 167449.0, g
21998.0, 6653.0, 2116.0, 728.0, 418.0, -23292.0, -12665.0, 6653.0, 27974.0, 177286.0, g
33879.0, 13765.0, 2765.0, 313.0, 161.0, 35146.0, -24897.0, -5881.0, 1085.0, 222346.0, g
35804.0, 15604.0, 2524.0, 413.0, 238.0, 2731.0, 28006.0, -816.0, 22478.0, 178469.0, g
92816.0, 36542.0, 3991.0, 165.0, 92.0, -1572.0, 54307.0, -22309.0, 1761.0, 314719.0, g
39101.0, 17806.0, 2998.0, 31.0, 182.0, 20979.0, 38537.0, -10158.0, 4659.0, 227408.0, g
50602.0, 21885.0, 303.0, 248.0, 142.0, 5149.0, 46972.0, -975.0, 21988.0, 294823.0, g
22587.0, 14538.0, 2317.0, 492.0, 296.0, -31663.0, 16167.0, -4383.0, 48751.0, 244633.0, g
82447.0, 35731.0, 292.0, 32.0, 199.0, -15107.0, -61956.0, 35482.0, 765.0, 326658.0, g
30058.0, 24573.0, 3121.0, 338.0, 19.0, 22429.0, 24157.0, -18758.0, 25478.0, 74456.0, g
36945.0, 26173.0, 3106.0, 273.0, 155.0, -13217.0, -33162.0, 19294.0, 5714.0, 169714.0, g
27448.0, 13557.0, 2382.0, 432.0, 255.0, -17279.0, 15503.0, -6639.0, 40505.0, 150175.0, g
2149.0, 13928.0, 2445.0, 628.0, 426.0, -8053.0, -18529.0, 1376.0, 17451.0, 151015.0, g
19919.0, 12909.0, 2426.0, 518.0, 272.0, -11502.0, -6781.0, 59.0, 61162.0, 155463.0, g
44592.0, 14632.0, 272.0, 35.0, 201.0, -53032.0, -24246.0, -10828.0, 6686.0, 183489.0, g
19085.0, 17315.0, 2385.0, 544.0, 291.0, -15039.0, -16303.0, 7302.0, 35354.0, 23426.0, g
22994.0, 16602.0, 2689.0, 448.0, 245.0, 24636.0, -16517.0, 13453.0, 50697.0, 30636.0, g
17102.0, 7406.0, 2237.0, 806.0, 565.0, -1484.0, -4197.0, 4919.0, 9259.0, 181938.0, g
44229.0, 16989.0, 2726.0, 297.0, 195.0, 41131.0, -11749.0, 10283.0, 4862.0, 177245.0, g
20668.0, 1001.0, 2301.0, 595.0, 362.0, -5073.0, 16135.0, -10003.0, 107.0, 102918.0, g
23049.0, 0.0, 2247.0, 736.0, 405.0, 0.0, 0.0, -11249.0, 70399.0, 77448.0, g
82056.0, 31918.0, 3478.0, 278.0, 174.0, 27188.0, 3952.0, 17733.0, 2233.0, 367051.0, g
5095.0, 23836.0, 3179.0, 2.0, 105.0, -10425.0, 42356.0, -21921.0, 13697.0, 257408.0, g
53583.0, 29161.0, 357.0, 161.0, 81.0, 33911.0, 37073.0, -1719.0, 15877.0, 115722.0, g
27821.0, 12946.0, 2668.0, 445.0, 246.0, 7662.0, -19966.0, 11753.0, 2288.0, 12628.0, g
22299.0, 1018.0, 2233.0, 585.0, 33.0, 22719.0, 18837.0, -1104.0, 71198.0, 180764.0, g
16356.0, 11451.0, 2338.0, 601.0, 342.0, 3252.0, -7092.0, -6443.0, 55451.0, 224775.0, g
19386.0, 11281.0, 2416.0, 595.0, 39.0, 711.0, 6346.0, 11517.0, 37454.0, 108484.0, g
31155.0, 13492.0, 2745.0, 443.0, 228.0, 18751.0, 22039.0, -9374.0, 1507.0, 205165.0, g
19738.0, 17228.0, 25.0, 516.0, 293.0, 1844.0, -13127.0, -11706.0, 6843.0, 214804.0, g
133169.0, 2376.0, 3036.0, 269.0, 146.0, 107816.0, 133254.0, -18539.0, 42.0, 238259.0, g
28511.0, 18903.0, 2718.0, 3.0, 154.0, -868.0, -18741.0, 9283.0, 9467.0, 20121.0, g
18757.0, 15379.0, 2647.0, 473.0, 292.0, -2878.0, 659.0, 5771.0, 10657.0, 47631.0, g
50156.0, 17993.0, 287.0, 309.0, 213.0, 33332.0, 3921.0, -14213.0, 507.0, 201085.0, g
36506.0, 21402.0, 3085.0, 292.0, 165.0, 17346.0, 29009.0, -12303.0, 3084.0, 115272.0, g
23405.0, 15839.0, 2456.0, 49.0, 278.0, 10421.0, 17407.0, 14747.0, 48901.0, 198631.0, g
48354.0, 17139.0, 308.0, 298.0, 19.0, 36425.0, 35002.0, -13894.0, 6405.0, 252015.0, g
20699.0, 13687.0, 2474.0, 567.0, 334.0, 21969.0, 16063.0, -3845.0, 85879.0, 161453.0, g
21407.0, 6699.0, 2081.0, 739.0, 452.0, -21216.0, -14852.0, -6359.0, 85756.0, 220761.0, g
2733.0, 18156.0, 2371.0, 413.0, 236.0, 3311.0, 20968.0, 1355.0, 23236.0, 105775.0, g
29221.0, 6644.0, 2274.0, 537.0, 279.0, -10648.0, -13248.0, -2786.0, 3625.0, 120357.0, g
39633.0, 17792.0, 2579.0, 34.0, 176.0, -4777.0, -17729.0, 15975.0, 8817.0, 161913.0, g
2272.0, 10183.0, 2428.0, 567.0, 304.0, -30776.0, 15115.0, -6283.0, 1291.0, 152557.0, g
3952.0, 22916.0, 3235.0, 207.0, 108.0, 30263.0, 28601.0, -8869.0, 45.0, 196732.0, g
64038.0, 24048.0, 3024.0, 209.0, 107.0, 96257.0, 39731.0, 967.0, 187.0, 251885.0, g
18635.0, 1029.0, 2415.0, 585.0, 294.0, 24197.0, 8654.0, -5301.0, 62677.0, 169559.0, g
37537.0, 2217.0, 2857.0, 261.0, 135.0, 28017.0, 30944.0, -19627.0, 23072.0, 207755.0, g
27898.0, 17897.0, 2675.0, 391.0, 263.0, 26374.0, 20756.0, -15518.0, 31268.0, 161149.0, g
29767.0, 19329.0, 2832.0, 315.0, 158.0, -11741.0, 21927.0, -16685.0, 23932.0, 130555.0, g
27617.0, 11783.0, 2459.0, 413.0, 214.0, -8807.0, -9305.0, 6242.0, 3927.0, 201262.0, g
63392.0, 17659.0, 281.0, 33.0, 17.0, 55906.0, 43736.0, 211.0, 11228.0, 2934.0, g
3602.0, 17335.0, 2806.0, 295.0, 151.0, -24279.0, -26308.0, -13022.0, 6399.0, 163225.0, g
47155.0, 17383.0, 2898.0, 273.0, 146.0, -8995.0, -14809.0, 9646.0, 1221.0, 217515.0, g
21169.0, 11129.0, 2336.0, 594.0, 343.0, 14849.0, 18812.0, 446.0, 27298.0, 98495.0, g
89634.0, 32413.0, 3468.0, 195.0, 101.0, 22398.0, 132218.0, 25284.0, 1388.0, 103733.0, g
46824.0, 24711.0, 3065.0, 261.0, 162.0, 23556.0, -10697.0, 18968.0, 977.0, 179865.0, g
12099.0, 37368.0, 3685.0, 141.0, 83.0, -36009.0, 43667.0, 202.0, 7854.0, 323983.0, h
112105.0, 26698.0, 2891.0, 463.0, 287.0, -53004.0, -70665.0, -22114.0, 18402.0, 32471.0, h
124302.0, 15383.0, 2518.0, 515.0, 268.0, -68208.0, -135333.0, -2482.0, 60455.0, 180951.0, h
58855.0, 41351.0, 3049.0, 244.0, 141.0, -22839.0, -22107.0, 28792.0, 887.0, 226626.0, h
33939.0, 11397.0, 2602.0, 42.0, 229.0, 43866.0, 20497.0, -9791.0, 10996.0, 200068.0, h
2133.0, 8242.0, 241.0, 728.0, 422.0, 202.0, 18827.0, -10981.0, 715.0, 225617.0, h
39832.0, 10619.0, 2708.0, 389.0, 204.0, -6808.0, -9126.0, -2684.0, 768.0, 175789.0, h
54212.0, 14381.0, 2839.0, 359.0, 224.0, -4952.0, -37021.0, 6236.0, 28641.0, 11078.0, h
91456.0, 16907.0, 3258.0, 197.0, 99.0, -18751.0, 56593.0, -8181.0, 32984.0, 114641.0, h
58714.0, 22837.0, 2704.0, 543.0, 268.0, -39149.0, -67816.0, -12828.0, 22982.0, 195684.0, h
97038.0, 14247.0, 2394.0, 457.0, 24.0, -120311.0, 55751.0, 7294.0, 65684.0, 2629.0, h
16496.0, 1126.0, 25.0, 58.0, 349.0, 12276.0, -4154.0, -7575.0, 61284.0, 25764.0, h
60541.0, 14235.0, 2917.0, 298.0, 154.0, -59308.0, -11688.0, 2963.0, 87738.0, 139354.0, h
163898.0, 43336.0, 3584.0, 156.0, 88.0, -120434.0, -117601.0, -39051.0, 22192.0, 306628.0, h
13304.0, 803.0, 2558.0, 605.0, 317.0, 21748.0, 21107.0, 3733.0, 46538.0, 190311.0, h
36287.0, 11854.0, 2796.0, 424.0, 241.0, 37615.0, 895.0, 6441.0, 7493.0, 79138.0, h
32222.0, 107.0, 2687.0, 471.0, 254.0, 6283.0, 14764.0, 103.0, 37716.0, 104276.0, h
30562.0, 15654.0, 2904.0, 423.0, 249.0, 13666.0, -12683.0, -11438.0, 887.0, 120372.0, h
34273.0, 12723.0, 2291.0, 445.0, 228.0, 30569.0, -15944.0, 9039.0, 78788.0, 94496.0, h
64414.0, 19306.0, 2686.0, 256.0, 138.0, 77758.0, 714.0, 18054.0, 88532.0, 68015.0, h
27414.0, 5002.0, 2268.0, 569.0, 303.0, -11264.0, -10856.0, 6319.0, 65104.0, 162115.0, h
56989.0, 27813.0, 2704.0, 336.0, 191.0, -6839.0, -4746.0, -30871.0, 85528.0, 76655.0, h
119531.0, 38904.0, 3276.0, 183.0, 98.0, -128558.0, 82752.0, 1521.0, 42045.0, 243105.0, h
6855.0, 6336.0, 3624.0, 224.0, 129.0, 115.0, -103732.0, -3716.0, 64651.0, 298729.0, h
136896.0, 89628.0, 4445.0, 49.0, 27.0, 46054.0, -4069.0, -52157.0, 84614.0, 360736.0, h
67799.0, 38678.0, 315.0, 265.0, 159.0, -43428.0, -50019.0, -22395.0, 78163.0, 200796.0, h
175035.0, 24574.0, 2798.0, 458.0, 237.0, -156917.0, -12691.0, 9576.0, 17664.0, 212146.0, h
24369.0, 15588.0, 2559.0, 425.0, 217.0, -5329.0, -16227.0, 13815.0, 71762.0, 140871.0, h
19798.0, 15464.0, 2454.0, 474.0, 258.0, -5915.0, 17555.0, -94.0, 21142.0, 211217.0, h
3451.0, 10478.0, 282.0, 243.0, 14.0, -20686.0, 24058.0, -7488.0, 43775.0, 176447.0, h
432.0, 8846.0, 2743.0, 449.0, 236.0, 50756.0, 48036.0, 4267.0, 21971.0, 2636.0, h
45699.0, 11545.0, 2546.0, 381.0, 201.0, 19399.0, 15256.0, -2437.0, 40974.0, 189336.0, h
24283.0, 11624.0, 2629.0, 47.0, 248.0, 9007.0, 10559.0, 4406.0, 52921.0, 180825.0, h
180479.0, 129154.0, 4937.0, 21.0, 11.0, -302276.0, -157365.0, -39785.0, 10629.0, 156622.0, h
34411.0, 1112.0, 2733.0, 39.0, 204.0, -26386.0, 13873.0, -6459.0, 43359.0, 86593.0, h
269332.0, 78884.0, 3518.0, 151.0, 83.0, -100582.0, -33178.0, -60516.0, 26195.0, 254639.0, h
129245.0, 36889.0, 3034.0, 287.0, 15.0, -119023.0, -39754.0, 20982.0, 23479.0, 294964.0, h
113066.0, 76922.0, 3796.0, 91.0, 6.0, 112196.0, 97167.0, -5311.0, 86914.0, 285902.0, h
52636.0, 26623.0, 2964.0, 199.0, 111.0, -25771.0, -18962.0, -6478.0, 34356.0, 167136.0, h
255.0, 24306.0, 2783.0, 356.0, 265.0, 6508.0, 15493.0, -1616.0, 28716.0, 121401.0, h
41119.0, 12735.0, 2682.0, 194.0, 117.0, -3076.0, -13309.0, -11279.0, 76562.0, 53132.0, h
22406.0, 1899.0, 2743.0, 334.0, 167.0, 26159.0, 17993.0, 10781.0, 71429.0, 109319.0, h
45337.0, 25692.0, 2868.0, 233.0, 117.0, 2098.0, -3271.0, 15264.0, 61915.0, 90422.0, h
87864.0, 78882.0, 3231.0, 314.0, 198.0, -9213.0, -114677.0, 42366.0, 47695.0, 365864.0, h
144603.0, 76985.0, 2971.0, 23.0, 119.0, -136744.0, 121749.0, -39314.0, 39693.0, 205318.0, h
120942.0, 74732.0, 3918.0, 78.0, 34.0, -8072.0, -33809.0, -6678.0, 3801.0, 245639.0, h
48322.0, 6852.0, 2828.0, 429.0, 261.0, -3921.0, 27525.0, 312.0, 56238.0, 185012.0, h
185968.0, 46393.0, 3161.0, 265.0, 124.0, -201131.0, -158574.0, 36312.0, 58346.0, 292593.0, h
26749.0, 15748.0, 2538.0, 405.0, 239.0, 36838.0, 10562.0, -14773.0, 4768.0, 235199.0, h
24496.0, 17299.0, 2483.0, 434.0, 245.0, -19219.0, -13704.0, 9183.0, 1675.0, 237182.0, h
26892.0, 14247.0, 2323.0, 513.0, 278.0, 35768.0, -9932.0, -14506.0, 594.0, 114594.0, h
7848.0, 59132.0, 351.0, 227.0, 105.0, 30485.0, -55532.0, 28284.0, 27893.0, 37248.0, h
33725.0, 11865.0, 2563.0, 529.0, 294.0, 5478.0, 23815.0, 9023.0, 57297.0, 267952.0, h
2686.0, 9667.0, 2502.0, 583.0, 348.0, 6342.0, 1906.0, 1135.0, 7149.0, 135442.0, h
84814.0, 38359.0, 351.0, 211.0, 128.0, -104066.0, -57709.0, -26674.0, 579.0, 323376.0, h
23326.0, 5202.0, 229.0, 781.0, 435.0, 34495.0, 11571.0, -4179.0, 53869.0, 188348.0, h
48045.0, 4612.0, 2876.0, 409.0, 221.0, 34051.0, 24311.0, 4253.0, 40795.0, 166456.0, h
33456.0, 30502.0, 2863.0, 438.0, 266.0, 29872.0, 24819.0, -9653.0, 6725.0, 179527.0, h
186792.0, 25899.0, 2793.0, 345.0, 192.0, -174048.0, -82191.0, -19329.0, 32506.0, 15705.0, h
173776.0, 50778.0, 3554.0, 15.0, 94.0, -191262.0, -32501.0, -53388.0, 30788.0, 203375.0, h
13612.0, 89005.0, 414.0, 85.0, 46.0, 36707.0, 9468.0, 67067.0, 67661.0, 365658.0, h
18711.0, 9992.0, 2326.0, 604.0, 337.0, 419.0, -5001.0, -6224.0, 57.0, 19275.0, h
105307.0, 39156.0, 2757.0, 301.0, 162.0, 44412.0, 132093.0, -3679.0, 89923.0, 237571.0, h
23884.0, 9846.0, 2146.0, 566.0, 315.0, 1274.0, 25349.0, -2844.0, 4342.0, 127988.0, h
10142.0, 18752.0, 3192.0, 175.0, 99.0, 49151.0, 2375.0, 10902.0, 71094.0, 249632.0, h
182474.0, 37171.0, 2986.0, 262.0, 184.0, -265005.0, 172535.0, 7672.0, 14391.0, 139686.0, h
1787.0, 15087.0, 237.0, 497.0, 312.0, 16574.0, 27334.0, 561.0, 19995.0, 180586.0, h
147318.0, 2353.0, 264.0, 45.0, 26.0, 96187.0, 143681.0, -16327.0, 15957.0, 152734.0, h
2684.0, 15845.0, 2394.0, 426.0, 277.0, 24323.0, 21358.0, -5129.0, 19368.0, 216973.0, h
38017.0, 27932.0, 3002.0, 181.0, 92.0, -10946.0, -59.0, -13323.0, 67724.0, 225964.0, h
18412.0, 10534.0, 2569.0, 539.0, 287.0, -2423.0, -8452.0, -2629.0, 26715.0, 234499.0, h
22174.0, 9614.0, 2372.0, 518.0, 316.0, 3871.0, 17897.0, -2188.0, 21884.0, 198515.0, h
183808.0, 68418.0, 3482.0, 197.0, 103.0, -149812.0, -16174.0, -49725.0, 54467.0, 333511.0, h
138347.0, 115051.0, 3494.0, 1.0, 51.0, -25636.0, -78349.0, 130494.0, 84652.0, 217354.0, h
22338.0, 11821.0, 2351.0, 521.0, 327.0, 26175.0, 12423.0, -10483.0, 79532.0, 236446.0, h
49019.0, 8472.0, 245.0, 494.0, 268.0, 17334.0, 33327.0, 6951.0, 18263.0, 194068.0, h
59783.0, 12779.0, 3009.0, 326.0, 175.0, -24558.0, 41176.0, -3021.0, 59.0, 192864.0, h
21751.0, 12515.0, 2489.0, 588.0, 29.0, 17933.0, 23483.0, -8408.0, 84968.0, 22033.0, h
26585.0, 12371.0, 2695.0, 517.0, 322.0, -232.0, -17869.0, -961.0, 68679.0, 189644.0, h
13125.0, 966.0, 2289.0, 823.0, 553.0, 1158.0, 898.0, -10336.0, 32286.0, 148092.0, h
79107.0, 33344.0, 3051.0, 245.0, 131.0, 54225.0, 76268.0, 16728.0, 21683.0, 122771.0, h
32505.0, 16501.0, 2794.0, 335.0, 244.0, 19258.0, 23901.0, 7714.0, 6481.0, 161844.0, h
107625.0, 9761.0, 3444.0, 195.0, 122.0, 52451.0, 114739.0, -61743.0, 46812.0, 304342.0, h
6597.0, 17149.0, 3195.0, 243.0, 123.0, 40894.0, 38786.0, -2057.0, 56941.0, 142484.0, h
30818.0, 15477.0, 2594.0, 377.0, 215.0, 1982.0, 19275.0, 11885.0, 38123.0, 199145.0, h
24292.0, 11895.0, 2622.0, 554.0, 3.0, -4005.0, 7674.0, 2599.0, 37132.0, 254091.0, h
41672.0, 15765.0, 2631.0, 424.0, 246.0, -1994.0, 22856.0, 12977.0, 75423.0, 172123.0, h
20385.0, 1144.0, 2406.0, 639.0, 457.0, 12557.0, 20634.0, -9776.0, 32858.0, 242619.0, h
47181.0, 36106.0, 3388.0, 175.0, 86.0, 2206.0, 4596.0, 11924.0, 458.0, 246882.0, h
94867.0, 62279.0, 3683.0, 9.0, 64.0, -15343.0, 57471.0, 51395.0, 167.0, 281308.0, h
31207.0, 20035.0, 2814.0, 287.0, 16.0, -259.0, 20591.0, 14666.0, 39385.0, 162195.0, h
45753.0, 17987.0, 2752.0, 29.0, 146.0, -879.0, -828.0, -12295.0, 114.0, 156401.0, h
53854.0, 25302.0, 2971.0, 26.0, 14.0, 17491.0, 30341.0, 27604.0, 77226.0, 250126.0, h
155683.0, 86743.0, 3709.0, 115.0, 61.0, 97918.0, -147471.0, 57294.0, 89028.0, 331552.0, h
22587.0, 15679.0, 256.0, 489.0, 265.0, -3224.0, -287.0, 7846.0, 59434.0, 153701.0, h
21464.0, 15602.0, 2775.0, 428.0, 232.0, 23879.0, 16708.0, 9193.0, 8235.0, 113944.0, h
73955.0, 10378.0, 2989.0, 287.0, 152.0, 32365.0, 43239.0, -7297.0, 33041.0, 176772.0, h
114791.0, 32372.0, 2886.0, 302.0, 176.0, 63768.0, 115441.0, 26409.0, 19406.0, 257969.0, h
48965.0, 17428.0, 2992.0, 281.0, 174.0, -32789.0, 15258.0, 8652.0, 61921.0, 151411.0, h
57236.0, 849.0, 2734.0, 371.0, 227.0, -318.0, 2843.0, -2471.0, 51543.0, 129222.0, h
98212.0, 88303.0, 3702.0, 166.0, 86.0, 83315.0, 83096.0, 62628.0, 53102.0, 392144.0, h
84856.0, 45281.0, 3363.0, 251.0, 135.0, -38565.0, -69831.0, 1097.0, 19928.0, 278961.0, h
1959.0, 1204.0, 2322.0, 652.0, 35.0, 8008.0, 20162.0, -8665.0, 84112.0, 172357.0, h
73769.0, 10677.0, 3132.0, 218.0, 116.0, 39724.0, 56231.0, 11769.0, 25274.0, 170239.0, h
229452.0, 41048.0, 3712.0, 73.0, 43.0, -223369.0, -75866.0, 9487.0, 16809.0, 121951.0, h
5398.0, 12985.0, 2914.0, 283.0, 146.0, 13493.0, 37326.0, 278.0, 18327.0, 1485.0, h
25731.0, 7547.0, 2748.0, 494.0, 294.0, 15905.0, 1212.0, 1223.0, 49506.0, 9449.0, h
41877.0, 19086.0, 29.0, 312.0, 163.0, -45698.0, -35059.0, -10078.0, 54952.0, 207601.0, h
34636.0, 15468.0, 2611.0, 451.0, 24.0, -48838.0, 7012.0, -9434.0, 4475.0, 124112.0, h
37179.0, 8088.0, 2581.0, 552.0, 285.0, 6744.0, 8002.0, -9.0, 58245.0, 136002.0, h
33416.0, 29174.0, 2881.0, 323.0, 17.0, 15588.0, 43066.0, -20592.0, 30396.0, 267724.0, h
32134.0, 15731.0, 2741.0, 336.0, 19.0, -2973.0, 22323.0, 10092.0, 15817.0, 228861.0, h
112174.0, 982.0, 2504.0, 475.0, 235.0, -91759.0, -122025.0, 6804.0, 86738.0, 243594.0, h
22033.0, 9582.0, 25.0, 667.0, 355.0, 13671.0, -10203.0, 6627.0, 55545.0, 63957.0, h
23891.0, 11447.0, 2535.0, 561.0, 296.0, 9808.0, 21916.0, -5355.0, 47862.0, 121409.0, h
149959.0, 87862.0, 3536.0, 133.0, 73.0, 169982.0, 103347.0, 37974.0, 88.0, 254018.0, h
19391.0, 10145.0, 2273.0, 508.0, 29.0, -23396.0, -19712.0, 9455.0, 86463.0, 77084.0, h
85965.0, 59782.0, 3198.0, 225.0, 119.0, -173393.0, 93512.0, -18139.0, 17524.0, 20173.0, h
139558.0, 53168.0, 3357.0, 161.0, 9.0, 159907.0, 99474.0, -56204.0, 2825.0, 237166.0, h
16074.0, 7138.0, 2368.0, 392.0, 22.0, -2054.0, 18711.0, -7479.0, 22455.0, 138491.0, h
36854.0, 8856.0, 2436.0, 5.0, 279.0, -11931.0, -15991.0, 1474.0, 45349.0, 162335.0, h
113445.0, 24161.0, 325.0, 164.0, 86.0, -83766.0, -47154.0, -17801.0, 71822.0, 261529.0, h
41851.0, 17859.0, 2798.0, 282.0, 149.0, 6617.0, -20358.0, 11096.0, 8905.0, 232853.0, h
52502.0, 9583.0, 2946.0, 364.0, 208.0, 10671.0, 36184.0, 7356.0, 32658.0, 195911.0, h
30114.0, 11456.0, 2323.0, 577.0, 341.0, 56966.0, 44053.0, 17406.0, 56146.0, 254562.0, h
45637.0, 16565.0, 3012.0, 282.0, 146.0, -41296.0, -36327.0, -12944.0, 77811.0, 244884.0, h
92489.0, 25766.0, 3256.0, 14.0, 87.0, -24098.0, 43121.0, 19399.0, 58469.0, 171254.0, h
16916.0, 6177.0, 2444.0, 574.0, 311.0, 6707.0, 1575.0, -4421.0, 2378.0, 102654.0, h
23887.0, 18712.0, 2684.0, 414.0, 192.0, -13737.0, 18908.0, -8144.0, 35464.0, 58459.0, h
118009.0, 77918.0, 3234.0, 334.0, 201.0, -31816.0, -156455.0, 52158.0, 37906.0, 35069.0, h
21124.0, 15453.0, 2418.0, 439.0, 246.0, -22225.0, -13878.0, 533.0, 88312.0, 215187.0, h
44795.0, 8694.0, 2922.0, 419.0, 218.0, 22475.0, 13318.0, 7088.0, 86577.0, 10952.0, h
133495.0, 40163.0, 3305.0, 117.0, 6.0, 84171.0, -81332.0, -3105.0, 28146.0, 319373.0, h
28945.0, 6702.0, 2267.0, 535.0, 278.0, 37082.0, 13185.0, -2963.0, 86798.0, 247456.0, h
